id,project,test_class,test_name,test_file_path,focal_file_path,focal_class,focal_package,oracle_type,junit_version
conf_1_1,commons-configuration2-2.8.0-src,TestAbstractConfigurationBasicFeatures,testAppend_1_oe,src/test/java/org/apache/commons/configuration2/TestAbstractConfigurationBasicFeatures.java,,,,assert,unknown
conf_1_2,commons-configuration2-2.8.0-src,TestAbstractConfigurationBasicFeatures,testAppend_2_oe,src/test/java/org/apache/commons/configuration2/TestAbstractConfigurationBasicFeatures.java,,,,assert,unknown
conf_1_3,commons-configuration2-2.8.0-src,TestAbstractConfigurationBasicFeatures,testAppend_3_oe,src/test/java/org/apache/commons/configuration2/TestAbstractConfigurationBasicFeatures.java,,,,assert,unknown
conf_1_4,commons-configuration2-2.8.0-src,TestAbstractConfigurationBasicFeatures,testAppend_4_oe,src/test/java/org/apache/commons/configuration2/TestAbstractConfigurationBasicFeatures.java,,,,assert,unknown
conf_2_1,commons-configuration2-2.8.0-src,TestAbstractConfigurationBasicFeatures,testAppendDelimiterHandling_1_oe,src/test/java/org/apache/commons/configuration2/TestAbstractConfigurationBasicFeatures.java,,,,assert,unknown
conf_3_1,commons-configuration2-2.8.0-src,TestAbstractConfigurationBasicFeatures,testClearIteratorNoRemove_1_oe,src/test/java/org/apache/commons/configuration2/TestAbstractConfigurationBasicFeatures.java,,,,assert,unknown
conf_4_1,commons-configuration2-2.8.0-src,TestAbstractConfigurationBasicFeatures,testCopy_1_oe,src/test/java/org/apache/commons/configuration2/TestAbstractConfigurationBasicFeatures.java,,,,assert,unknown
conf_4_2,commons-configuration2-2.8.0-src,TestAbstractConfigurationBasicFeatures,testCopy_2_oe,src/test/java/org/apache/commons/configuration2/TestAbstractConfigurationBasicFeatures.java,,,,assert,unknown
conf_5_1,commons-configuration2-2.8.0-src,TestAbstractConfigurationBasicFeatures,testCopyDelimiterHandling_1_oe,src/test/java/org/apache/commons/configuration2/TestAbstractConfigurationBasicFeatures.java,,,,assert,unknown
conf_6_1,commons-configuration2-2.8.0-src,TestAbstractConfigurationBasicFeatures,testDefaultConversionHandler_1_oe,src/test/java/org/apache/commons/configuration2/TestAbstractConfigurationBasicFeatures.java,,,,assert,unknown
conf_7_1,commons-configuration2-2.8.0-src,TestAbstractConfigurationBasicFeatures,testDefaultConversionHandlerSharedInstance_1_oe,src/test/java/org/apache/commons/configuration2/TestAbstractConfigurationBasicFeatures.java,,,,assert,unknown
conf_8_1,commons-configuration2-2.8.0-src,TestAbstractConfigurationBasicFeatures,testDefaultListDelimiterHandler_1_oe,src/test/java/org/apache/commons/configuration2/TestAbstractConfigurationBasicFeatures.java,,,,assert,unknown
conf_9_1,commons-configuration2-2.8.0-src,TestAbstractConfigurationBasicFeatures,testGet_1_oe,src/test/java/org/apache/commons/configuration2/TestAbstractConfigurationBasicFeatures.java,,,,assert,unknown
conf_10_1,commons-configuration2-2.8.0-src,TestAbstractConfigurationBasicFeatures,testGetArray_1_oe,src/test/java/org/apache/commons/configuration2/TestAbstractConfigurationBasicFeatures.java,,,,assert,unknown
conf_11_1,commons-configuration2-2.8.0-src,TestAbstractConfigurationBasicFeatures,testGetArrayPrimitive_1_oe,src/test/java/org/apache/commons/configuration2/TestAbstractConfigurationBasicFeatures.java,,,,assert,unknown
conf_12_1,commons-configuration2-2.8.0-src,TestAbstractConfigurationBasicFeatures,testGetArrayUnknownNoDefault_1_oe,src/test/java/org/apache/commons/configuration2/TestAbstractConfigurationBasicFeatures.java,,,,assert,unknown
conf_13_1,commons-configuration2-2.8.0-src,TestAbstractConfigurationBasicFeatures,testGetArrayUnknownWithDefault_1_oe,src/test/java/org/apache/commons/configuration2/TestAbstractConfigurationBasicFeatures.java,,,,assert,unknown
conf_14_1,commons-configuration2-2.8.0-src,TestAbstractConfigurationBasicFeatures,testGetCollection_1_oe,src/test/java/org/apache/commons/configuration2/TestAbstractConfigurationBasicFeatures.java,,,,assert,unknown
conf_14_2,commons-configuration2-2.8.0-src,TestAbstractConfigurationBasicFeatures,testGetCollection_2_oe,src/test/java/org/apache/commons/configuration2/TestAbstractConfigurationBasicFeatures.java,,,,assert,unknown
conf_15_1,commons-configuration2-2.8.0-src,TestAbstractConfigurationBasicFeatures,testGetCollectionNullTarget_1_oe,src/test/java/org/apache/commons/configuration2/TestAbstractConfigurationBasicFeatures.java,,,,assert,unknown
conf_16_1,commons-configuration2-2.8.0-src,TestAbstractConfigurationBasicFeatures,testGetCollectionSingleValue_1_oe,src/test/java/org/apache/commons/configuration2/TestAbstractConfigurationBasicFeatures.java,,,,assert,unknown
conf_16_2,commons-configuration2-2.8.0-src,TestAbstractConfigurationBasicFeatures,testGetCollectionSingleValue_2_oe,src/test/java/org/apache/commons/configuration2/TestAbstractConfigurationBasicFeatures.java,,,,assert,unknown
conf_17_1,commons-configuration2-2.8.0-src,TestAbstractConfigurationBasicFeatures,testGetCollectionUnknownNoDefault_1_oe,src/test/java/org/apache/commons/configuration2/TestAbstractConfigurationBasicFeatures.java,,,,assert,unknown
conf_17_2,commons-configuration2-2.8.0-src,TestAbstractConfigurationBasicFeatures,testGetCollectionUnknownNoDefault_2_oe,src/test/java/org/apache/commons/configuration2/TestAbstractConfigurationBasicFeatures.java,,,,assert,unknown
conf_18_1,commons-configuration2-2.8.0-src,TestAbstractConfigurationBasicFeatures,testGetCollectionUnknownWithDefault_1_oe,src/test/java/org/apache/commons/configuration2/TestAbstractConfigurationBasicFeatures.java,,,,assert,unknown
conf_19_1,commons-configuration2-2.8.0-src,TestAbstractConfigurationBasicFeatures,testGetEncodedStringNoValue_1_oe,src/test/java/org/apache/commons/configuration2/TestAbstractConfigurationBasicFeatures.java,,,,assert,unknown
conf_20_1,commons-configuration2-2.8.0-src,TestAbstractConfigurationBasicFeatures,testGetEncodedStringValue_1_oe,src/test/java/org/apache/commons/configuration2/TestAbstractConfigurationBasicFeatures.java,,,,assert,unknown
conf_21_1,commons-configuration2-2.8.0-src,TestAbstractConfigurationBasicFeatures,testGetEncodedStringWithDefaultDecoder_1_oe,src/test/java/org/apache/commons/configuration2/TestAbstractConfigurationBasicFeatures.java,,,,assert,unknown
conf_22_1,commons-configuration2-2.8.0-src,TestAbstractConfigurationBasicFeatures,testGetList_1_oe,src/test/java/org/apache/commons/configuration2/TestAbstractConfigurationBasicFeatures.java,,,,assert,unknown
conf_23_1,commons-configuration2-2.8.0-src,TestAbstractConfigurationBasicFeatures,testGetListUnknownNoDefault_1_oe,src/test/java/org/apache/commons/configuration2/TestAbstractConfigurationBasicFeatures.java,,,,assert,unknown
conf_24_1,commons-configuration2-2.8.0-src,TestAbstractConfigurationBasicFeatures,testGetListUnknownWithDefault_1_oe,src/test/java/org/apache/commons/configuration2/TestAbstractConfigurationBasicFeatures.java,,,,assert,unknown
conf_25_1,commons-configuration2-2.8.0-src,TestAbstractConfigurationBasicFeatures,testGetStringArrayUnknown_1_oe,src/test/java/org/apache/commons/configuration2/TestAbstractConfigurationBasicFeatures.java,,,,assert,unknown
conf_26_1,commons-configuration2-2.8.0-src,TestAbstractConfigurationBasicFeatures,testGetUnknownNoDefaultValue_1_oe,src/test/java/org/apache/commons/configuration2/TestAbstractConfigurationBasicFeatures.java,,,,assert,unknown
conf_27_1,commons-configuration2-2.8.0-src,TestAbstractConfigurationBasicFeatures,testGetUnknownWithDefaultValue_1_oe,src/test/java/org/apache/commons/configuration2/TestAbstractConfigurationBasicFeatures.java,,,,assert,unknown
conf_28_1,commons-configuration2-2.8.0-src,TestAbstractConfigurationBasicFeatures,testGetUnownWithDefaultValueThrowExceptionOnMissing_1_oe,src/test/java/org/apache/commons/configuration2/TestAbstractConfigurationBasicFeatures.java,,,,assert,unknown
conf_29_1,commons-configuration2-2.8.0-src,TestAbstractConfigurationBasicFeatures,testInstallInterpolatorNull_1_oe,src/test/java/org/apache/commons/configuration2/TestAbstractConfigurationBasicFeatures.java,,,,assert,unknown
conf_29_2,commons-configuration2-2.8.0-src,TestAbstractConfigurationBasicFeatures,testInstallInterpolatorNull_2_oe,src/test/java/org/apache/commons/configuration2/TestAbstractConfigurationBasicFeatures.java,,,,assert,unknown
conf_29_3,commons-configuration2-2.8.0-src,TestAbstractConfigurationBasicFeatures,testInstallInterpolatorNull_3_oe,src/test/java/org/apache/commons/configuration2/TestAbstractConfigurationBasicFeatures.java,,,,assert,unknown
conf_30_1,commons-configuration2-2.8.0-src,TestAbstractConfigurationBasicFeatures,testInterpolateArray_1_oe,src/test/java/org/apache/commons/configuration2/TestAbstractConfigurationBasicFeatures.java,,,,assert,unknown
conf_31_1,commons-configuration2-2.8.0-src,TestAbstractConfigurationBasicFeatures,testInterpolateEscape_1_oe,src/test/java/org/apache/commons/configuration2/TestAbstractConfigurationBasicFeatures.java,,,,assert,unknown
conf_32_1,commons-configuration2-2.8.0-src,TestAbstractConfigurationBasicFeatures,testInterpolateList_1_oe,src/test/java/org/apache/commons/configuration2/TestAbstractConfigurationBasicFeatures.java,,,,assert,unknown
conf_33_1,commons-configuration2-2.8.0-src,TestAbstractConfigurationBasicFeatures,testInterpolateRecursive_1_oe,src/test/java/org/apache/commons/configuration2/TestAbstractConfigurationBasicFeatures.java,,,,assert,unknown
conf_34_1,commons-configuration2-2.8.0-src,TestAbstractConfigurationBasicFeatures,testInterpolateString_1_oe,src/test/java/org/apache/commons/configuration2/TestAbstractConfigurationBasicFeatures.java,,,,assert,unknown
conf_35_1,commons-configuration2-2.8.0-src,TestAbstractConfigurationBasicFeatures,testInterpolateStringWithListVariable_1_oe,src/test/java/org/apache/commons/configuration2/TestAbstractConfigurationBasicFeatures.java,,,,assert,unknown
conf_36_1,commons-configuration2-2.8.0-src,TestAbstractConfigurationBasicFeatures,testInterpolationNoInterpolator_1_oe,src/test/java/org/apache/commons/configuration2/TestAbstractConfigurationBasicFeatures.java,,,,assert,unknown
conf_37_1,commons-configuration2-2.8.0-src,TestAbstractConfigurationBasicFeatures,testInterpolationUnknownVariable_1_oe,src/test/java/org/apache/commons/configuration2/TestAbstractConfigurationBasicFeatures.java,,,,assert,unknown
conf_38_1,commons-configuration2-2.8.0-src,TestAbstractConfigurationBasicFeatures,testNestedVariableInterpolation_1_oe,src/test/java/org/apache/commons/configuration2/TestAbstractConfigurationBasicFeatures.java,,,,assert,unknown
conf_39_1,commons-configuration2-2.8.0-src,TestAbstractConfigurationBasicFeatures,testSetDefaultConversionHandler_1_oe,src/test/java/org/apache/commons/configuration2/TestAbstractConfigurationBasicFeatures.java,,,,assert,unknown
conf_40_1,commons-configuration2-2.8.0-src,TestAbstractConfigurationBasicFeatures,testSetDefaultLookupsExistingInterpolator_1_oe,src/test/java/org/apache/commons/configuration2/TestAbstractConfigurationBasicFeatures.java,,,,assert,unknown
conf_40_2,commons-configuration2-2.8.0-src,TestAbstractConfigurationBasicFeatures,testSetDefaultLookupsExistingInterpolator_2_oe,src/test/java/org/apache/commons/configuration2/TestAbstractConfigurationBasicFeatures.java,,,,assert,unknown
conf_40_3,commons-configuration2-2.8.0-src,TestAbstractConfigurationBasicFeatures,testSetDefaultLookupsExistingInterpolator_3_oe,src/test/java/org/apache/commons/configuration2/TestAbstractConfigurationBasicFeatures.java,,,,assert,unknown
conf_41_1,commons-configuration2-2.8.0-src,TestAbstractConfigurationBasicFeatures,testSetDefaultLookupsNoInterpolator_1_oe,src/test/java/org/apache/commons/configuration2/TestAbstractConfigurationBasicFeatures.java,,,,assert,unknown
conf_41_2,commons-configuration2-2.8.0-src,TestAbstractConfigurationBasicFeatures,testSetDefaultLookupsNoInterpolator_2_oe,src/test/java/org/apache/commons/configuration2/TestAbstractConfigurationBasicFeatures.java,,,,assert,unknown
conf_41_3,commons-configuration2-2.8.0-src,TestAbstractConfigurationBasicFeatures,testSetDefaultLookupsNoInterpolator_3_oe,src/test/java/org/apache/commons/configuration2/TestAbstractConfigurationBasicFeatures.java,,,,assert,unknown
conf_42_1,commons-configuration2-2.8.0-src,TestAbstractConfigurationBasicFeatures,testSetParentInterpolatorExistingInterpolator_1_oe,src/test/java/org/apache/commons/configuration2/TestAbstractConfigurationBasicFeatures.java,,,,assert,unknown
conf_42_2,commons-configuration2-2.8.0-src,TestAbstractConfigurationBasicFeatures,testSetParentInterpolatorExistingInterpolator_2_oe,src/test/java/org/apache/commons/configuration2/TestAbstractConfigurationBasicFeatures.java,,,,assert,unknown
conf_43_1,commons-configuration2-2.8.0-src,TestAbstractConfigurationBasicFeatures,testSetParentInterpolatorNoInterpolator_1_oe,src/test/java/org/apache/commons/configuration2/TestAbstractConfigurationBasicFeatures.java,,,,assert,unknown
conf_44_1,commons-configuration2-2.8.0-src,TestAbstractConfigurationBasicFeatures,testSetPrefixLookupsExistingInterpolator_1_oe,src/test/java/org/apache/commons/configuration2/TestAbstractConfigurationBasicFeatures.java,,,,assert,unknown
conf_44_2,commons-configuration2-2.8.0-src,TestAbstractConfigurationBasicFeatures,testSetPrefixLookupsExistingInterpolator_2_oe,src/test/java/org/apache/commons/configuration2/TestAbstractConfigurationBasicFeatures.java,,,,assert,unknown
conf_45_1,commons-configuration2-2.8.0-src,TestAbstractConfigurationBasicFeatures,testSetPrefixLookupsNoInterpolator_1_oe,src/test/java/org/apache/commons/configuration2/TestAbstractConfigurationBasicFeatures.java,,,,assert,unknown
conf_45_2,commons-configuration2-2.8.0-src,TestAbstractConfigurationBasicFeatures,testSetPrefixLookupsNoInterpolator_2_oe,src/test/java/org/apache/commons/configuration2/TestAbstractConfigurationBasicFeatures.java,,,,assert,unknown
conf_46_1,commons-configuration2-2.8.0-src,TestAbstractConfigurationBasicFeatures,testSizeInternal_1_oe,src/test/java/org/apache/commons/configuration2/TestAbstractConfigurationBasicFeatures.java,,,,assert,unknown
conf_47_1,commons-configuration2-2.8.0-src,TestEnvironmentConfiguration,testInit_1_oe,src/test/java/org/apache/commons/configuration2/TestEnvironmentConfiguration.java,,,,assert,unknown
conf_47_2,commons-configuration2-2.8.0-src,TestEnvironmentConfiguration,testInit_2_oe,src/test/java/org/apache/commons/configuration2/TestEnvironmentConfiguration.java,,,,assert,unknown
conf_47_3,commons-configuration2-2.8.0-src,TestEnvironmentConfiguration,testInit_3_oe,src/test/java/org/apache/commons/configuration2/TestEnvironmentConfiguration.java,,,,assert,unknown
conf_47_4,commons-configuration2-2.8.0-src,TestEnvironmentConfiguration,testInit_4_oe,src/test/java/org/apache/commons/configuration2/TestEnvironmentConfiguration.java,,,,assert,unknown
conf_48_1,commons-configuration2-2.8.0-src,TestHierarchicalConfiguration,testChildConfigurationsAtNotFound_1_oe,src/test/java/org/apache/commons/configuration2/TestHierarchicalConfiguration.java,,,,assert,unknown
conf_49_1,commons-configuration2-2.8.0-src,TestHierarchicalConfiguration,testChildConfigurationsAtNoUniqueKey_1_oe,src/test/java/org/apache/commons/configuration2/TestHierarchicalConfiguration.java,,,,assert,unknown
conf_50_1,commons-configuration2-2.8.0-src,TestHierarchicalConfiguration,testClone_1_oe,src/test/java/org/apache/commons/configuration2/TestHierarchicalConfiguration.java,,,,assert,unknown
conf_51_1,commons-configuration2-2.8.0-src,TestHierarchicalConfiguration,testConfigurationAtClearAndDetach_1_oe,src/test/java/org/apache/commons/configuration2/TestHierarchicalConfiguration.java,,,,assert,unknown
conf_51_2,commons-configuration2-2.8.0-src,TestHierarchicalConfiguration,testConfigurationAtClearAndDetach_2_oe,src/test/java/org/apache/commons/configuration2/TestHierarchicalConfiguration.java,,,,assert,unknown
conf_51_3,commons-configuration2-2.8.0-src,TestHierarchicalConfiguration,testConfigurationAtClearAndDetach_3_oe,src/test/java/org/apache/commons/configuration2/TestHierarchicalConfiguration.java,,,,assert,unknown
conf_52_1,commons-configuration2-2.8.0-src,TestHierarchicalConfiguration,testConfigurationAtReadAccess_1_oe,src/test/java/org/apache/commons/configuration2/TestHierarchicalConfiguration.java,,,,assert,unknown
conf_52_2,commons-configuration2-2.8.0-src,TestHierarchicalConfiguration,testConfigurationAtReadAccess_2_oe,src/test/java/org/apache/commons/configuration2/TestHierarchicalConfiguration.java,,,,assert,unknown
conf_52_3,commons-configuration2-2.8.0-src,TestHierarchicalConfiguration,testConfigurationAtReadAccess_3_oe,src/test/java/org/apache/commons/configuration2/TestHierarchicalConfiguration.java,,,,assert,unknown
conf_53_1,commons-configuration2-2.8.0-src,TestHierarchicalConfiguration,testConfigurationAtUpdateParentConnected_1_oe,src/test/java/org/apache/commons/configuration2/TestHierarchicalConfiguration.java,,,,assert,unknown
conf_54_1,commons-configuration2-2.8.0-src,TestHierarchicalConfiguration,testConfigurationAtUpdateParentIndependent_1_oe,src/test/java/org/apache/commons/configuration2/TestHierarchicalConfiguration.java,,,,assert,unknown
conf_55_1,commons-configuration2-2.8.0-src,TestHierarchicalConfiguration,testConfigurationAtUpdateSubConfigConnected_1_oe,src/test/java/org/apache/commons/configuration2/TestHierarchicalConfiguration.java,,,,assert,unknown
conf_56_1,commons-configuration2-2.8.0-src,TestHierarchicalConfiguration,testConfigurationAtUpdateSubConfigIndependent_1_oe,src/test/java/org/apache/commons/configuration2/TestHierarchicalConfiguration.java,,,,assert,unknown
conf_56_2,commons-configuration2-2.8.0-src,TestHierarchicalConfiguration,testConfigurationAtUpdateSubConfigIndependent_2_oe,src/test/java/org/apache/commons/configuration2/TestHierarchicalConfiguration.java,,,,assert,unknown
conf_57_1,commons-configuration2-2.8.0-src,TestHierarchicalConfiguration,testConfigurationAtWithUpdateInitialized_1_oe,src/test/java/org/apache/commons/configuration2/TestHierarchicalConfiguration.java,,,,assert,unknown
conf_57_2,commons-configuration2-2.8.0-src,TestHierarchicalConfiguration,testConfigurationAtWithUpdateInitialized_2_oe,src/test/java/org/apache/commons/configuration2/TestHierarchicalConfiguration.java,,,,assert,unknown
conf_58_1,commons-configuration2-2.8.0-src,TestHierarchicalConfiguration,testConfigurationsAtAttributeKey_1_oe,src/test/java/org/apache/commons/configuration2/TestHierarchicalConfiguration.java,,,,assert,unknown
conf_59_1,commons-configuration2-2.8.0-src,TestHierarchicalConfiguration,testConfigurationsAtEmpty_1_oe,src/test/java/org/apache/commons/configuration2/TestHierarchicalConfiguration.java,,,,assert,unknown
conf_60_1,commons-configuration2-2.8.0-src,TestHierarchicalConfiguration,testImmutableChildConfigurationsAt_1_oe,src/test/java/org/apache/commons/configuration2/TestHierarchicalConfiguration.java,,,,assert,unknown
conf_60_2,commons-configuration2-2.8.0-src,TestHierarchicalConfiguration,testImmutableChildConfigurationsAt_2_oe,src/test/java/org/apache/commons/configuration2/TestHierarchicalConfiguration.java,,,,assert,unknown
conf_60_3,commons-configuration2-2.8.0-src,TestHierarchicalConfiguration,testImmutableChildConfigurationsAt_3_oe,src/test/java/org/apache/commons/configuration2/TestHierarchicalConfiguration.java,,,,assert,unknown
conf_60_4,commons-configuration2-2.8.0-src,TestHierarchicalConfiguration,testImmutableChildConfigurationsAt_4_oe,src/test/java/org/apache/commons/configuration2/TestHierarchicalConfiguration.java,,,,assert,unknown
conf_60_5,commons-configuration2-2.8.0-src,TestHierarchicalConfiguration,testImmutableChildConfigurationsAt_5_oe,src/test/java/org/apache/commons/configuration2/TestHierarchicalConfiguration.java,,,,assert,unknown
conf_61_1,commons-configuration2-2.8.0-src,TestHierarchicalConfiguration,testImmutableConfigurationAt_1_oe,src/test/java/org/apache/commons/configuration2/TestHierarchicalConfiguration.java,,,,assert,unknown
conf_61_2,commons-configuration2-2.8.0-src,TestHierarchicalConfiguration,testImmutableConfigurationAt_2_oe,src/test/java/org/apache/commons/configuration2/TestHierarchicalConfiguration.java,,,,assert,unknown
conf_61_3,commons-configuration2-2.8.0-src,TestHierarchicalConfiguration,testImmutableConfigurationAt_3_oe,src/test/java/org/apache/commons/configuration2/TestHierarchicalConfiguration.java,,,,assert,unknown
conf_62_1,commons-configuration2-2.8.0-src,TestHierarchicalConfiguration,testImmutableConfigurationAtSupportUpdates_1_oe,src/test/java/org/apache/commons/configuration2/TestHierarchicalConfiguration.java,,,,assert,unknown
conf_63_1,commons-configuration2-2.8.0-src,TestHierarchicalConfiguration,testInitCopyNull_1_oe,src/test/java/org/apache/commons/configuration2/TestHierarchicalConfiguration.java,,,,assert,unknown
conf_64_1,commons-configuration2-2.8.0-src,TestHierarchicalConfiguration,testInterpolatedConfigurationEmpty_1_oe,src/test/java/org/apache/commons/configuration2/TestHierarchicalConfiguration.java,,,,assert,unknown
conf_65_1,commons-configuration2-2.8.0-src,TestHierarchicalConfiguration,testInterpolationSubsetMultipleLayers_1_oe,src/test/java/org/apache/commons/configuration2/TestHierarchicalConfiguration.java,,,,assert,unknown
conf_66_1,commons-configuration2-2.8.0-src,TestHierarchicalConfiguration,testSubset_1_oe,src/test/java/org/apache/commons/configuration2/TestHierarchicalConfiguration.java,,,,assert,unknown
conf_66_2,commons-configuration2-2.8.0-src,TestHierarchicalConfiguration,testSubset_2_oe,src/test/java/org/apache/commons/configuration2/TestHierarchicalConfiguration.java,,,,assert,unknown
conf_66_3,commons-configuration2-2.8.0-src,TestHierarchicalConfiguration,testSubset_3_oe,src/test/java/org/apache/commons/configuration2/TestHierarchicalConfiguration.java,,,,assert,unknown
conf_66_4,commons-configuration2-2.8.0-src,TestHierarchicalConfiguration,testSubset_4_oe,src/test/java/org/apache/commons/configuration2/TestHierarchicalConfiguration.java,,,,assert,unknown
conf_66_5,commons-configuration2-2.8.0-src,TestHierarchicalConfiguration,testSubset_5_oe,src/test/java/org/apache/commons/configuration2/TestHierarchicalConfiguration.java,,,,assert,unknown
conf_66_6,commons-configuration2-2.8.0-src,TestHierarchicalConfiguration,testSubset_6_oe,src/test/java/org/apache/commons/configuration2/TestHierarchicalConfiguration.java,,,,assert,unknown
conf_66_7,commons-configuration2-2.8.0-src,TestHierarchicalConfiguration,testSubset_7_oe,src/test/java/org/apache/commons/configuration2/TestHierarchicalConfiguration.java,,,,assert,unknown
conf_66_8,commons-configuration2-2.8.0-src,TestHierarchicalConfiguration,testSubset_8_oe,src/test/java/org/apache/commons/configuration2/TestHierarchicalConfiguration.java,,,,assert,unknown
conf_66_9,commons-configuration2-2.8.0-src,TestHierarchicalConfiguration,testSubset_9_oe,src/test/java/org/apache/commons/configuration2/TestHierarchicalConfiguration.java,,,,assert,unknown
conf_66_10,commons-configuration2-2.8.0-src,TestHierarchicalConfiguration,testSubset_10_oe,src/test/java/org/apache/commons/configuration2/TestHierarchicalConfiguration.java,,,,assert,unknown
conf_67_1,commons-configuration2-2.8.0-src,TestHierarchicalConfiguration,testSubsetAttributeResult_1_oe,src/test/java/org/apache/commons/configuration2/TestHierarchicalConfiguration.java,,,,assert,unknown
conf_67_2,commons-configuration2-2.8.0-src,TestHierarchicalConfiguration,testSubsetAttributeResult_2_oe,src/test/java/org/apache/commons/configuration2/TestHierarchicalConfiguration.java,,,,assert,unknown
conf_68_1,commons-configuration2-2.8.0-src,TestHierarchicalConfiguration,testSubsetMultipleNodesWithValues_1_oe,src/test/java/org/apache/commons/configuration2/TestHierarchicalConfiguration.java,,,,assert,unknown
conf_68_2,commons-configuration2-2.8.0-src,TestHierarchicalConfiguration,testSubsetMultipleNodesWithValues_2_oe,src/test/java/org/apache/commons/configuration2/TestHierarchicalConfiguration.java,,,,assert,unknown
conf_69_1,commons-configuration2-2.8.0-src,TestHierarchicalConfiguration,testSubsetNodeWithValue_1_oe,src/test/java/org/apache/commons/configuration2/TestHierarchicalConfiguration.java,,,,assert,unknown
conf_69_2,commons-configuration2-2.8.0-src,TestHierarchicalConfiguration,testSubsetNodeWithValue_2_oe,src/test/java/org/apache/commons/configuration2/TestHierarchicalConfiguration.java,,,,assert,unknown
conf_70_1,commons-configuration2-2.8.0-src,TestCatalogResolver,testLogger_1_oe,src/test/java/org/apache/commons/configuration2/TestCatalogResolver.java,,,,assert,unknown
conf_70_2,commons-configuration2-2.8.0-src,TestCatalogResolver,testLogger_2_oe,src/test/java/org/apache/commons/configuration2/TestCatalogResolver.java,,,,assert,unknown
conf_71_1,commons-configuration2-2.8.0-src,TestStrictConfigurationComparator,testCompare_1_oe,src/test/java/org/apache/commons/configuration2/TestStrictConfigurationComparator.java,,,,assert,unknown
conf_71_2,commons-configuration2-2.8.0-src,TestStrictConfigurationComparator,testCompare_2_oe,src/test/java/org/apache/commons/configuration2/TestStrictConfigurationComparator.java,,,,assert,unknown
conf_71_3,commons-configuration2-2.8.0-src,TestStrictConfigurationComparator,testCompare_3_oe,src/test/java/org/apache/commons/configuration2/TestStrictConfigurationComparator.java,,,,assert,unknown
conf_71_4,commons-configuration2-2.8.0-src,TestStrictConfigurationComparator,testCompare_4_oe,src/test/java/org/apache/commons/configuration2/TestStrictConfigurationComparator.java,,,,assert,unknown
conf_71_5,commons-configuration2-2.8.0-src,TestStrictConfigurationComparator,testCompare_5_oe,src/test/java/org/apache/commons/configuration2/TestStrictConfigurationComparator.java,,,,assert,unknown
conf_71_6,commons-configuration2-2.8.0-src,TestStrictConfigurationComparator,testCompare_6_oe,src/test/java/org/apache/commons/configuration2/TestStrictConfigurationComparator.java,,,,assert,unknown
conf_72_1,commons-configuration2-2.8.0-src,TestStrictConfigurationComparator,testCompareNull_1_oe,src/test/java/org/apache/commons/configuration2/TestStrictConfigurationComparator.java,,,,assert,unknown
conf_72_2,commons-configuration2-2.8.0-src,TestStrictConfigurationComparator,testCompareNull_2_oe,src/test/java/org/apache/commons/configuration2/TestStrictConfigurationComparator.java,,,,assert,unknown
conf_72_3,commons-configuration2-2.8.0-src,TestStrictConfigurationComparator,testCompareNull_3_oe,src/test/java/org/apache/commons/configuration2/TestStrictConfigurationComparator.java,,,,assert,unknown
conf_73_1,commons-configuration2-2.8.0-src,TestConfigurationLookup,testLookupComplex_1_oe,src/test/java/org/apache/commons/configuration2/TestConfigurationLookup.java,,,,assert,unknown
conf_73_2,commons-configuration2-2.8.0-src,TestConfigurationLookup,testLookupComplex_2_oe,src/test/java/org/apache/commons/configuration2/TestConfigurationLookup.java,,,,assert,unknown
conf_74_1,commons-configuration2-2.8.0-src,TestConfigurationLookup,testLookupNotFound_1_oe,src/test/java/org/apache/commons/configuration2/TestConfigurationLookup.java,,,,assert,unknown
conf_75_1,commons-configuration2-2.8.0-src,TestConfigurationLookup,testLookupNotFoundEx_1_oe,src/test/java/org/apache/commons/configuration2/TestConfigurationLookup.java,,,,assert,unknown
conf_76_1,commons-configuration2-2.8.0-src,TestConfigurationLookup,testLookupSuccess_1_oe,src/test/java/org/apache/commons/configuration2/TestConfigurationLookup.java,,,,assert,unknown
conf_77_1,commons-configuration2-2.8.0-src,TestYAMLConfiguration,testCopyConstructor_1_oe,src/test/java/org/apache/commons/configuration2/TestYAMLConfiguration.java,,,,assert,unknown
conf_78_1,commons-configuration2-2.8.0-src,TestYAMLConfiguration,testGetProperty_dictionary_1_oe,src/test/java/org/apache/commons/configuration2/TestYAMLConfiguration.java,,,,assert,unknown
conf_78_2,commons-configuration2-2.8.0-src,TestYAMLConfiguration,testGetProperty_dictionary_2_oe,src/test/java/org/apache/commons/configuration2/TestYAMLConfiguration.java,,,,assert,unknown
conf_78_3,commons-configuration2-2.8.0-src,TestYAMLConfiguration,testGetProperty_dictionary_3_oe,src/test/java/org/apache/commons/configuration2/TestYAMLConfiguration.java,,,,assert,unknown
conf_79_1,commons-configuration2-2.8.0-src,TestYAMLConfiguration,testGetProperty_integer_1_oe,src/test/java/org/apache/commons/configuration2/TestYAMLConfiguration.java,,,,assert,unknown
conf_79_2,commons-configuration2-2.8.0-src,TestYAMLConfiguration,testGetProperty_integer_2_oe,src/test/java/org/apache/commons/configuration2/TestYAMLConfiguration.java,,,,assert,unknown
conf_80_1,commons-configuration2-2.8.0-src,TestYAMLConfiguration,testGetProperty_nested_1_oe,src/test/java/org/apache/commons/configuration2/TestYAMLConfiguration.java,,,,assert,unknown
conf_81_1,commons-configuration2-2.8.0-src,TestYAMLConfiguration,testGetProperty_nested_with_list_1_oe,src/test/java/org/apache/commons/configuration2/TestYAMLConfiguration.java,,,,assert,unknown
conf_82_1,commons-configuration2-2.8.0-src,TestYAMLConfiguration,testGetProperty_simple_1_oe,src/test/java/org/apache/commons/configuration2/TestYAMLConfiguration.java,,,,assert,unknown
conf_83_1,commons-configuration2-2.8.0-src,TestYAMLConfiguration,testGetProperty_subset_1_oe,src/test/java/org/apache/commons/configuration2/TestYAMLConfiguration.java,,,,assert,unknown
conf_84_1,commons-configuration2-2.8.0-src,TestYAMLConfiguration,testGetProperty_very_nested_properties_1_oe,src/test/java/org/apache/commons/configuration2/TestYAMLConfiguration.java,,,,assert,unknown
conf_85_2,commons-configuration2-2.8.0-src,TestYAMLConfiguration,testObjectCreationFromReader_2_oe,src/test/java/org/apache/commons/configuration2/TestYAMLConfiguration.java,,,,assert,unknown
conf_86_2,commons-configuration2-2.8.0-src,TestYAMLConfiguration,testObjectCreationFromStream_2_oe,src/test/java/org/apache/commons/configuration2/TestYAMLConfiguration.java,,,,assert,unknown
conf_87_1,commons-configuration2-2.8.0-src,TestYAMLConfiguration,testSave_1_oe,src/test/java/org/apache/commons/configuration2/TestYAMLConfiguration.java,,,,assert,unknown
conf_87_2,commons-configuration2-2.8.0-src,TestYAMLConfiguration,testSave_2_oe,src/test/java/org/apache/commons/configuration2/TestYAMLConfiguration.java,,,,assert,unknown
conf_87_3,commons-configuration2-2.8.0-src,TestYAMLConfiguration,testSave_3_oe,src/test/java/org/apache/commons/configuration2/TestYAMLConfiguration.java,,,,assert,unknown
conf_87_4,commons-configuration2-2.8.0-src,TestYAMLConfiguration,testSave_4_oe,src/test/java/org/apache/commons/configuration2/TestYAMLConfiguration.java,,,,assert,unknown
conf_87_5,commons-configuration2-2.8.0-src,TestYAMLConfiguration,testSave_5_oe,src/test/java/org/apache/commons/configuration2/TestYAMLConfiguration.java,,,,assert,unknown
conf_87_6,commons-configuration2-2.8.0-src,TestYAMLConfiguration,testSave_6_oe,src/test/java/org/apache/commons/configuration2/TestYAMLConfiguration.java,,,,assert,unknown
conf_88_1,commons-configuration2-2.8.0-src,TestDataConfiguration,testClearProperty_1_oe,src/test/java/org/apache/commons/configuration2/TestDataConfiguration.java,,,,assert,unknown
conf_89_1,commons-configuration2-2.8.0-src,TestDataConfiguration,testClearPropertyDirect_1_oe,src/test/java/org/apache/commons/configuration2/TestDataConfiguration.java,,,,assert,unknown
conf_90_1,commons-configuration2-2.8.0-src,TestDataConfiguration,testContainsKey_1_oe,src/test/java/org/apache/commons/configuration2/TestDataConfiguration.java,,,,assert,unknown
conf_90_2,commons-configuration2-2.8.0-src,TestDataConfiguration,testContainsKey_2_oe,src/test/java/org/apache/commons/configuration2/TestDataConfiguration.java,,,,assert,unknown
conf_92_2,commons-configuration2-2.8.0-src,TestDataConfiguration,testConversionExceptionCause_2_oe,src/test/java/org/apache/commons/configuration2/TestDataConfiguration.java,,,,assert,unknown
conf_93_1,commons-configuration2-2.8.0-src,TestDataConfiguration,testGetBigDecimalArray_1_oe,src/test/java/org/apache/commons/configuration2/TestDataConfiguration.java,,,,assert,unknown
conf_93_2,commons-configuration2-2.8.0-src,TestDataConfiguration,testGetBigDecimalArray_2_oe,src/test/java/org/apache/commons/configuration2/TestDataConfiguration.java,,,,assert,unknown
conf_93_3,commons-configuration2-2.8.0-src,TestDataConfiguration,testGetBigDecimalArray_3_oe,src/test/java/org/apache/commons/configuration2/TestDataConfiguration.java,,,,assert,unknown
conf_93_4,commons-configuration2-2.8.0-src,TestDataConfiguration,testGetBigDecimalArray_4_oe,src/test/java/org/apache/commons/configuration2/TestDataConfiguration.java,,,,assert,unknown
conf_93_5,commons-configuration2-2.8.0-src,TestDataConfiguration,testGetBigDecimalArray_5_oe,src/test/java/org/apache/commons/configuration2/TestDataConfiguration.java,,,,assert,unknown
conf_93_6,commons-configuration2-2.8.0-src,TestDataConfiguration,testGetBigDecimalArray_6_oe,src/test/java/org/apache/commons/configuration2/TestDataConfiguration.java,,,,assert,unknown
conf_93_7,commons-configuration2-2.8.0-src,TestDataConfiguration,testGetBigDecimalArray_7_oe,src/test/java/org/apache/commons/configuration2/TestDataConfiguration.java,,,,assert,unknown
conf_93_8,commons-configuration2-2.8.0-src,TestDataConfiguration,testGetBigDecimalArray_8_oe,src/test/java/org/apache/commons/configuration2/TestDataConfiguration.java,,,,assert,unknown
conf_93_9,commons-configuration2-2.8.0-src,TestDataConfiguration,testGetBigDecimalArray_9_oe,src/test/java/org/apache/commons/configuration2/TestDataConfiguration.java,,,,assert,unknown
conf_93_10,commons-configuration2-2.8.0-src,TestDataConfiguration,testGetBigDecimalArray_10_oe,src/test/java/org/apache/commons/configuration2/TestDataConfiguration.java,,,,assert,unknown
conf_94_1,commons-configuration2-2.8.0-src,TestDataConfiguration,testGetBigDecimalList_1_oe,src/test/java/org/apache/commons/configuration2/TestDataConfiguration.java,,,,assert,unknown
conf_94_2,commons-configuration2-2.8.0-src,TestDataConfiguration,testGetBigDecimalList_2_oe,src/test/java/org/apache/commons/configuration2/TestDataConfiguration.java,,,,assert,unknown
conf_94_3,commons-configuration2-2.8.0-src,TestDataConfiguration,testGetBigDecimalList_3_oe,src/test/java/org/apache/commons/configuration2/TestDataConfiguration.java,,,,assert,unknown
conf_94_4,commons-configuration2-2.8.0-src,TestDataConfiguration,testGetBigDecimalList_4_oe,src/test/java/org/apache/commons/configuration2/TestDataConfiguration.java,,,,assert,unknown
conf_94_5,commons-configuration2-2.8.0-src,TestDataConfiguration,testGetBigDecimalList_5_oe,src/test/java/org/apache/commons/configuration2/TestDataConfiguration.java,,,,assert,unknown
conf_94_6,commons-configuration2-2.8.0-src,TestDataConfiguration,testGetBigDecimalList_6_oe,src/test/java/org/apache/commons/configuration2/TestDataConfiguration.java,,,,assert,unknown
conf_94_7,commons-configuration2-2.8.0-src,TestDataConfiguration,testGetBigDecimalList_7_oe,src/test/java/org/apache/commons/configuration2/TestDataConfiguration.java,,,,assert,unknown
conf_94_8,commons-configuration2-2.8.0-src,TestDataConfiguration,testGetBigDecimalList_8_oe,src/test/java/org/apache/commons/configuration2/TestDataConfiguration.java,,,,assert,unknown
conf_94_9,commons-configuration2-2.8.0-src,TestDataConfiguration,testGetBigDecimalList_9_oe,src/test/java/org/apache/commons/configuration2/TestDataConfiguration.java,,,,assert,unknown
conf_94_10,commons-configuration2-2.8.0-src,TestDataConfiguration,testGetBigDecimalList_10_oe,src/test/java/org/apache/commons/configuration2/TestDataConfiguration.java,,,,assert,unknown
conf_95_1,commons-configuration2-2.8.0-src,TestDataConfiguration,testGetBigIntegerArray_1_oe,src/test/java/org/apache/commons/configuration2/TestDataConfiguration.java,,,,assert,unknown
conf_95_2,commons-configuration2-2.8.0-src,TestDataConfiguration,testGetBigIntegerArray_2_oe,src/test/java/org/apache/commons/configuration2/TestDataConfiguration.java,,,,assert,unknown
conf_95_3,commons-configuration2-2.8.0-src,TestDataConfiguration,testGetBigIntegerArray_3_oe,src/test/java/org/apache/commons/configuration2/TestDataConfiguration.java,,,,assert,unknown
conf_95_4,commons-configuration2-2.8.0-src,TestDataConfiguration,testGetBigIntegerArray_4_oe,src/test/java/org/apache/commons/configuration2/TestDataConfiguration.java,,,,assert,unknown
conf_95_5,commons-configuration2-2.8.0-src,TestDataConfiguration,testGetBigIntegerArray_5_oe,src/test/java/org/apache/commons/configuration2/TestDataConfiguration.java,,,,assert,unknown
conf_95_6,commons-configuration2-2.8.0-src,TestDataConfiguration,testGetBigIntegerArray_6_oe,src/test/java/org/apache/commons/configuration2/TestDataConfiguration.java,,,,assert,unknown
conf_95_7,commons-configuration2-2.8.0-src,TestDataConfiguration,testGetBigIntegerArray_7_oe,src/test/java/org/apache/commons/configuration2/TestDataConfiguration.java,,,,assert,unknown
conf_95_8,commons-configuration2-2.8.0-src,TestDataConfiguration,testGetBigIntegerArray_8_oe,src/test/java/org/apache/commons/configuration2/TestDataConfiguration.java,,,,assert,unknown
conf_95_9,commons-configuration2-2.8.0-src,TestDataConfiguration,testGetBigIntegerArray_9_oe,src/test/java/org/apache/commons/configuration2/TestDataConfiguration.java,,,,assert,unknown
conf_95_10,commons-configuration2-2.8.0-src,TestDataConfiguration,testGetBigIntegerArray_10_oe,src/test/java/org/apache/commons/configuration2/TestDataConfiguration.java,,,,assert,unknown
conf_96_1,commons-configuration2-2.8.0-src,TestDataConfiguration,testGetBigIntegerList_1_oe,src/test/java/org/apache/commons/configuration2/TestDataConfiguration.java,,,,assert,unknown
conf_96_2,commons-configuration2-2.8.0-src,TestDataConfiguration,testGetBigIntegerList_2_oe,src/test/java/org/apache/commons/configuration2/TestDataConfiguration.java,,,,assert,unknown
conf_96_3,commons-configuration2-2.8.0-src,TestDataConfiguration,testGetBigIntegerList_3_oe,src/test/java/org/apache/commons/configuration2/TestDataConfiguration.java,,,,assert,unknown
conf_96_4,commons-configuration2-2.8.0-src,TestDataConfiguration,testGetBigIntegerList_4_oe,src/test/java/org/apache/commons/configuration2/TestDataConfiguration.java,,,,assert,unknown
conf_96_5,commons-configuration2-2.8.0-src,TestDataConfiguration,testGetBigIntegerList_5_oe,src/test/java/org/apache/commons/configuration2/TestDataConfiguration.java,,,,assert,unknown
conf_96_6,commons-configuration2-2.8.0-src,TestDataConfiguration,testGetBigIntegerList_6_oe,src/test/java/org/apache/commons/configuration2/TestDataConfiguration.java,,,,assert,unknown
conf_96_7,commons-configuration2-2.8.0-src,TestDataConfiguration,testGetBigIntegerList_7_oe,src/test/java/org/apache/commons/configuration2/TestDataConfiguration.java,,,,assert,unknown
conf_96_8,commons-configuration2-2.8.0-src,TestDataConfiguration,testGetBigIntegerList_8_oe,src/test/java/org/apache/commons/configuration2/TestDataConfiguration.java,,,,assert,unknown
conf_96_9,commons-configuration2-2.8.0-src,TestDataConfiguration,testGetBigIntegerList_9_oe,src/test/java/org/apache/commons/configuration2/TestDataConfiguration.java,,,,assert,unknown
conf_96_10,commons-configuration2-2.8.0-src,TestDataConfiguration,testGetBigIntegerList_10_oe,src/test/java/org/apache/commons/configuration2/TestDataConfiguration.java,,,,assert,unknown
conf_97_1,commons-configuration2-2.8.0-src,TestDataConfiguration,testGetBooleanArray_1_oe,src/test/java/org/apache/commons/configuration2/TestDataConfiguration.java,,,,assert,unknown
conf_97_2,commons-configuration2-2.8.0-src,TestDataConfiguration,testGetBooleanArray_2_oe,src/test/java/org/apache/commons/configuration2/TestDataConfiguration.java,,,,assert,unknown
conf_97_3,commons-configuration2-2.8.0-src,TestDataConfiguration,testGetBooleanArray_3_oe,src/test/java/org/apache/commons/configuration2/TestDataConfiguration.java,,,,assert,unknown
conf_97_4,commons-configuration2-2.8.0-src,TestDataConfiguration,testGetBooleanArray_4_oe,src/test/java/org/apache/commons/configuration2/TestDataConfiguration.java,,,,assert,unknown
conf_97_5,commons-configuration2-2.8.0-src,TestDataConfiguration,testGetBooleanArray_5_oe,src/test/java/org/apache/commons/configuration2/TestDataConfiguration.java,,,,assert,unknown
conf_97_6,commons-configuration2-2.8.0-src,TestDataConfiguration,testGetBooleanArray_6_oe,src/test/java/org/apache/commons/configuration2/TestDataConfiguration.java,,,,assert,unknown
conf_97_7,commons-configuration2-2.8.0-src,TestDataConfiguration,testGetBooleanArray_7_oe,src/test/java/org/apache/commons/configuration2/TestDataConfiguration.java,,,,assert,unknown
conf_97_8,commons-configuration2-2.8.0-src,TestDataConfiguration,testGetBooleanArray_8_oe,src/test/java/org/apache/commons/configuration2/TestDataConfiguration.java,,,,assert,unknown
conf_97_9,commons-configuration2-2.8.0-src,TestDataConfiguration,testGetBooleanArray_9_oe,src/test/java/org/apache/commons/configuration2/TestDataConfiguration.java,,,,assert,unknown
conf_97_10,commons-configuration2-2.8.0-src,TestDataConfiguration,testGetBooleanArray_10_oe,src/test/java/org/apache/commons/configuration2/TestDataConfiguration.java,,,,assert,unknown
conf_97_11,commons-configuration2-2.8.0-src,TestDataConfiguration,testGetBooleanArray_11_oe,src/test/java/org/apache/commons/configuration2/TestDataConfiguration.java,,,,assert,unknown
conf_98_1,commons-configuration2-2.8.0-src,TestDataConfiguration,testGetBooleanList_1_oe,src/test/java/org/apache/commons/configuration2/TestDataConfiguration.java,,,,assert,unknown
conf_98_2,commons-configuration2-2.8.0-src,TestDataConfiguration,testGetBooleanList_2_oe,src/test/java/org/apache/commons/configuration2/TestDataConfiguration.java,,,,assert,unknown
conf_98_3,commons-configuration2-2.8.0-src,TestDataConfiguration,testGetBooleanList_3_oe,src/test/java/org/apache/commons/configuration2/TestDataConfiguration.java,,,,assert,unknown
conf_98_4,commons-configuration2-2.8.0-src,TestDataConfiguration,testGetBooleanList_4_oe,src/test/java/org/apache/commons/configuration2/TestDataConfiguration.java,,,,assert,unknown
conf_98_5,commons-configuration2-2.8.0-src,TestDataConfiguration,testGetBooleanList_5_oe,src/test/java/org/apache/commons/configuration2/TestDataConfiguration.java,,,,assert,unknown
conf_98_6,commons-configuration2-2.8.0-src,TestDataConfiguration,testGetBooleanList_6_oe,src/test/java/org/apache/commons/configuration2/TestDataConfiguration.java,,,,assert,unknown
conf_98_7,commons-configuration2-2.8.0-src,TestDataConfiguration,testGetBooleanList_7_oe,src/test/java/org/apache/commons/configuration2/TestDataConfiguration.java,,,,assert,unknown
conf_98_8,commons-configuration2-2.8.0-src,TestDataConfiguration,testGetBooleanList_8_oe,src/test/java/org/apache/commons/configuration2/TestDataConfiguration.java,,,,assert,unknown
conf_98_9,commons-configuration2-2.8.0-src,TestDataConfiguration,testGetBooleanList_9_oe,src/test/java/org/apache/commons/configuration2/TestDataConfiguration.java,,,,assert,unknown
conf_98_10,commons-configuration2-2.8.0-src,TestDataConfiguration,testGetBooleanList_10_oe,src/test/java/org/apache/commons/configuration2/TestDataConfiguration.java,,,,assert,unknown
conf_98_11,commons-configuration2-2.8.0-src,TestDataConfiguration,testGetBooleanList_11_oe,src/test/java/org/apache/commons/configuration2/TestDataConfiguration.java,,,,assert,unknown
conf_99_1,commons-configuration2-2.8.0-src,TestDataConfiguration,testGetByteArray_1_oe,src/test/java/org/apache/commons/configuration2/TestDataConfiguration.java,,,,assert,unknown
conf_99_2,commons-configuration2-2.8.0-src,TestDataConfiguration,testGetByteArray_2_oe,src/test/java/org/apache/commons/configuration2/TestDataConfiguration.java,,,,assert,unknown
conf_99_3,commons-configuration2-2.8.0-src,TestDataConfiguration,testGetByteArray_3_oe,src/test/java/org/apache/commons/configuration2/TestDataConfiguration.java,,,,assert,unknown
conf_99_4,commons-configuration2-2.8.0-src,TestDataConfiguration,testGetByteArray_4_oe,src/test/java/org/apache/commons/configuration2/TestDataConfiguration.java,,,,assert,unknown
conf_99_5,commons-configuration2-2.8.0-src,TestDataConfiguration,testGetByteArray_5_oe,src/test/java/org/apache/commons/configuration2/TestDataConfiguration.java,,,,assert,unknown
conf_99_6,commons-configuration2-2.8.0-src,TestDataConfiguration,testGetByteArray_6_oe,src/test/java/org/apache/commons/configuration2/TestDataConfiguration.java,,,,assert,unknown
conf_99_7,commons-configuration2-2.8.0-src,TestDataConfiguration,testGetByteArray_7_oe,src/test/java/org/apache/commons/configuration2/TestDataConfiguration.java,,,,assert,unknown
conf_99_8,commons-configuration2-2.8.0-src,TestDataConfiguration,testGetByteArray_8_oe,src/test/java/org/apache/commons/configuration2/TestDataConfiguration.java,,,,assert,unknown
conf_99_9,commons-configuration2-2.8.0-src,TestDataConfiguration,testGetByteArray_9_oe,src/test/java/org/apache/commons/configuration2/TestDataConfiguration.java,,,,assert,unknown
conf_99_10,commons-configuration2-2.8.0-src,TestDataConfiguration,testGetByteArray_10_oe,src/test/java/org/apache/commons/configuration2/TestDataConfiguration.java,,,,assert,unknown
conf_99_11,commons-configuration2-2.8.0-src,TestDataConfiguration,testGetByteArray_11_oe,src/test/java/org/apache/commons/configuration2/TestDataConfiguration.java,,,,assert,unknown
conf_100_1,commons-configuration2-2.8.0-src,TestDataConfiguration,testGetByteList_1_oe,src/test/java/org/apache/commons/configuration2/TestDataConfiguration.java,,,,assert,unknown
conf_100_2,commons-configuration2-2.8.0-src,TestDataConfiguration,testGetByteList_2_oe,src/test/java/org/apache/commons/configuration2/TestDataConfiguration.java,,,,assert,unknown
conf_100_3,commons-configuration2-2.8.0-src,TestDataConfiguration,testGetByteList_3_oe,src/test/java/org/apache/commons/configuration2/TestDataConfiguration.java,,,,assert,unknown
conf_100_4,commons-configuration2-2.8.0-src,TestDataConfiguration,testGetByteList_4_oe,src/test/java/org/apache/commons/configuration2/TestDataConfiguration.java,,,,assert,unknown
conf_100_5,commons-configuration2-2.8.0-src,TestDataConfiguration,testGetByteList_5_oe,src/test/java/org/apache/commons/configuration2/TestDataConfiguration.java,,,,assert,unknown
conf_100_6,commons-configuration2-2.8.0-src,TestDataConfiguration,testGetByteList_6_oe,src/test/java/org/apache/commons/configuration2/TestDataConfiguration.java,,,,assert,unknown
conf_100_7,commons-configuration2-2.8.0-src,TestDataConfiguration,testGetByteList_7_oe,src/test/java/org/apache/commons/configuration2/TestDataConfiguration.java,,,,assert,unknown
conf_100_8,commons-configuration2-2.8.0-src,TestDataConfiguration,testGetByteList_8_oe,src/test/java/org/apache/commons/configuration2/TestDataConfiguration.java,,,,assert,unknown
conf_100_9,commons-configuration2-2.8.0-src,TestDataConfiguration,testGetByteList_9_oe,src/test/java/org/apache/commons/configuration2/TestDataConfiguration.java,,,,assert,unknown
conf_100_10,commons-configuration2-2.8.0-src,TestDataConfiguration,testGetByteList_10_oe,src/test/java/org/apache/commons/configuration2/TestDataConfiguration.java,,,,assert,unknown
conf_100_11,commons-configuration2-2.8.0-src,TestDataConfiguration,testGetByteList_11_oe,src/test/java/org/apache/commons/configuration2/TestDataConfiguration.java,,,,assert,unknown
conf_101_1,commons-configuration2-2.8.0-src,TestDataConfiguration,testGetCalendar_1_oe,src/test/java/org/apache/commons/configuration2/TestDataConfiguration.java,,,,assert,unknown
conf_101_2,commons-configuration2-2.8.0-src,TestDataConfiguration,testGetCalendar_2_oe,src/test/java/org/apache/commons/configuration2/TestDataConfiguration.java,,,,assert,unknown
conf_101_4,commons-configuration2-2.8.0-src,TestDataConfiguration,testGetCalendar_4_oe,src/test/java/org/apache/commons/configuration2/TestDataConfiguration.java,,,,assert,unknown
conf_101_5,commons-configuration2-2.8.0-src,TestDataConfiguration,testGetCalendar_5_oe,src/test/java/org/apache/commons/configuration2/TestDataConfiguration.java,,,,assert,unknown
conf_101_6,commons-configuration2-2.8.0-src,TestDataConfiguration,testGetCalendar_6_oe,src/test/java/org/apache/commons/configuration2/TestDataConfiguration.java,,,,assert,unknown
conf_101_7,commons-configuration2-2.8.0-src,TestDataConfiguration,testGetCalendar_7_oe,src/test/java/org/apache/commons/configuration2/TestDataConfiguration.java,,,,assert,unknown
conf_101_8,commons-configuration2-2.8.0-src,TestDataConfiguration,testGetCalendar_8_oe,src/test/java/org/apache/commons/configuration2/TestDataConfiguration.java,,,,assert,unknown
conf_102_1,commons-configuration2-2.8.0-src,TestDataConfiguration,testGetCalendarArray_1_oe,src/test/java/org/apache/commons/configuration2/TestDataConfiguration.java,,,,assert,unknown
conf_102_2,commons-configuration2-2.8.0-src,TestDataConfiguration,testGetCalendarArray_2_oe,src/test/java/org/apache/commons/configuration2/TestDataConfiguration.java,,,,assert,unknown
conf_102_3,commons-configuration2-2.8.0-src,TestDataConfiguration,testGetCalendarArray_3_oe,src/test/java/org/apache/commons/configuration2/TestDataConfiguration.java,,,,assert,unknown
conf_102_4,commons-configuration2-2.8.0-src,TestDataConfiguration,testGetCalendarArray_4_oe,src/test/java/org/apache/commons/configuration2/TestDataConfiguration.java,,,,assert,unknown
conf_102_5,commons-configuration2-2.8.0-src,TestDataConfiguration,testGetCalendarArray_5_oe,src/test/java/org/apache/commons/configuration2/TestDataConfiguration.java,,,,assert,unknown
conf_102_6,commons-configuration2-2.8.0-src,TestDataConfiguration,testGetCalendarArray_6_oe,src/test/java/org/apache/commons/configuration2/TestDataConfiguration.java,,,,assert,unknown
conf_102_7,commons-configuration2-2.8.0-src,TestDataConfiguration,testGetCalendarArray_7_oe,src/test/java/org/apache/commons/configuration2/TestDataConfiguration.java,,,,assert,unknown
conf_102_8,commons-configuration2-2.8.0-src,TestDataConfiguration,testGetCalendarArray_8_oe,src/test/java/org/apache/commons/configuration2/TestDataConfiguration.java,,,,assert,unknown
conf_102_9,commons-configuration2-2.8.0-src,TestDataConfiguration,testGetCalendarArray_9_oe,src/test/java/org/apache/commons/configuration2/TestDataConfiguration.java,,,,assert,unknown
conf_102_10,commons-configuration2-2.8.0-src,TestDataConfiguration,testGetCalendarArray_10_oe,src/test/java/org/apache/commons/configuration2/TestDataConfiguration.java,,,,assert,unknown
conf_102_11,commons-configuration2-2.8.0-src,TestDataConfiguration,testGetCalendarArray_11_oe,src/test/java/org/apache/commons/configuration2/TestDataConfiguration.java,,,,assert,unknown
conf_103_1,commons-configuration2-2.8.0-src,TestDataConfiguration,testGetCalendarArrayWithFormat_1_oe,src/test/java/org/apache/commons/configuration2/TestDataConfiguration.java,,,,assert,unknown
conf_104_1,commons-configuration2-2.8.0-src,TestDataConfiguration,testGetCalendarList_1_oe,src/test/java/org/apache/commons/configuration2/TestDataConfiguration.java,,,,assert,unknown
conf_104_2,commons-configuration2-2.8.0-src,TestDataConfiguration,testGetCalendarList_2_oe,src/test/java/org/apache/commons/configuration2/TestDataConfiguration.java,,,,assert,unknown
conf_104_3,commons-configuration2-2.8.0-src,TestDataConfiguration,testGetCalendarList_3_oe,src/test/java/org/apache/commons/configuration2/TestDataConfiguration.java,,,,assert,unknown
conf_104_4,commons-configuration2-2.8.0-src,TestDataConfiguration,testGetCalendarList_4_oe,src/test/java/org/apache/commons/configuration2/TestDataConfiguration.java,,,,assert,unknown
conf_104_5,commons-configuration2-2.8.0-src,TestDataConfiguration,testGetCalendarList_5_oe,src/test/java/org/apache/commons/configuration2/TestDataConfiguration.java,,,,assert,unknown
conf_104_6,commons-configuration2-2.8.0-src,TestDataConfiguration,testGetCalendarList_6_oe,src/test/java/org/apache/commons/configuration2/TestDataConfiguration.java,,,,assert,unknown
conf_104_7,commons-configuration2-2.8.0-src,TestDataConfiguration,testGetCalendarList_7_oe,src/test/java/org/apache/commons/configuration2/TestDataConfiguration.java,,,,assert,unknown
conf_104_8,commons-configuration2-2.8.0-src,TestDataConfiguration,testGetCalendarList_8_oe,src/test/java/org/apache/commons/configuration2/TestDataConfiguration.java,,,,assert,unknown
conf_104_9,commons-configuration2-2.8.0-src,TestDataConfiguration,testGetCalendarList_9_oe,src/test/java/org/apache/commons/configuration2/TestDataConfiguration.java,,,,assert,unknown
conf_104_10,commons-configuration2-2.8.0-src,TestDataConfiguration,testGetCalendarList_10_oe,src/test/java/org/apache/commons/configuration2/TestDataConfiguration.java,,,,assert,unknown
conf_104_11,commons-configuration2-2.8.0-src,TestDataConfiguration,testGetCalendarList_11_oe,src/test/java/org/apache/commons/configuration2/TestDataConfiguration.java,,,,assert,unknown
conf_104_12,commons-configuration2-2.8.0-src,TestDataConfiguration,testGetCalendarList_12_oe,src/test/java/org/apache/commons/configuration2/TestDataConfiguration.java,,,,assert,unknown
conf_104_13,commons-configuration2-2.8.0-src,TestDataConfiguration,testGetCalendarList_13_oe,src/test/java/org/apache/commons/configuration2/TestDataConfiguration.java,,,,assert,unknown
conf_105_1,commons-configuration2-2.8.0-src,TestDataConfiguration,testGetColor_1_oe,src/test/java/org/apache/commons/configuration2/TestDataConfiguration.java,,,,assert,unknown
conf_105_2,commons-configuration2-2.8.0-src,TestDataConfiguration,testGetColor_2_oe,src/test/java/org/apache/commons/configuration2/TestDataConfiguration.java,,,,assert,unknown
conf_105_3,commons-configuration2-2.8.0-src,TestDataConfiguration,testGetColor_3_oe,src/test/java/org/apache/commons/configuration2/TestDataConfiguration.java,,,,assert,unknown
conf_105_4,commons-configuration2-2.8.0-src,TestDataConfiguration,testGetColor_4_oe,src/test/java/org/apache/commons/configuration2/TestDataConfiguration.java,,,,assert,unknown
conf_105_5,commons-configuration2-2.8.0-src,TestDataConfiguration,testGetColor_5_oe,src/test/java/org/apache/commons/configuration2/TestDataConfiguration.java,,,,assert,unknown
conf_105_6,commons-configuration2-2.8.0-src,TestDataConfiguration,testGetColor_6_oe,src/test/java/org/apache/commons/configuration2/TestDataConfiguration.java,,,,assert,unknown
conf_105_7,commons-configuration2-2.8.0-src,TestDataConfiguration,testGetColor_7_oe,src/test/java/org/apache/commons/configuration2/TestDataConfiguration.java,,,,assert,unknown
conf_105_8,commons-configuration2-2.8.0-src,TestDataConfiguration,testGetColor_8_oe,src/test/java/org/apache/commons/configuration2/TestDataConfiguration.java,,,,assert,unknown
conf_105_9,commons-configuration2-2.8.0-src,TestDataConfiguration,testGetColor_9_oe,src/test/java/org/apache/commons/configuration2/TestDataConfiguration.java,,,,assert,unknown
conf_106_1,commons-configuration2-2.8.0-src,TestDataConfiguration,testGetColorArray_1_oe,src/test/java/org/apache/commons/configuration2/TestDataConfiguration.java,,,,assert,unknown
conf_106_2,commons-configuration2-2.8.0-src,TestDataConfiguration,testGetColorArray_2_oe,src/test/java/org/apache/commons/configuration2/TestDataConfiguration.java,,,,assert,unknown
conf_106_3,commons-configuration2-2.8.0-src,TestDataConfiguration,testGetColorArray_3_oe,src/test/java/org/apache/commons/configuration2/TestDataConfiguration.java,,,,assert,unknown
conf_106_4,commons-configuration2-2.8.0-src,TestDataConfiguration,testGetColorArray_4_oe,src/test/java/org/apache/commons/configuration2/TestDataConfiguration.java,,,,assert,unknown
conf_106_5,commons-configuration2-2.8.0-src,TestDataConfiguration,testGetColorArray_5_oe,src/test/java/org/apache/commons/configuration2/TestDataConfiguration.java,,,,assert,unknown
conf_106_6,commons-configuration2-2.8.0-src,TestDataConfiguration,testGetColorArray_6_oe,src/test/java/org/apache/commons/configuration2/TestDataConfiguration.java,,,,assert,unknown
conf_106_7,commons-configuration2-2.8.0-src,TestDataConfiguration,testGetColorArray_7_oe,src/test/java/org/apache/commons/configuration2/TestDataConfiguration.java,,,,assert,unknown
conf_106_8,commons-configuration2-2.8.0-src,TestDataConfiguration,testGetColorArray_8_oe,src/test/java/org/apache/commons/configuration2/TestDataConfiguration.java,,,,assert,unknown
conf_106_9,commons-configuration2-2.8.0-src,TestDataConfiguration,testGetColorArray_9_oe,src/test/java/org/apache/commons/configuration2/TestDataConfiguration.java,,,,assert,unknown
conf_106_10,commons-configuration2-2.8.0-src,TestDataConfiguration,testGetColorArray_10_oe,src/test/java/org/apache/commons/configuration2/TestDataConfiguration.java,,,,assert,unknown
conf_107_1,commons-configuration2-2.8.0-src,TestDataConfiguration,testGetColorList_1_oe,src/test/java/org/apache/commons/configuration2/TestDataConfiguration.java,,,,assert,unknown
conf_107_2,commons-configuration2-2.8.0-src,TestDataConfiguration,testGetColorList_2_oe,src/test/java/org/apache/commons/configuration2/TestDataConfiguration.java,,,,assert,unknown
conf_107_3,commons-configuration2-2.8.0-src,TestDataConfiguration,testGetColorList_3_oe,src/test/java/org/apache/commons/configuration2/TestDataConfiguration.java,,,,assert,unknown
conf_107_4,commons-configuration2-2.8.0-src,TestDataConfiguration,testGetColorList_4_oe,src/test/java/org/apache/commons/configuration2/TestDataConfiguration.java,,,,assert,unknown
conf_107_5,commons-configuration2-2.8.0-src,TestDataConfiguration,testGetColorList_5_oe,src/test/java/org/apache/commons/configuration2/TestDataConfiguration.java,,,,assert,unknown
conf_107_6,commons-configuration2-2.8.0-src,TestDataConfiguration,testGetColorList_6_oe,src/test/java/org/apache/commons/configuration2/TestDataConfiguration.java,,,,assert,unknown
conf_107_7,commons-configuration2-2.8.0-src,TestDataConfiguration,testGetColorList_7_oe,src/test/java/org/apache/commons/configuration2/TestDataConfiguration.java,,,,assert,unknown
conf_107_8,commons-configuration2-2.8.0-src,TestDataConfiguration,testGetColorList_8_oe,src/test/java/org/apache/commons/configuration2/TestDataConfiguration.java,,,,assert,unknown
conf_107_9,commons-configuration2-2.8.0-src,TestDataConfiguration,testGetColorList_9_oe,src/test/java/org/apache/commons/configuration2/TestDataConfiguration.java,,,,assert,unknown
conf_107_10,commons-configuration2-2.8.0-src,TestDataConfiguration,testGetColorList_10_oe,src/test/java/org/apache/commons/configuration2/TestDataConfiguration.java,,,,assert,unknown
conf_108_1,commons-configuration2-2.8.0-src,TestDataConfiguration,testGetConfiguration_1_oe,src/test/java/org/apache/commons/configuration2/TestDataConfiguration.java,,,,assert,unknown
conf_109_1,commons-configuration2-2.8.0-src,TestDataConfiguration,testGetDate_1_oe,src/test/java/org/apache/commons/configuration2/TestDataConfiguration.java,,,,assert,unknown
conf_109_2,commons-configuration2-2.8.0-src,TestDataConfiguration,testGetDate_2_oe,src/test/java/org/apache/commons/configuration2/TestDataConfiguration.java,,,,assert,unknown
conf_109_4,commons-configuration2-2.8.0-src,TestDataConfiguration,testGetDate_4_oe,src/test/java/org/apache/commons/configuration2/TestDataConfiguration.java,,,,assert,unknown
conf_109_5,commons-configuration2-2.8.0-src,TestDataConfiguration,testGetDate_5_oe,src/test/java/org/apache/commons/configuration2/TestDataConfiguration.java,,,,assert,unknown
conf_109_6,commons-configuration2-2.8.0-src,TestDataConfiguration,testGetDate_6_oe,src/test/java/org/apache/commons/configuration2/TestDataConfiguration.java,,,,assert,unknown
conf_109_7,commons-configuration2-2.8.0-src,TestDataConfiguration,testGetDate_7_oe,src/test/java/org/apache/commons/configuration2/TestDataConfiguration.java,,,,assert,unknown
conf_109_8,commons-configuration2-2.8.0-src,TestDataConfiguration,testGetDate_8_oe,src/test/java/org/apache/commons/configuration2/TestDataConfiguration.java,,,,assert,unknown
conf_110_1,commons-configuration2-2.8.0-src,TestDataConfiguration,testGetDateArray_1_oe,src/test/java/org/apache/commons/configuration2/TestDataConfiguration.java,,,,assert,unknown
conf_110_2,commons-configuration2-2.8.0-src,TestDataConfiguration,testGetDateArray_2_oe,src/test/java/org/apache/commons/configuration2/TestDataConfiguration.java,,,,assert,unknown
conf_110_3,commons-configuration2-2.8.0-src,TestDataConfiguration,testGetDateArray_3_oe,src/test/java/org/apache/commons/configuration2/TestDataConfiguration.java,,,,assert,unknown
conf_110_4,commons-configuration2-2.8.0-src,TestDataConfiguration,testGetDateArray_4_oe,src/test/java/org/apache/commons/configuration2/TestDataConfiguration.java,,,,assert,unknown
conf_110_5,commons-configuration2-2.8.0-src,TestDataConfiguration,testGetDateArray_5_oe,src/test/java/org/apache/commons/configuration2/TestDataConfiguration.java,,,,assert,unknown
conf_110_6,commons-configuration2-2.8.0-src,TestDataConfiguration,testGetDateArray_6_oe,src/test/java/org/apache/commons/configuration2/TestDataConfiguration.java,,,,assert,unknown
conf_110_7,commons-configuration2-2.8.0-src,TestDataConfiguration,testGetDateArray_7_oe,src/test/java/org/apache/commons/configuration2/TestDataConfiguration.java,,,,assert,unknown
conf_110_8,commons-configuration2-2.8.0-src,TestDataConfiguration,testGetDateArray_8_oe,src/test/java/org/apache/commons/configuration2/TestDataConfiguration.java,,,,assert,unknown
conf_110_9,commons-configuration2-2.8.0-src,TestDataConfiguration,testGetDateArray_9_oe,src/test/java/org/apache/commons/configuration2/TestDataConfiguration.java,,,,assert,unknown
conf_110_10,commons-configuration2-2.8.0-src,TestDataConfiguration,testGetDateArray_10_oe,src/test/java/org/apache/commons/configuration2/TestDataConfiguration.java,,,,assert,unknown
conf_110_11,commons-configuration2-2.8.0-src,TestDataConfiguration,testGetDateArray_11_oe,src/test/java/org/apache/commons/configuration2/TestDataConfiguration.java,,,,assert,unknown
conf_111_1,commons-configuration2-2.8.0-src,TestDataConfiguration,testGetDateArrayWithFormat_1_oe,src/test/java/org/apache/commons/configuration2/TestDataConfiguration.java,,,,assert,unknown
conf_112_1,commons-configuration2-2.8.0-src,TestDataConfiguration,testGetDateList_1_oe,src/test/java/org/apache/commons/configuration2/TestDataConfiguration.java,,,,assert,unknown
conf_112_2,commons-configuration2-2.8.0-src,TestDataConfiguration,testGetDateList_2_oe,src/test/java/org/apache/commons/configuration2/TestDataConfiguration.java,,,,assert,unknown
conf_112_3,commons-configuration2-2.8.0-src,TestDataConfiguration,testGetDateList_3_oe,src/test/java/org/apache/commons/configuration2/TestDataConfiguration.java,,,,assert,unknown
conf_112_4,commons-configuration2-2.8.0-src,TestDataConfiguration,testGetDateList_4_oe,src/test/java/org/apache/commons/configuration2/TestDataConfiguration.java,,,,assert,unknown
conf_112_5,commons-configuration2-2.8.0-src,TestDataConfiguration,testGetDateList_5_oe,src/test/java/org/apache/commons/configuration2/TestDataConfiguration.java,,,,assert,unknown
conf_112_6,commons-configuration2-2.8.0-src,TestDataConfiguration,testGetDateList_6_oe,src/test/java/org/apache/commons/configuration2/TestDataConfiguration.java,,,,assert,unknown
conf_112_7,commons-configuration2-2.8.0-src,TestDataConfiguration,testGetDateList_7_oe,src/test/java/org/apache/commons/configuration2/TestDataConfiguration.java,,,,assert,unknown
conf_112_8,commons-configuration2-2.8.0-src,TestDataConfiguration,testGetDateList_8_oe,src/test/java/org/apache/commons/configuration2/TestDataConfiguration.java,,,,assert,unknown
conf_112_9,commons-configuration2-2.8.0-src,TestDataConfiguration,testGetDateList_9_oe,src/test/java/org/apache/commons/configuration2/TestDataConfiguration.java,,,,assert,unknown
conf_112_10,commons-configuration2-2.8.0-src,TestDataConfiguration,testGetDateList_10_oe,src/test/java/org/apache/commons/configuration2/TestDataConfiguration.java,,,,assert,unknown
conf_112_11,commons-configuration2-2.8.0-src,TestDataConfiguration,testGetDateList_11_oe,src/test/java/org/apache/commons/configuration2/TestDataConfiguration.java,,,,assert,unknown
conf_112_12,commons-configuration2-2.8.0-src,TestDataConfiguration,testGetDateList_12_oe,src/test/java/org/apache/commons/configuration2/TestDataConfiguration.java,,,,assert,unknown
conf_112_13,commons-configuration2-2.8.0-src,TestDataConfiguration,testGetDateList_13_oe,src/test/java/org/apache/commons/configuration2/TestDataConfiguration.java,,,,assert,unknown
conf_113_1,commons-configuration2-2.8.0-src,TestDataConfiguration,testGetDateNoFormatPropertyConversionHandler_1_oe,src/test/java/org/apache/commons/configuration2/TestDataConfiguration.java,,,,assert,unknown
conf_114_1,commons-configuration2-2.8.0-src,TestDataConfiguration,testGetDateNoFormatPropertyDirectlySpecified_1_oe,src/test/java/org/apache/commons/configuration2/TestDataConfiguration.java,,,,assert,unknown
conf_115_1,commons-configuration2-2.8.0-src,TestDataConfiguration,testGetDoubleArray_1_oe,src/test/java/org/apache/commons/configuration2/TestDataConfiguration.java,,,,assert,unknown
conf_115_2,commons-configuration2-2.8.0-src,TestDataConfiguration,testGetDoubleArray_2_oe,src/test/java/org/apache/commons/configuration2/TestDataConfiguration.java,,,,assert,unknown
conf_115_3,commons-configuration2-2.8.0-src,TestDataConfiguration,testGetDoubleArray_3_oe,src/test/java/org/apache/commons/configuration2/TestDataConfiguration.java,,,,assert,unknown
conf_115_4,commons-configuration2-2.8.0-src,TestDataConfiguration,testGetDoubleArray_4_oe,src/test/java/org/apache/commons/configuration2/TestDataConfiguration.java,,,,assert,unknown
conf_115_5,commons-configuration2-2.8.0-src,TestDataConfiguration,testGetDoubleArray_5_oe,src/test/java/org/apache/commons/configuration2/TestDataConfiguration.java,,,,assert,unknown
conf_115_6,commons-configuration2-2.8.0-src,TestDataConfiguration,testGetDoubleArray_6_oe,src/test/java/org/apache/commons/configuration2/TestDataConfiguration.java,,,,assert,unknown
conf_115_7,commons-configuration2-2.8.0-src,TestDataConfiguration,testGetDoubleArray_7_oe,src/test/java/org/apache/commons/configuration2/TestDataConfiguration.java,,,,assert,unknown
conf_115_8,commons-configuration2-2.8.0-src,TestDataConfiguration,testGetDoubleArray_8_oe,src/test/java/org/apache/commons/configuration2/TestDataConfiguration.java,,,,assert,unknown
conf_115_9,commons-configuration2-2.8.0-src,TestDataConfiguration,testGetDoubleArray_9_oe,src/test/java/org/apache/commons/configuration2/TestDataConfiguration.java,,,,assert,unknown
conf_115_10,commons-configuration2-2.8.0-src,TestDataConfiguration,testGetDoubleArray_10_oe,src/test/java/org/apache/commons/configuration2/TestDataConfiguration.java,,,,assert,unknown
conf_115_11,commons-configuration2-2.8.0-src,TestDataConfiguration,testGetDoubleArray_11_oe,src/test/java/org/apache/commons/configuration2/TestDataConfiguration.java,,,,assert,unknown
conf_116_1,commons-configuration2-2.8.0-src,TestDataConfiguration,testGetDoubleList_1_oe,src/test/java/org/apache/commons/configuration2/TestDataConfiguration.java,,,,assert,unknown
conf_116_2,commons-configuration2-2.8.0-src,TestDataConfiguration,testGetDoubleList_2_oe,src/test/java/org/apache/commons/configuration2/TestDataConfiguration.java,,,,assert,unknown
conf_116_3,commons-configuration2-2.8.0-src,TestDataConfiguration,testGetDoubleList_3_oe,src/test/java/org/apache/commons/configuration2/TestDataConfiguration.java,,,,assert,unknown
conf_116_4,commons-configuration2-2.8.0-src,TestDataConfiguration,testGetDoubleList_4_oe,src/test/java/org/apache/commons/configuration2/TestDataConfiguration.java,,,,assert,unknown
conf_116_5,commons-configuration2-2.8.0-src,TestDataConfiguration,testGetDoubleList_5_oe,src/test/java/org/apache/commons/configuration2/TestDataConfiguration.java,,,,assert,unknown
conf_116_6,commons-configuration2-2.8.0-src,TestDataConfiguration,testGetDoubleList_6_oe,src/test/java/org/apache/commons/configuration2/TestDataConfiguration.java,,,,assert,unknown
conf_116_7,commons-configuration2-2.8.0-src,TestDataConfiguration,testGetDoubleList_7_oe,src/test/java/org/apache/commons/configuration2/TestDataConfiguration.java,,,,assert,unknown
conf_116_8,commons-configuration2-2.8.0-src,TestDataConfiguration,testGetDoubleList_8_oe,src/test/java/org/apache/commons/configuration2/TestDataConfiguration.java,,,,assert,unknown
conf_116_9,commons-configuration2-2.8.0-src,TestDataConfiguration,testGetDoubleList_9_oe,src/test/java/org/apache/commons/configuration2/TestDataConfiguration.java,,,,assert,unknown
conf_116_10,commons-configuration2-2.8.0-src,TestDataConfiguration,testGetDoubleList_10_oe,src/test/java/org/apache/commons/configuration2/TestDataConfiguration.java,,,,assert,unknown
conf_116_11,commons-configuration2-2.8.0-src,TestDataConfiguration,testGetDoubleList_11_oe,src/test/java/org/apache/commons/configuration2/TestDataConfiguration.java,,,,assert,unknown
conf_117_1,commons-configuration2-2.8.0-src,TestDataConfiguration,testGetFloatArray_1_oe,src/test/java/org/apache/commons/configuration2/TestDataConfiguration.java,,,,assert,unknown
conf_117_2,commons-configuration2-2.8.0-src,TestDataConfiguration,testGetFloatArray_2_oe,src/test/java/org/apache/commons/configuration2/TestDataConfiguration.java,,,,assert,unknown
conf_117_3,commons-configuration2-2.8.0-src,TestDataConfiguration,testGetFloatArray_3_oe,src/test/java/org/apache/commons/configuration2/TestDataConfiguration.java,,,,assert,unknown
conf_117_4,commons-configuration2-2.8.0-src,TestDataConfiguration,testGetFloatArray_4_oe,src/test/java/org/apache/commons/configuration2/TestDataConfiguration.java,,,,assert,unknown
conf_117_5,commons-configuration2-2.8.0-src,TestDataConfiguration,testGetFloatArray_5_oe,src/test/java/org/apache/commons/configuration2/TestDataConfiguration.java,,,,assert,unknown
conf_117_6,commons-configuration2-2.8.0-src,TestDataConfiguration,testGetFloatArray_6_oe,src/test/java/org/apache/commons/configuration2/TestDataConfiguration.java,,,,assert,unknown
conf_117_7,commons-configuration2-2.8.0-src,TestDataConfiguration,testGetFloatArray_7_oe,src/test/java/org/apache/commons/configuration2/TestDataConfiguration.java,,,,assert,unknown
conf_117_8,commons-configuration2-2.8.0-src,TestDataConfiguration,testGetFloatArray_8_oe,src/test/java/org/apache/commons/configuration2/TestDataConfiguration.java,,,,assert,unknown
conf_117_9,commons-configuration2-2.8.0-src,TestDataConfiguration,testGetFloatArray_9_oe,src/test/java/org/apache/commons/configuration2/TestDataConfiguration.java,,,,assert,unknown
conf_117_10,commons-configuration2-2.8.0-src,TestDataConfiguration,testGetFloatArray_10_oe,src/test/java/org/apache/commons/configuration2/TestDataConfiguration.java,,,,assert,unknown
conf_117_11,commons-configuration2-2.8.0-src,TestDataConfiguration,testGetFloatArray_11_oe,src/test/java/org/apache/commons/configuration2/TestDataConfiguration.java,,,,assert,unknown
conf_118_1,commons-configuration2-2.8.0-src,TestDataConfiguration,testGetFloatList_1_oe,src/test/java/org/apache/commons/configuration2/TestDataConfiguration.java,,,,assert,unknown
conf_118_2,commons-configuration2-2.8.0-src,TestDataConfiguration,testGetFloatList_2_oe,src/test/java/org/apache/commons/configuration2/TestDataConfiguration.java,,,,assert,unknown
conf_118_3,commons-configuration2-2.8.0-src,TestDataConfiguration,testGetFloatList_3_oe,src/test/java/org/apache/commons/configuration2/TestDataConfiguration.java,,,,assert,unknown
conf_118_4,commons-configuration2-2.8.0-src,TestDataConfiguration,testGetFloatList_4_oe,src/test/java/org/apache/commons/configuration2/TestDataConfiguration.java,,,,assert,unknown
conf_118_5,commons-configuration2-2.8.0-src,TestDataConfiguration,testGetFloatList_5_oe,src/test/java/org/apache/commons/configuration2/TestDataConfiguration.java,,,,assert,unknown
conf_118_6,commons-configuration2-2.8.0-src,TestDataConfiguration,testGetFloatList_6_oe,src/test/java/org/apache/commons/configuration2/TestDataConfiguration.java,,,,assert,unknown
conf_118_7,commons-configuration2-2.8.0-src,TestDataConfiguration,testGetFloatList_7_oe,src/test/java/org/apache/commons/configuration2/TestDataConfiguration.java,,,,assert,unknown
conf_118_8,commons-configuration2-2.8.0-src,TestDataConfiguration,testGetFloatList_8_oe,src/test/java/org/apache/commons/configuration2/TestDataConfiguration.java,,,,assert,unknown
conf_118_9,commons-configuration2-2.8.0-src,TestDataConfiguration,testGetFloatList_9_oe,src/test/java/org/apache/commons/configuration2/TestDataConfiguration.java,,,,assert,unknown
conf_118_10,commons-configuration2-2.8.0-src,TestDataConfiguration,testGetFloatList_10_oe,src/test/java/org/apache/commons/configuration2/TestDataConfiguration.java,,,,assert,unknown
conf_118_11,commons-configuration2-2.8.0-src,TestDataConfiguration,testGetFloatList_11_oe,src/test/java/org/apache/commons/configuration2/TestDataConfiguration.java,,,,assert,unknown
conf_119_1,commons-configuration2-2.8.0-src,TestDataConfiguration,testGetInetAddress_1_oe,src/test/java/org/apache/commons/configuration2/TestDataConfiguration.java,,,,assert,unknown
conf_119_2,commons-configuration2-2.8.0-src,TestDataConfiguration,testGetInetAddress_2_oe,src/test/java/org/apache/commons/configuration2/TestDataConfiguration.java,,,,assert,unknown
conf_119_3,commons-configuration2-2.8.0-src,TestDataConfiguration,testGetInetAddress_3_oe,src/test/java/org/apache/commons/configuration2/TestDataConfiguration.java,,,,assert,unknown
conf_120_1,commons-configuration2-2.8.0-src,TestDataConfiguration,testGetIntegerArray_1_oe,src/test/java/org/apache/commons/configuration2/TestDataConfiguration.java,,,,assert,unknown
conf_120_2,commons-configuration2-2.8.0-src,TestDataConfiguration,testGetIntegerArray_2_oe,src/test/java/org/apache/commons/configuration2/TestDataConfiguration.java,,,,assert,unknown
conf_120_3,commons-configuration2-2.8.0-src,TestDataConfiguration,testGetIntegerArray_3_oe,src/test/java/org/apache/commons/configuration2/TestDataConfiguration.java,,,,assert,unknown
conf_120_4,commons-configuration2-2.8.0-src,TestDataConfiguration,testGetIntegerArray_4_oe,src/test/java/org/apache/commons/configuration2/TestDataConfiguration.java,,,,assert,unknown
conf_120_5,commons-configuration2-2.8.0-src,TestDataConfiguration,testGetIntegerArray_5_oe,src/test/java/org/apache/commons/configuration2/TestDataConfiguration.java,,,,assert,unknown
conf_120_6,commons-configuration2-2.8.0-src,TestDataConfiguration,testGetIntegerArray_6_oe,src/test/java/org/apache/commons/configuration2/TestDataConfiguration.java,,,,assert,unknown
conf_120_7,commons-configuration2-2.8.0-src,TestDataConfiguration,testGetIntegerArray_7_oe,src/test/java/org/apache/commons/configuration2/TestDataConfiguration.java,,,,assert,unknown
conf_120_8,commons-configuration2-2.8.0-src,TestDataConfiguration,testGetIntegerArray_8_oe,src/test/java/org/apache/commons/configuration2/TestDataConfiguration.java,,,,assert,unknown
conf_120_9,commons-configuration2-2.8.0-src,TestDataConfiguration,testGetIntegerArray_9_oe,src/test/java/org/apache/commons/configuration2/TestDataConfiguration.java,,,,assert,unknown
conf_120_10,commons-configuration2-2.8.0-src,TestDataConfiguration,testGetIntegerArray_10_oe,src/test/java/org/apache/commons/configuration2/TestDataConfiguration.java,,,,assert,unknown
conf_120_11,commons-configuration2-2.8.0-src,TestDataConfiguration,testGetIntegerArray_11_oe,src/test/java/org/apache/commons/configuration2/TestDataConfiguration.java,,,,assert,unknown
conf_121_1,commons-configuration2-2.8.0-src,TestDataConfiguration,testGetIntegerList_1_oe,src/test/java/org/apache/commons/configuration2/TestDataConfiguration.java,,,,assert,unknown
conf_121_2,commons-configuration2-2.8.0-src,TestDataConfiguration,testGetIntegerList_2_oe,src/test/java/org/apache/commons/configuration2/TestDataConfiguration.java,,,,assert,unknown
conf_121_3,commons-configuration2-2.8.0-src,TestDataConfiguration,testGetIntegerList_3_oe,src/test/java/org/apache/commons/configuration2/TestDataConfiguration.java,,,,assert,unknown
conf_121_4,commons-configuration2-2.8.0-src,TestDataConfiguration,testGetIntegerList_4_oe,src/test/java/org/apache/commons/configuration2/TestDataConfiguration.java,,,,assert,unknown
conf_121_5,commons-configuration2-2.8.0-src,TestDataConfiguration,testGetIntegerList_5_oe,src/test/java/org/apache/commons/configuration2/TestDataConfiguration.java,,,,assert,unknown
conf_121_6,commons-configuration2-2.8.0-src,TestDataConfiguration,testGetIntegerList_6_oe,src/test/java/org/apache/commons/configuration2/TestDataConfiguration.java,,,,assert,unknown
conf_121_7,commons-configuration2-2.8.0-src,TestDataConfiguration,testGetIntegerList_7_oe,src/test/java/org/apache/commons/configuration2/TestDataConfiguration.java,,,,assert,unknown
conf_121_8,commons-configuration2-2.8.0-src,TestDataConfiguration,testGetIntegerList_8_oe,src/test/java/org/apache/commons/configuration2/TestDataConfiguration.java,,,,assert,unknown
conf_121_9,commons-configuration2-2.8.0-src,TestDataConfiguration,testGetIntegerList_9_oe,src/test/java/org/apache/commons/configuration2/TestDataConfiguration.java,,,,assert,unknown
conf_121_10,commons-configuration2-2.8.0-src,TestDataConfiguration,testGetIntegerList_10_oe,src/test/java/org/apache/commons/configuration2/TestDataConfiguration.java,,,,assert,unknown
conf_121_11,commons-configuration2-2.8.0-src,TestDataConfiguration,testGetIntegerList_11_oe,src/test/java/org/apache/commons/configuration2/TestDataConfiguration.java,,,,assert,unknown
conf_122_1,commons-configuration2-2.8.0-src,TestDataConfiguration,testGetInternetAddress_1_oe,src/test/java/org/apache/commons/configuration2/TestDataConfiguration.java,,,,assert,unknown
conf_122_2,commons-configuration2-2.8.0-src,TestDataConfiguration,testGetInternetAddress_2_oe,src/test/java/org/apache/commons/configuration2/TestDataConfiguration.java,,,,assert,unknown
conf_122_3,commons-configuration2-2.8.0-src,TestDataConfiguration,testGetInternetAddress_3_oe,src/test/java/org/apache/commons/configuration2/TestDataConfiguration.java,,,,assert,unknown
conf_123_1,commons-configuration2-2.8.0-src,TestDataConfiguration,testGetKeys_1_oe,src/test/java/org/apache/commons/configuration2/TestDataConfiguration.java,,,,assert,unknown
conf_123_2,commons-configuration2-2.8.0-src,TestDataConfiguration,testGetKeys_2_oe,src/test/java/org/apache/commons/configuration2/TestDataConfiguration.java,,,,assert,unknown
conf_123_3,commons-configuration2-2.8.0-src,TestDataConfiguration,testGetKeys_3_oe,src/test/java/org/apache/commons/configuration2/TestDataConfiguration.java,,,,assert,unknown
conf_124_1,commons-configuration2-2.8.0-src,TestDataConfiguration,testGetLocale_1_oe,src/test/java/org/apache/commons/configuration2/TestDataConfiguration.java,,,,assert,unknown
conf_124_2,commons-configuration2-2.8.0-src,TestDataConfiguration,testGetLocale_2_oe,src/test/java/org/apache/commons/configuration2/TestDataConfiguration.java,,,,assert,unknown
conf_124_3,commons-configuration2-2.8.0-src,TestDataConfiguration,testGetLocale_3_oe,src/test/java/org/apache/commons/configuration2/TestDataConfiguration.java,,,,assert,unknown
conf_124_4,commons-configuration2-2.8.0-src,TestDataConfiguration,testGetLocale_4_oe,src/test/java/org/apache/commons/configuration2/TestDataConfiguration.java,,,,assert,unknown
conf_124_5,commons-configuration2-2.8.0-src,TestDataConfiguration,testGetLocale_5_oe,src/test/java/org/apache/commons/configuration2/TestDataConfiguration.java,,,,assert,unknown
conf_124_6,commons-configuration2-2.8.0-src,TestDataConfiguration,testGetLocale_6_oe,src/test/java/org/apache/commons/configuration2/TestDataConfiguration.java,,,,assert,unknown
conf_124_7,commons-configuration2-2.8.0-src,TestDataConfiguration,testGetLocale_7_oe,src/test/java/org/apache/commons/configuration2/TestDataConfiguration.java,,,,assert,unknown
conf_124_8,commons-configuration2-2.8.0-src,TestDataConfiguration,testGetLocale_8_oe,src/test/java/org/apache/commons/configuration2/TestDataConfiguration.java,,,,assert,unknown
conf_124_9,commons-configuration2-2.8.0-src,TestDataConfiguration,testGetLocale_9_oe,src/test/java/org/apache/commons/configuration2/TestDataConfiguration.java,,,,assert,unknown
conf_125_1,commons-configuration2-2.8.0-src,TestDataConfiguration,testGetLocaleArray_1_oe,src/test/java/org/apache/commons/configuration2/TestDataConfiguration.java,,,,assert,unknown
conf_125_2,commons-configuration2-2.8.0-src,TestDataConfiguration,testGetLocaleArray_2_oe,src/test/java/org/apache/commons/configuration2/TestDataConfiguration.java,,,,assert,unknown
conf_125_3,commons-configuration2-2.8.0-src,TestDataConfiguration,testGetLocaleArray_3_oe,src/test/java/org/apache/commons/configuration2/TestDataConfiguration.java,,,,assert,unknown
conf_125_4,commons-configuration2-2.8.0-src,TestDataConfiguration,testGetLocaleArray_4_oe,src/test/java/org/apache/commons/configuration2/TestDataConfiguration.java,,,,assert,unknown
conf_125_5,commons-configuration2-2.8.0-src,TestDataConfiguration,testGetLocaleArray_5_oe,src/test/java/org/apache/commons/configuration2/TestDataConfiguration.java,,,,assert,unknown
conf_125_6,commons-configuration2-2.8.0-src,TestDataConfiguration,testGetLocaleArray_6_oe,src/test/java/org/apache/commons/configuration2/TestDataConfiguration.java,,,,assert,unknown
conf_125_7,commons-configuration2-2.8.0-src,TestDataConfiguration,testGetLocaleArray_7_oe,src/test/java/org/apache/commons/configuration2/TestDataConfiguration.java,,,,assert,unknown
conf_125_8,commons-configuration2-2.8.0-src,TestDataConfiguration,testGetLocaleArray_8_oe,src/test/java/org/apache/commons/configuration2/TestDataConfiguration.java,,,,assert,unknown
conf_125_9,commons-configuration2-2.8.0-src,TestDataConfiguration,testGetLocaleArray_9_oe,src/test/java/org/apache/commons/configuration2/TestDataConfiguration.java,,,,assert,unknown
conf_125_10,commons-configuration2-2.8.0-src,TestDataConfiguration,testGetLocaleArray_10_oe,src/test/java/org/apache/commons/configuration2/TestDataConfiguration.java,,,,assert,unknown
conf_126_1,commons-configuration2-2.8.0-src,TestDataConfiguration,testGetLocaleList_1_oe,src/test/java/org/apache/commons/configuration2/TestDataConfiguration.java,,,,assert,unknown
conf_126_2,commons-configuration2-2.8.0-src,TestDataConfiguration,testGetLocaleList_2_oe,src/test/java/org/apache/commons/configuration2/TestDataConfiguration.java,,,,assert,unknown
conf_126_3,commons-configuration2-2.8.0-src,TestDataConfiguration,testGetLocaleList_3_oe,src/test/java/org/apache/commons/configuration2/TestDataConfiguration.java,,,,assert,unknown
conf_126_4,commons-configuration2-2.8.0-src,TestDataConfiguration,testGetLocaleList_4_oe,src/test/java/org/apache/commons/configuration2/TestDataConfiguration.java,,,,assert,unknown
conf_126_5,commons-configuration2-2.8.0-src,TestDataConfiguration,testGetLocaleList_5_oe,src/test/java/org/apache/commons/configuration2/TestDataConfiguration.java,,,,assert,unknown
conf_126_6,commons-configuration2-2.8.0-src,TestDataConfiguration,testGetLocaleList_6_oe,src/test/java/org/apache/commons/configuration2/TestDataConfiguration.java,,,,assert,unknown
conf_126_7,commons-configuration2-2.8.0-src,TestDataConfiguration,testGetLocaleList_7_oe,src/test/java/org/apache/commons/configuration2/TestDataConfiguration.java,,,,assert,unknown
conf_126_8,commons-configuration2-2.8.0-src,TestDataConfiguration,testGetLocaleList_8_oe,src/test/java/org/apache/commons/configuration2/TestDataConfiguration.java,,,,assert,unknown
conf_126_9,commons-configuration2-2.8.0-src,TestDataConfiguration,testGetLocaleList_9_oe,src/test/java/org/apache/commons/configuration2/TestDataConfiguration.java,,,,assert,unknown
conf_126_10,commons-configuration2-2.8.0-src,TestDataConfiguration,testGetLocaleList_10_oe,src/test/java/org/apache/commons/configuration2/TestDataConfiguration.java,,,,assert,unknown
conf_127_1,commons-configuration2-2.8.0-src,TestDataConfiguration,testGetLongArray_1_oe,src/test/java/org/apache/commons/configuration2/TestDataConfiguration.java,,,,assert,unknown
conf_127_2,commons-configuration2-2.8.0-src,TestDataConfiguration,testGetLongArray_2_oe,src/test/java/org/apache/commons/configuration2/TestDataConfiguration.java,,,,assert,unknown
conf_127_3,commons-configuration2-2.8.0-src,TestDataConfiguration,testGetLongArray_3_oe,src/test/java/org/apache/commons/configuration2/TestDataConfiguration.java,,,,assert,unknown
conf_127_4,commons-configuration2-2.8.0-src,TestDataConfiguration,testGetLongArray_4_oe,src/test/java/org/apache/commons/configuration2/TestDataConfiguration.java,,,,assert,unknown
conf_127_5,commons-configuration2-2.8.0-src,TestDataConfiguration,testGetLongArray_5_oe,src/test/java/org/apache/commons/configuration2/TestDataConfiguration.java,,,,assert,unknown
conf_127_6,commons-configuration2-2.8.0-src,TestDataConfiguration,testGetLongArray_6_oe,src/test/java/org/apache/commons/configuration2/TestDataConfiguration.java,,,,assert,unknown
conf_127_7,commons-configuration2-2.8.0-src,TestDataConfiguration,testGetLongArray_7_oe,src/test/java/org/apache/commons/configuration2/TestDataConfiguration.java,,,,assert,unknown
conf_127_8,commons-configuration2-2.8.0-src,TestDataConfiguration,testGetLongArray_8_oe,src/test/java/org/apache/commons/configuration2/TestDataConfiguration.java,,,,assert,unknown
conf_127_9,commons-configuration2-2.8.0-src,TestDataConfiguration,testGetLongArray_9_oe,src/test/java/org/apache/commons/configuration2/TestDataConfiguration.java,,,,assert,unknown
conf_127_10,commons-configuration2-2.8.0-src,TestDataConfiguration,testGetLongArray_10_oe,src/test/java/org/apache/commons/configuration2/TestDataConfiguration.java,,,,assert,unknown
conf_127_11,commons-configuration2-2.8.0-src,TestDataConfiguration,testGetLongArray_11_oe,src/test/java/org/apache/commons/configuration2/TestDataConfiguration.java,,,,assert,unknown
conf_128_1,commons-configuration2-2.8.0-src,TestDataConfiguration,testGetLongList_1_oe,src/test/java/org/apache/commons/configuration2/TestDataConfiguration.java,,,,assert,unknown
conf_128_2,commons-configuration2-2.8.0-src,TestDataConfiguration,testGetLongList_2_oe,src/test/java/org/apache/commons/configuration2/TestDataConfiguration.java,,,,assert,unknown
conf_128_3,commons-configuration2-2.8.0-src,TestDataConfiguration,testGetLongList_3_oe,src/test/java/org/apache/commons/configuration2/TestDataConfiguration.java,,,,assert,unknown
conf_128_4,commons-configuration2-2.8.0-src,TestDataConfiguration,testGetLongList_4_oe,src/test/java/org/apache/commons/configuration2/TestDataConfiguration.java,,,,assert,unknown
conf_128_5,commons-configuration2-2.8.0-src,TestDataConfiguration,testGetLongList_5_oe,src/test/java/org/apache/commons/configuration2/TestDataConfiguration.java,,,,assert,unknown
conf_128_6,commons-configuration2-2.8.0-src,TestDataConfiguration,testGetLongList_6_oe,src/test/java/org/apache/commons/configuration2/TestDataConfiguration.java,,,,assert,unknown
conf_128_7,commons-configuration2-2.8.0-src,TestDataConfiguration,testGetLongList_7_oe,src/test/java/org/apache/commons/configuration2/TestDataConfiguration.java,,,,assert,unknown
conf_128_8,commons-configuration2-2.8.0-src,TestDataConfiguration,testGetLongList_8_oe,src/test/java/org/apache/commons/configuration2/TestDataConfiguration.java,,,,assert,unknown
conf_128_9,commons-configuration2-2.8.0-src,TestDataConfiguration,testGetLongList_9_oe,src/test/java/org/apache/commons/configuration2/TestDataConfiguration.java,,,,assert,unknown
conf_128_10,commons-configuration2-2.8.0-src,TestDataConfiguration,testGetLongList_10_oe,src/test/java/org/apache/commons/configuration2/TestDataConfiguration.java,,,,assert,unknown
conf_128_11,commons-configuration2-2.8.0-src,TestDataConfiguration,testGetLongList_11_oe,src/test/java/org/apache/commons/configuration2/TestDataConfiguration.java,,,,assert,unknown
conf_129_1,commons-configuration2-2.8.0-src,TestDataConfiguration,testGetPropertyWithoutConversion_1_oe,src/test/java/org/apache/commons/configuration2/TestDataConfiguration.java,,,,assert,unknown
conf_130_1,commons-configuration2-2.8.0-src,TestDataConfiguration,testGetShortArray_1_oe,src/test/java/org/apache/commons/configuration2/TestDataConfiguration.java,,,,assert,unknown
conf_130_2,commons-configuration2-2.8.0-src,TestDataConfiguration,testGetShortArray_2_oe,src/test/java/org/apache/commons/configuration2/TestDataConfiguration.java,,,,assert,unknown
conf_130_3,commons-configuration2-2.8.0-src,TestDataConfiguration,testGetShortArray_3_oe,src/test/java/org/apache/commons/configuration2/TestDataConfiguration.java,,,,assert,unknown
conf_130_4,commons-configuration2-2.8.0-src,TestDataConfiguration,testGetShortArray_4_oe,src/test/java/org/apache/commons/configuration2/TestDataConfiguration.java,,,,assert,unknown
conf_130_5,commons-configuration2-2.8.0-src,TestDataConfiguration,testGetShortArray_5_oe,src/test/java/org/apache/commons/configuration2/TestDataConfiguration.java,,,,assert,unknown
conf_130_6,commons-configuration2-2.8.0-src,TestDataConfiguration,testGetShortArray_6_oe,src/test/java/org/apache/commons/configuration2/TestDataConfiguration.java,,,,assert,unknown
conf_130_7,commons-configuration2-2.8.0-src,TestDataConfiguration,testGetShortArray_7_oe,src/test/java/org/apache/commons/configuration2/TestDataConfiguration.java,,,,assert,unknown
conf_130_8,commons-configuration2-2.8.0-src,TestDataConfiguration,testGetShortArray_8_oe,src/test/java/org/apache/commons/configuration2/TestDataConfiguration.java,,,,assert,unknown
conf_130_9,commons-configuration2-2.8.0-src,TestDataConfiguration,testGetShortArray_9_oe,src/test/java/org/apache/commons/configuration2/TestDataConfiguration.java,,,,assert,unknown
conf_130_10,commons-configuration2-2.8.0-src,TestDataConfiguration,testGetShortArray_10_oe,src/test/java/org/apache/commons/configuration2/TestDataConfiguration.java,,,,assert,unknown
conf_130_11,commons-configuration2-2.8.0-src,TestDataConfiguration,testGetShortArray_11_oe,src/test/java/org/apache/commons/configuration2/TestDataConfiguration.java,,,,assert,unknown
conf_131_1,commons-configuration2-2.8.0-src,TestDataConfiguration,testGetShortList_1_oe,src/test/java/org/apache/commons/configuration2/TestDataConfiguration.java,,,,assert,unknown
conf_131_2,commons-configuration2-2.8.0-src,TestDataConfiguration,testGetShortList_2_oe,src/test/java/org/apache/commons/configuration2/TestDataConfiguration.java,,,,assert,unknown
conf_131_3,commons-configuration2-2.8.0-src,TestDataConfiguration,testGetShortList_3_oe,src/test/java/org/apache/commons/configuration2/TestDataConfiguration.java,,,,assert,unknown
conf_131_4,commons-configuration2-2.8.0-src,TestDataConfiguration,testGetShortList_4_oe,src/test/java/org/apache/commons/configuration2/TestDataConfiguration.java,,,,assert,unknown
conf_131_5,commons-configuration2-2.8.0-src,TestDataConfiguration,testGetShortList_5_oe,src/test/java/org/apache/commons/configuration2/TestDataConfiguration.java,,,,assert,unknown
conf_131_6,commons-configuration2-2.8.0-src,TestDataConfiguration,testGetShortList_6_oe,src/test/java/org/apache/commons/configuration2/TestDataConfiguration.java,,,,assert,unknown
conf_131_7,commons-configuration2-2.8.0-src,TestDataConfiguration,testGetShortList_7_oe,src/test/java/org/apache/commons/configuration2/TestDataConfiguration.java,,,,assert,unknown
conf_131_8,commons-configuration2-2.8.0-src,TestDataConfiguration,testGetShortList_8_oe,src/test/java/org/apache/commons/configuration2/TestDataConfiguration.java,,,,assert,unknown
conf_131_9,commons-configuration2-2.8.0-src,TestDataConfiguration,testGetShortList_9_oe,src/test/java/org/apache/commons/configuration2/TestDataConfiguration.java,,,,assert,unknown
conf_131_10,commons-configuration2-2.8.0-src,TestDataConfiguration,testGetShortList_10_oe,src/test/java/org/apache/commons/configuration2/TestDataConfiguration.java,,,,assert,unknown
conf_131_11,commons-configuration2-2.8.0-src,TestDataConfiguration,testGetShortList_11_oe,src/test/java/org/apache/commons/configuration2/TestDataConfiguration.java,,,,assert,unknown
conf_132_1,commons-configuration2-2.8.0-src,TestDataConfiguration,testGetUnknown_1_oe,src/test/java/org/apache/commons/configuration2/TestDataConfiguration.java,,,,assert,unknown
conf_133_1,commons-configuration2-2.8.0-src,TestDataConfiguration,testGetURI_1_oe,src/test/java/org/apache/commons/configuration2/TestDataConfiguration.java,,,,assert,unknown
conf_133_2,commons-configuration2-2.8.0-src,TestDataConfiguration,testGetURI_2_oe,src/test/java/org/apache/commons/configuration2/TestDataConfiguration.java,,,,assert,unknown
conf_133_3,commons-configuration2-2.8.0-src,TestDataConfiguration,testGetURI_3_oe,src/test/java/org/apache/commons/configuration2/TestDataConfiguration.java,,,,assert,unknown
conf_133_4,commons-configuration2-2.8.0-src,TestDataConfiguration,testGetURI_4_oe,src/test/java/org/apache/commons/configuration2/TestDataConfiguration.java,,,,assert,unknown
conf_134_1,commons-configuration2-2.8.0-src,TestDataConfiguration,testGetURIArray_1_oe,src/test/java/org/apache/commons/configuration2/TestDataConfiguration.java,,,,assert,unknown
conf_134_2,commons-configuration2-2.8.0-src,TestDataConfiguration,testGetURIArray_2_oe,src/test/java/org/apache/commons/configuration2/TestDataConfiguration.java,,,,assert,unknown
conf_134_3,commons-configuration2-2.8.0-src,TestDataConfiguration,testGetURIArray_3_oe,src/test/java/org/apache/commons/configuration2/TestDataConfiguration.java,,,,assert,unknown
conf_134_4,commons-configuration2-2.8.0-src,TestDataConfiguration,testGetURIArray_4_oe,src/test/java/org/apache/commons/configuration2/TestDataConfiguration.java,,,,assert,unknown
conf_134_5,commons-configuration2-2.8.0-src,TestDataConfiguration,testGetURIArray_5_oe,src/test/java/org/apache/commons/configuration2/TestDataConfiguration.java,,,,assert,unknown
conf_134_6,commons-configuration2-2.8.0-src,TestDataConfiguration,testGetURIArray_6_oe,src/test/java/org/apache/commons/configuration2/TestDataConfiguration.java,,,,assert,unknown
conf_134_7,commons-configuration2-2.8.0-src,TestDataConfiguration,testGetURIArray_7_oe,src/test/java/org/apache/commons/configuration2/TestDataConfiguration.java,,,,assert,unknown
conf_134_8,commons-configuration2-2.8.0-src,TestDataConfiguration,testGetURIArray_8_oe,src/test/java/org/apache/commons/configuration2/TestDataConfiguration.java,,,,assert,unknown
conf_134_9,commons-configuration2-2.8.0-src,TestDataConfiguration,testGetURIArray_9_oe,src/test/java/org/apache/commons/configuration2/TestDataConfiguration.java,,,,assert,unknown
conf_134_10,commons-configuration2-2.8.0-src,TestDataConfiguration,testGetURIArray_10_oe,src/test/java/org/apache/commons/configuration2/TestDataConfiguration.java,,,,assert,unknown
conf_135_1,commons-configuration2-2.8.0-src,TestDataConfiguration,testGetURIList_1_oe,src/test/java/org/apache/commons/configuration2/TestDataConfiguration.java,,,,assert,unknown
conf_135_2,commons-configuration2-2.8.0-src,TestDataConfiguration,testGetURIList_2_oe,src/test/java/org/apache/commons/configuration2/TestDataConfiguration.java,,,,assert,unknown
conf_135_3,commons-configuration2-2.8.0-src,TestDataConfiguration,testGetURIList_3_oe,src/test/java/org/apache/commons/configuration2/TestDataConfiguration.java,,,,assert,unknown
conf_135_4,commons-configuration2-2.8.0-src,TestDataConfiguration,testGetURIList_4_oe,src/test/java/org/apache/commons/configuration2/TestDataConfiguration.java,,,,assert,unknown
conf_135_5,commons-configuration2-2.8.0-src,TestDataConfiguration,testGetURIList_5_oe,src/test/java/org/apache/commons/configuration2/TestDataConfiguration.java,,,,assert,unknown
conf_135_6,commons-configuration2-2.8.0-src,TestDataConfiguration,testGetURIList_6_oe,src/test/java/org/apache/commons/configuration2/TestDataConfiguration.java,,,,assert,unknown
conf_135_7,commons-configuration2-2.8.0-src,TestDataConfiguration,testGetURIList_7_oe,src/test/java/org/apache/commons/configuration2/TestDataConfiguration.java,,,,assert,unknown
conf_135_8,commons-configuration2-2.8.0-src,TestDataConfiguration,testGetURIList_8_oe,src/test/java/org/apache/commons/configuration2/TestDataConfiguration.java,,,,assert,unknown
conf_135_9,commons-configuration2-2.8.0-src,TestDataConfiguration,testGetURIList_9_oe,src/test/java/org/apache/commons/configuration2/TestDataConfiguration.java,,,,assert,unknown
conf_135_10,commons-configuration2-2.8.0-src,TestDataConfiguration,testGetURIList_10_oe,src/test/java/org/apache/commons/configuration2/TestDataConfiguration.java,,,,assert,unknown
conf_136_1,commons-configuration2-2.8.0-src,TestDataConfiguration,testGetURL_1_oe,src/test/java/org/apache/commons/configuration2/TestDataConfiguration.java,,,,assert,unknown
conf_136_2,commons-configuration2-2.8.0-src,TestDataConfiguration,testGetURL_2_oe,src/test/java/org/apache/commons/configuration2/TestDataConfiguration.java,,,,assert,unknown
conf_136_3,commons-configuration2-2.8.0-src,TestDataConfiguration,testGetURL_3_oe,src/test/java/org/apache/commons/configuration2/TestDataConfiguration.java,,,,assert,unknown
conf_136_4,commons-configuration2-2.8.0-src,TestDataConfiguration,testGetURL_4_oe,src/test/java/org/apache/commons/configuration2/TestDataConfiguration.java,,,,assert,unknown
conf_137_1,commons-configuration2-2.8.0-src,TestDataConfiguration,testGetURLArray_1_oe,src/test/java/org/apache/commons/configuration2/TestDataConfiguration.java,,,,assert,unknown
conf_137_2,commons-configuration2-2.8.0-src,TestDataConfiguration,testGetURLArray_2_oe,src/test/java/org/apache/commons/configuration2/TestDataConfiguration.java,,,,assert,unknown
conf_137_3,commons-configuration2-2.8.0-src,TestDataConfiguration,testGetURLArray_3_oe,src/test/java/org/apache/commons/configuration2/TestDataConfiguration.java,,,,assert,unknown
conf_137_4,commons-configuration2-2.8.0-src,TestDataConfiguration,testGetURLArray_4_oe,src/test/java/org/apache/commons/configuration2/TestDataConfiguration.java,,,,assert,unknown
conf_137_5,commons-configuration2-2.8.0-src,TestDataConfiguration,testGetURLArray_5_oe,src/test/java/org/apache/commons/configuration2/TestDataConfiguration.java,,,,assert,unknown
conf_137_6,commons-configuration2-2.8.0-src,TestDataConfiguration,testGetURLArray_6_oe,src/test/java/org/apache/commons/configuration2/TestDataConfiguration.java,,,,assert,unknown
conf_137_7,commons-configuration2-2.8.0-src,TestDataConfiguration,testGetURLArray_7_oe,src/test/java/org/apache/commons/configuration2/TestDataConfiguration.java,,,,assert,unknown
conf_137_8,commons-configuration2-2.8.0-src,TestDataConfiguration,testGetURLArray_8_oe,src/test/java/org/apache/commons/configuration2/TestDataConfiguration.java,,,,assert,unknown
conf_137_9,commons-configuration2-2.8.0-src,TestDataConfiguration,testGetURLArray_9_oe,src/test/java/org/apache/commons/configuration2/TestDataConfiguration.java,,,,assert,unknown
conf_137_10,commons-configuration2-2.8.0-src,TestDataConfiguration,testGetURLArray_10_oe,src/test/java/org/apache/commons/configuration2/TestDataConfiguration.java,,,,assert,unknown
conf_138_1,commons-configuration2-2.8.0-src,TestDataConfiguration,testGetURLList_1_oe,src/test/java/org/apache/commons/configuration2/TestDataConfiguration.java,,,,assert,unknown
conf_138_2,commons-configuration2-2.8.0-src,TestDataConfiguration,testGetURLList_2_oe,src/test/java/org/apache/commons/configuration2/TestDataConfiguration.java,,,,assert,unknown
conf_138_3,commons-configuration2-2.8.0-src,TestDataConfiguration,testGetURLList_3_oe,src/test/java/org/apache/commons/configuration2/TestDataConfiguration.java,,,,assert,unknown
conf_138_4,commons-configuration2-2.8.0-src,TestDataConfiguration,testGetURLList_4_oe,src/test/java/org/apache/commons/configuration2/TestDataConfiguration.java,,,,assert,unknown
conf_138_5,commons-configuration2-2.8.0-src,TestDataConfiguration,testGetURLList_5_oe,src/test/java/org/apache/commons/configuration2/TestDataConfiguration.java,,,,assert,unknown
conf_138_6,commons-configuration2-2.8.0-src,TestDataConfiguration,testGetURLList_6_oe,src/test/java/org/apache/commons/configuration2/TestDataConfiguration.java,,,,assert,unknown
conf_138_7,commons-configuration2-2.8.0-src,TestDataConfiguration,testGetURLList_7_oe,src/test/java/org/apache/commons/configuration2/TestDataConfiguration.java,,,,assert,unknown
conf_138_8,commons-configuration2-2.8.0-src,TestDataConfiguration,testGetURLList_8_oe,src/test/java/org/apache/commons/configuration2/TestDataConfiguration.java,,,,assert,unknown
conf_138_9,commons-configuration2-2.8.0-src,TestDataConfiguration,testGetURLList_9_oe,src/test/java/org/apache/commons/configuration2/TestDataConfiguration.java,,,,assert,unknown
conf_138_10,commons-configuration2-2.8.0-src,TestDataConfiguration,testGetURLList_10_oe,src/test/java/org/apache/commons/configuration2/TestDataConfiguration.java,,,,assert,unknown
conf_139_1,commons-configuration2-2.8.0-src,TestDataConfiguration,testIsEmpty_1_oe,src/test/java/org/apache/commons/configuration2/TestDataConfiguration.java,,,,assert,unknown
conf_139_2,commons-configuration2-2.8.0-src,TestDataConfiguration,testIsEmpty_2_oe,src/test/java/org/apache/commons/configuration2/TestDataConfiguration.java,,,,assert,unknown
conf_140_1,commons-configuration2-2.8.0-src,TestCombinedConfiguration,testAccessPropertyEmpty_1_oe,src/test/java/org/apache/commons/configuration2/TestCombinedConfiguration.java,,,,assert,unknown
conf_140_2,commons-configuration2-2.8.0-src,TestCombinedConfiguration,testAccessPropertyEmpty_2_oe,src/test/java/org/apache/commons/configuration2/TestCombinedConfiguration.java,,,,assert,unknown
conf_140_3,commons-configuration2-2.8.0-src,TestCombinedConfiguration,testAccessPropertyEmpty_3_oe,src/test/java/org/apache/commons/configuration2/TestCombinedConfiguration.java,,,,assert,unknown
conf_141_1,commons-configuration2-2.8.0-src,TestCombinedConfiguration,testAccessPropertyMulti_1_oe,src/test/java/org/apache/commons/configuration2/TestCombinedConfiguration.java,,,,assert,unknown
conf_141_2,commons-configuration2-2.8.0-src,TestCombinedConfiguration,testAccessPropertyMulti_2_oe,src/test/java/org/apache/commons/configuration2/TestCombinedConfiguration.java,,,,assert,unknown
conf_141_3,commons-configuration2-2.8.0-src,TestCombinedConfiguration,testAccessPropertyMulti_3_oe,src/test/java/org/apache/commons/configuration2/TestCombinedConfiguration.java,,,,assert,unknown
conf_141_4,commons-configuration2-2.8.0-src,TestCombinedConfiguration,testAccessPropertyMulti_4_oe,src/test/java/org/apache/commons/configuration2/TestCombinedConfiguration.java,,,,assert,unknown
conf_142_1,commons-configuration2-2.8.0-src,TestCombinedConfiguration,testAddConfiguration_1_oe,src/test/java/org/apache/commons/configuration2/TestCombinedConfiguration.java,,,,assert,unknown
conf_142_2,commons-configuration2-2.8.0-src,TestCombinedConfiguration,testAddConfiguration_2_oe,src/test/java/org/apache/commons/configuration2/TestCombinedConfiguration.java,,,,assert,unknown
conf_142_3,commons-configuration2-2.8.0-src,TestCombinedConfiguration,testAddConfiguration_3_oe,src/test/java/org/apache/commons/configuration2/TestCombinedConfiguration.java,,,,assert,unknown
conf_142_4,commons-configuration2-2.8.0-src,TestCombinedConfiguration,testAddConfiguration_4_oe,src/test/java/org/apache/commons/configuration2/TestCombinedConfiguration.java,,,,assert,unknown
conf_143_1,commons-configuration2-2.8.0-src,TestCombinedConfiguration,testAddConfigurationAt_1_oe,src/test/java/org/apache/commons/configuration2/TestCombinedConfiguration.java,,,,assert,unknown
conf_144_1,commons-configuration2-2.8.0-src,TestCombinedConfiguration,testAddConfigurationComplexAt_1_oe,src/test/java/org/apache/commons/configuration2/TestCombinedConfiguration.java,,,,assert,unknown
conf_145_1,commons-configuration2-2.8.0-src,TestCombinedConfiguration,testAddConfigurationWithName_1_oe,src/test/java/org/apache/commons/configuration2/TestCombinedConfiguration.java,,,,assert,unknown
conf_145_2,commons-configuration2-2.8.0-src,TestCombinedConfiguration,testAddConfigurationWithName_2_oe,src/test/java/org/apache/commons/configuration2/TestCombinedConfiguration.java,,,,assert,unknown
conf_145_3,commons-configuration2-2.8.0-src,TestCombinedConfiguration,testAddConfigurationWithName_3_oe,src/test/java/org/apache/commons/configuration2/TestCombinedConfiguration.java,,,,assert,unknown
conf_145_4,commons-configuration2-2.8.0-src,TestCombinedConfiguration,testAddConfigurationWithName_4_oe,src/test/java/org/apache/commons/configuration2/TestCombinedConfiguration.java,,,,assert,unknown
conf_145_5,commons-configuration2-2.8.0-src,TestCombinedConfiguration,testAddConfigurationWithName_5_oe,src/test/java/org/apache/commons/configuration2/TestCombinedConfiguration.java,,,,assert,unknown
conf_145_6,commons-configuration2-2.8.0-src,TestCombinedConfiguration,testAddConfigurationWithName_6_oe,src/test/java/org/apache/commons/configuration2/TestCombinedConfiguration.java,,,,assert,unknown
conf_146_1,commons-configuration2-2.8.0-src,TestCombinedConfiguration,testClear_1_oe,src/test/java/org/apache/commons/configuration2/TestCombinedConfiguration.java,,,,assert,unknown
conf_146_2,commons-configuration2-2.8.0-src,TestCombinedConfiguration,testClear_2_oe,src/test/java/org/apache/commons/configuration2/TestCombinedConfiguration.java,,,,assert,unknown
conf_146_3,commons-configuration2-2.8.0-src,TestCombinedConfiguration,testClear_3_oe,src/test/java/org/apache/commons/configuration2/TestCombinedConfiguration.java,,,,assert,unknown
conf_147_1,commons-configuration2-2.8.0-src,TestCombinedConfiguration,testClearRemoveChildListener_1_oe,src/test/java/org/apache/commons/configuration2/TestCombinedConfiguration.java,,,,assert,unknown
conf_148_1,commons-configuration2-2.8.0-src,TestCombinedConfiguration,testClone_1_oe,src/test/java/org/apache/commons/configuration2/TestCombinedConfiguration.java,,,,assert,unknown
conf_148_2,commons-configuration2-2.8.0-src,TestCombinedConfiguration,testClone_2_oe,src/test/java/org/apache/commons/configuration2/TestCombinedConfiguration.java,,,,assert,unknown
conf_148_3,commons-configuration2-2.8.0-src,TestCombinedConfiguration,testClone_3_oe,src/test/java/org/apache/commons/configuration2/TestCombinedConfiguration.java,,,,assert,unknown
conf_148_4,commons-configuration2-2.8.0-src,TestCombinedConfiguration,testClone_4_oe,src/test/java/org/apache/commons/configuration2/TestCombinedConfiguration.java,,,,assert,unknown
conf_148_5,commons-configuration2-2.8.0-src,TestCombinedConfiguration,testClone_5_oe,src/test/java/org/apache/commons/configuration2/TestCombinedConfiguration.java,,,,assert,unknown
conf_148_6,commons-configuration2-2.8.0-src,TestCombinedConfiguration,testClone_6_oe,src/test/java/org/apache/commons/configuration2/TestCombinedConfiguration.java,,,,assert,unknown
conf_148_7,commons-configuration2-2.8.0-src,TestCombinedConfiguration,testClone_7_oe,src/test/java/org/apache/commons/configuration2/TestCombinedConfiguration.java,,,,assert,unknown
conf_148_8,commons-configuration2-2.8.0-src,TestCombinedConfiguration,testClone_8_oe,src/test/java/org/apache/commons/configuration2/TestCombinedConfiguration.java,,,,assert,unknown
conf_148_9,commons-configuration2-2.8.0-src,TestCombinedConfiguration,testClone_9_oe,src/test/java/org/apache/commons/configuration2/TestCombinedConfiguration.java,,,,assert,unknown
conf_149_1,commons-configuration2-2.8.0-src,TestCombinedConfiguration,testCloneModify_1_oe,src/test/java/org/apache/commons/configuration2/TestCombinedConfiguration.java,,,,assert,unknown
conf_149_2,commons-configuration2-2.8.0-src,TestCombinedConfiguration,testCloneModify_2_oe,src/test/java/org/apache/commons/configuration2/TestCombinedConfiguration.java,,,,assert,unknown
conf_150_1,commons-configuration2-2.8.0-src,TestCombinedConfiguration,testCombinedCopyToXML_1_oe,src/test/java/org/apache/commons/configuration2/TestCombinedConfiguration.java,,,,assert,unknown
conf_150_2,commons-configuration2-2.8.0-src,TestCombinedConfiguration,testCombinedCopyToXML_2_oe,src/test/java/org/apache/commons/configuration2/TestCombinedConfiguration.java,,,,assert,unknown
conf_150_3,commons-configuration2-2.8.0-src,TestCombinedConfiguration,testCombinedCopyToXML_3_oe,src/test/java/org/apache/commons/configuration2/TestCombinedConfiguration.java,,,,assert,unknown
conf_150_4,commons-configuration2-2.8.0-src,TestCombinedConfiguration,testCombinedCopyToXML_4_oe,src/test/java/org/apache/commons/configuration2/TestCombinedConfiguration.java,,,,assert,unknown
conf_151_1,commons-configuration2-2.8.0-src,TestCombinedConfiguration,testConcurrentAccess_1_oe,src/test/java/org/apache/commons/configuration2/TestCombinedConfiguration.java,,,,assert,unknown
conf_152_1,commons-configuration2-2.8.0-src,TestCombinedConfiguration,testConversionExpressionEngine_1_oe,src/test/java/org/apache/commons/configuration2/TestCombinedConfiguration.java,,,,assert,unknown
conf_152_2,commons-configuration2-2.8.0-src,TestCombinedConfiguration,testConversionExpressionEngine_2_oe,src/test/java/org/apache/commons/configuration2/TestCombinedConfiguration.java,,,,assert,unknown
conf_152_3,commons-configuration2-2.8.0-src,TestCombinedConfiguration,testConversionExpressionEngine_3_oe,src/test/java/org/apache/commons/configuration2/TestCombinedConfiguration.java,,,,assert,unknown
conf_153_1,commons-configuration2-2.8.0-src,TestCombinedConfiguration,testEscapeListDelimiters_1_oe,src/test/java/org/apache/commons/configuration2/TestCombinedConfiguration.java,,,,assert,unknown
conf_154_1,commons-configuration2-2.8.0-src,TestCombinedConfiguration,testGetConfigurationByIdxSynchronized_1_oe,src/test/java/org/apache/commons/configuration2/TestCombinedConfiguration.java,,,,assert,unknown
conf_155_1,commons-configuration2-2.8.0-src,TestCombinedConfiguration,testGetConfigurationByNameSynchronized_1_oe,src/test/java/org/apache/commons/configuration2/TestCombinedConfiguration.java,,,,assert,unknown
conf_156_1,commons-configuration2-2.8.0-src,TestCombinedConfiguration,testGetConfigurationNameList_1_oe,src/test/java/org/apache/commons/configuration2/TestCombinedConfiguration.java,,,,assert,unknown
conf_156_2,commons-configuration2-2.8.0-src,TestCombinedConfiguration,testGetConfigurationNameList_2_oe,src/test/java/org/apache/commons/configuration2/TestCombinedConfiguration.java,,,,assert,unknown
conf_156_3,commons-configuration2-2.8.0-src,TestCombinedConfiguration,testGetConfigurationNameList_3_oe,src/test/java/org/apache/commons/configuration2/TestCombinedConfiguration.java,,,,assert,unknown
conf_156_4,commons-configuration2-2.8.0-src,TestCombinedConfiguration,testGetConfigurationNameList_4_oe,src/test/java/org/apache/commons/configuration2/TestCombinedConfiguration.java,,,,assert,unknown
conf_157_1,commons-configuration2-2.8.0-src,TestCombinedConfiguration,testGetConfigurationNameListSynchronized_1_oe,src/test/java/org/apache/commons/configuration2/TestCombinedConfiguration.java,,,,assert,unknown
conf_158_1,commons-configuration2-2.8.0-src,TestCombinedConfiguration,testGetConfigurationNamesSynchronized_1_oe,src/test/java/org/apache/commons/configuration2/TestCombinedConfiguration.java,,,,assert,unknown
conf_159_1,commons-configuration2-2.8.0-src,TestCombinedConfiguration,testGetConfigurations_1_oe,src/test/java/org/apache/commons/configuration2/TestCombinedConfiguration.java,,,,assert,unknown
conf_159_2,commons-configuration2-2.8.0-src,TestCombinedConfiguration,testGetConfigurations_2_oe,src/test/java/org/apache/commons/configuration2/TestCombinedConfiguration.java,,,,assert,unknown
conf_159_3,commons-configuration2-2.8.0-src,TestCombinedConfiguration,testGetConfigurations_3_oe,src/test/java/org/apache/commons/configuration2/TestCombinedConfiguration.java,,,,assert,unknown
conf_160_1,commons-configuration2-2.8.0-src,TestCombinedConfiguration,testGetConfigurationsSynchronized_1_oe,src/test/java/org/apache/commons/configuration2/TestCombinedConfiguration.java,,,,assert,unknown
conf_161_1,commons-configuration2-2.8.0-src,TestCombinedConfiguration,testGetConversionExpressionEngineSynchronized_1_oe,src/test/java/org/apache/commons/configuration2/TestCombinedConfiguration.java,,,,assert,unknown
conf_162_1,commons-configuration2-2.8.0-src,TestCombinedConfiguration,testGetNodeCombinerSynchronized_1_oe,src/test/java/org/apache/commons/configuration2/TestCombinedConfiguration.java,,,,assert,unknown
conf_163_1,commons-configuration2-2.8.0-src,TestCombinedConfiguration,testGetNumberOfConfigurationsSynchronized_1_oe,src/test/java/org/apache/commons/configuration2/TestCombinedConfiguration.java,,,,assert,unknown
conf_164_1,commons-configuration2-2.8.0-src,TestCombinedConfiguration,testGetSourceCombined_1_oe,src/test/java/org/apache/commons/configuration2/TestCombinedConfiguration.java,,,,assert,unknown
conf_165_1,commons-configuration2-2.8.0-src,TestCombinedConfiguration,testGetSourceHierarchical_1_oe,src/test/java/org/apache/commons/configuration2/TestCombinedConfiguration.java,,,,assert,unknown
conf_166_1,commons-configuration2-2.8.0-src,TestCombinedConfiguration,testGetSourceMulti_1_oe,src/test/java/org/apache/commons/configuration2/TestCombinedConfiguration.java,,,,assert,unknown
conf_167_1,commons-configuration2-2.8.0-src,TestCombinedConfiguration,testGetSourceNonHierarchical_1_oe,src/test/java/org/apache/commons/configuration2/TestCombinedConfiguration.java,,,,assert,unknown
conf_168_1,commons-configuration2-2.8.0-src,TestCombinedConfiguration,testGetSourcesMultiSources_1_oe,src/test/java/org/apache/commons/configuration2/TestCombinedConfiguration.java,,,,assert,unknown
conf_168_2,commons-configuration2-2.8.0-src,TestCombinedConfiguration,testGetSourcesMultiSources_2_oe,src/test/java/org/apache/commons/configuration2/TestCombinedConfiguration.java,,,,assert,unknown
conf_168_3,commons-configuration2-2.8.0-src,TestCombinedConfiguration,testGetSourcesMultiSources_3_oe,src/test/java/org/apache/commons/configuration2/TestCombinedConfiguration.java,,,,assert,unknown
conf_169_1,commons-configuration2-2.8.0-src,TestCombinedConfiguration,testGetSourcesUnknownKey_1_oe,src/test/java/org/apache/commons/configuration2/TestCombinedConfiguration.java,,,,assert,unknown
conf_170_1,commons-configuration2-2.8.0-src,TestCombinedConfiguration,testGetSourceSynchronized_1_oe,src/test/java/org/apache/commons/configuration2/TestCombinedConfiguration.java,,,,assert,unknown
conf_171_1,commons-configuration2-2.8.0-src,TestCombinedConfiguration,testGetSourceUnknown_1_oe,src/test/java/org/apache/commons/configuration2/TestCombinedConfiguration.java,,,,assert,unknown
conf_172_1,commons-configuration2-2.8.0-src,TestCombinedConfiguration,testGetSourceWithCombinedChildConfiguration_1_oe,src/test/java/org/apache/commons/configuration2/TestCombinedConfiguration.java,,,,assert,unknown
conf_173_1,commons-configuration2-2.8.0-src,TestCombinedConfiguration,testInit_1_oe,src/test/java/org/apache/commons/configuration2/TestCombinedConfiguration.java,,,,assert,unknown
conf_173_2,commons-configuration2-2.8.0-src,TestCombinedConfiguration,testInit_2_oe,src/test/java/org/apache/commons/configuration2/TestCombinedConfiguration.java,,,,assert,unknown
conf_173_3,commons-configuration2-2.8.0-src,TestCombinedConfiguration,testInit_3_oe,src/test/java/org/apache/commons/configuration2/TestCombinedConfiguration.java,,,,assert,unknown
conf_173_4,commons-configuration2-2.8.0-src,TestCombinedConfiguration,testInit_4_oe,src/test/java/org/apache/commons/configuration2/TestCombinedConfiguration.java,,,,assert,unknown
conf_174_1,commons-configuration2-2.8.0-src,TestCombinedConfiguration,testInvalidateEventBeforeAndAfterChange_1_oe,src/test/java/org/apache/commons/configuration2/TestCombinedConfiguration.java,,,,assert,unknown
conf_174_2,commons-configuration2-2.8.0-src,TestCombinedConfiguration,testInvalidateEventBeforeAndAfterChange_2_oe,src/test/java/org/apache/commons/configuration2/TestCombinedConfiguration.java,,,,assert,unknown
conf_175_2,commons-configuration2-2.8.0-src,TestCombinedConfiguration,testLockHandlingWithExceptionWhenConstructingRootNode_2_oe,src/test/java/org/apache/commons/configuration2/TestCombinedConfiguration.java,,,,assert,unknown
conf_176_1,commons-configuration2-2.8.0-src,TestCombinedConfiguration,testRemoveConfiguration_1_oe,src/test/java/org/apache/commons/configuration2/TestCombinedConfiguration.java,,,,assert,unknown
conf_177_1,commons-configuration2-2.8.0-src,TestCombinedConfiguration,testRemoveConfigurationAt_1_oe,src/test/java/org/apache/commons/configuration2/TestCombinedConfiguration.java,,,,assert,unknown
conf_178_1,commons-configuration2-2.8.0-src,TestCombinedConfiguration,testRemoveConfigurationByName_1_oe,src/test/java/org/apache/commons/configuration2/TestCombinedConfiguration.java,,,,assert,unknown
conf_179_1,commons-configuration2-2.8.0-src,TestCombinedConfiguration,testRemoveConfigurationByUnknownName_1_oe,src/test/java/org/apache/commons/configuration2/TestCombinedConfiguration.java,,,,assert,unknown
conf_180_1,commons-configuration2-2.8.0-src,TestCombinedConfiguration,testRemoveNamedConfigurationAt_1_oe,src/test/java/org/apache/commons/configuration2/TestCombinedConfiguration.java,,,,assert,unknown
conf_181_1,commons-configuration2-2.8.0-src,TestCombinedConfiguration,testRemoveNonContainedConfiguration_1_oe,src/test/java/org/apache/commons/configuration2/TestCombinedConfiguration.java,,,,assert,unknown
conf_182_1,commons-configuration2-2.8.0-src,TestCombinedConfiguration,testSetNodeCombiner_1_oe,src/test/java/org/apache/commons/configuration2/TestCombinedConfiguration.java,,,,assert,unknown
conf_183_1,commons-configuration2-2.8.0-src,TestCombinedConfiguration,testSubConfigurationWithUpdates_1_oe,src/test/java/org/apache/commons/configuration2/TestCombinedConfiguration.java,,,,assert,unknown
conf_183_2,commons-configuration2-2.8.0-src,TestCombinedConfiguration,testSubConfigurationWithUpdates_2_oe,src/test/java/org/apache/commons/configuration2/TestCombinedConfiguration.java,,,,assert,unknown
conf_183_3,commons-configuration2-2.8.0-src,TestCombinedConfiguration,testSubConfigurationWithUpdates_3_oe,src/test/java/org/apache/commons/configuration2/TestCombinedConfiguration.java,,,,assert,unknown
conf_184_1,commons-configuration2-2.8.0-src,TestCombinedConfiguration,testUpdateContainedConfiguration_1_oe,src/test/java/org/apache/commons/configuration2/TestCombinedConfiguration.java,,,,assert,unknown
conf_185_1,commons-configuration2-2.8.0-src,TestPropertiesConfiguration,testAppend_1_oe,src/test/java/org/apache/commons/configuration2/TestPropertiesConfiguration.java,,,,assert,unknown
conf_185_2,commons-configuration2-2.8.0-src,TestPropertiesConfiguration,testAppend_2_oe,src/test/java/org/apache/commons/configuration2/TestPropertiesConfiguration.java,,,,assert,unknown
conf_186_1,commons-configuration2-2.8.0-src,TestPropertiesConfiguration,testChangingListDelimiter_1_oe,src/test/java/org/apache/commons/configuration2/TestPropertiesConfiguration.java,,,,assert,unknown
conf_186_2,commons-configuration2-2.8.0-src,TestPropertiesConfiguration,testChangingListDelimiter_2_oe,src/test/java/org/apache/commons/configuration2/TestPropertiesConfiguration.java,,,,assert,unknown
conf_186_3,commons-configuration2-2.8.0-src,TestPropertiesConfiguration,testChangingListDelimiter_3_oe,src/test/java/org/apache/commons/configuration2/TestPropertiesConfiguration.java,,,,assert,unknown
conf_187_1,commons-configuration2-2.8.0-src,TestPropertiesConfiguration,testClearFooterComment_1_oe,src/test/java/org/apache/commons/configuration2/TestPropertiesConfiguration.java,,,,assert,unknown
conf_187_2,commons-configuration2-2.8.0-src,TestPropertiesConfiguration,testClearFooterComment_2_oe,src/test/java/org/apache/commons/configuration2/TestPropertiesConfiguration.java,,,,assert,unknown
conf_188_1,commons-configuration2-2.8.0-src,TestPropertiesConfiguration,testClone_1_oe,src/test/java/org/apache/commons/configuration2/TestPropertiesConfiguration.java,,,,assert,unknown
conf_188_2,commons-configuration2-2.8.0-src,TestPropertiesConfiguration,testClone_2_oe,src/test/java/org/apache/commons/configuration2/TestPropertiesConfiguration.java,,,,assert,unknown
conf_188_3,commons-configuration2-2.8.0-src,TestPropertiesConfiguration,testClone_3_oe,src/test/java/org/apache/commons/configuration2/TestPropertiesConfiguration.java,,,,assert,unknown
conf_188_4,commons-configuration2-2.8.0-src,TestPropertiesConfiguration,testClone_4_oe,src/test/java/org/apache/commons/configuration2/TestPropertiesConfiguration.java,,,,assert,unknown
conf_188_5,commons-configuration2-2.8.0-src,TestPropertiesConfiguration,testClone_5_oe,src/test/java/org/apache/commons/configuration2/TestPropertiesConfiguration.java,,,,assert,unknown
conf_188_6,commons-configuration2-2.8.0-src,TestPropertiesConfiguration,testClone_6_oe,src/test/java/org/apache/commons/configuration2/TestPropertiesConfiguration.java,,,,assert,unknown
conf_189_1,commons-configuration2-2.8.0-src,TestPropertiesConfiguration,testCloneNullLayout_1_oe,src/test/java/org/apache/commons/configuration2/TestPropertiesConfiguration.java,,,,assert,unknown
conf_190_1,commons-configuration2-2.8.0-src,TestPropertiesConfiguration,testComment_1_oe,src/test/java/org/apache/commons/configuration2/TestPropertiesConfiguration.java,,,,assert,unknown
conf_190_2,commons-configuration2-2.8.0-src,TestPropertiesConfiguration,testComment_2_oe,src/test/java/org/apache/commons/configuration2/TestPropertiesConfiguration.java,,,,assert,unknown
conf_191_1,commons-configuration2-2.8.0-src,TestPropertiesConfiguration,testDisableIncludes_1_oe,src/test/java/org/apache/commons/configuration2/TestPropertiesConfiguration.java,,,,assert,unknown
conf_192_1,commons-configuration2-2.8.0-src,TestPropertiesConfiguration,testDisableListDelimiter_1_oe,src/test/java/org/apache/commons/configuration2/TestPropertiesConfiguration.java,,,,assert,unknown
conf_192_2,commons-configuration2-2.8.0-src,TestPropertiesConfiguration,testDisableListDelimiter_2_oe,src/test/java/org/apache/commons/configuration2/TestPropertiesConfiguration.java,,,,assert,unknown
conf_193_1,commons-configuration2-2.8.0-src,TestPropertiesConfiguration,testEscapedKey_1_oe,src/test/java/org/apache/commons/configuration2/TestPropertiesConfiguration.java,,,,assert,unknown
conf_194_1,commons-configuration2-2.8.0-src,TestPropertiesConfiguration,testEscapedKeyValueSeparator_1_oe,src/test/java/org/apache/commons/configuration2/TestPropertiesConfiguration.java,,,,assert,unknown
conf_194_2,commons-configuration2-2.8.0-src,TestPropertiesConfiguration,testEscapedKeyValueSeparator_2_oe,src/test/java/org/apache/commons/configuration2/TestPropertiesConfiguration.java,,,,assert,unknown
conf_194_3,commons-configuration2-2.8.0-src,TestPropertiesConfiguration,testEscapedKeyValueSeparator_3_oe,src/test/java/org/apache/commons/configuration2/TestPropertiesConfiguration.java,,,,assert,unknown
conf_194_4,commons-configuration2-2.8.0-src,TestPropertiesConfiguration,testEscapedKeyValueSeparator_4_oe,src/test/java/org/apache/commons/configuration2/TestPropertiesConfiguration.java,,,,assert,unknown
conf_194_5,commons-configuration2-2.8.0-src,TestPropertiesConfiguration,testEscapedKeyValueSeparator_5_oe,src/test/java/org/apache/commons/configuration2/TestPropertiesConfiguration.java,,,,assert,unknown
conf_195_1,commons-configuration2-2.8.0-src,TestPropertiesConfiguration,testEscapeQuote_1_oe,src/test/java/org/apache/commons/configuration2/TestPropertiesConfiguration.java,,,,assert,unknown
conf_195_2,commons-configuration2-2.8.0-src,TestPropertiesConfiguration,testEscapeQuote_2_oe,src/test/java/org/apache/commons/configuration2/TestPropertiesConfiguration.java,,,,assert,unknown
conf_196_1,commons-configuration2-2.8.0-src,TestPropertiesConfiguration,testFileWithSharpSymbol_1_oe,src/test/java/org/apache/commons/configuration2/TestPropertiesConfiguration.java,,,,assert,unknown
conf_197_1,commons-configuration2-2.8.0-src,TestPropertiesConfiguration,testGetFooterSynchronized_1_oe,src/test/java/org/apache/commons/configuration2/TestPropertiesConfiguration.java,,,,assert,unknown
conf_198_1,commons-configuration2-2.8.0-src,TestPropertiesConfiguration,testGetHeaderSynchronized_1_oe,src/test/java/org/apache/commons/configuration2/TestPropertiesConfiguration.java,,,,assert,unknown
conf_199_1,commons-configuration2-2.8.0-src,TestPropertiesConfiguration,testGetIOFactoryDefault_1_oe,src/test/java/org/apache/commons/configuration2/TestPropertiesConfiguration.java,,,,assert,unknown
conf_200_1,commons-configuration2-2.8.0-src,TestPropertiesConfiguration,testGetLayout_1_oe,src/test/java/org/apache/commons/configuration2/TestPropertiesConfiguration.java,,,,assert,unknown
conf_200_2,commons-configuration2-2.8.0-src,TestPropertiesConfiguration,testGetLayout_2_oe,src/test/java/org/apache/commons/configuration2/TestPropertiesConfiguration.java,,,,assert,unknown
conf_200_3,commons-configuration2-2.8.0-src,TestPropertiesConfiguration,testGetLayout_3_oe,src/test/java/org/apache/commons/configuration2/TestPropertiesConfiguration.java,,,,assert,unknown
conf_200_4,commons-configuration2-2.8.0-src,TestPropertiesConfiguration,testGetLayout_4_oe,src/test/java/org/apache/commons/configuration2/TestPropertiesConfiguration.java,,,,assert,unknown
conf_201_1,commons-configuration2-2.8.0-src,TestPropertiesConfiguration,testGetStringWithEscapedChars_1_oe,src/test/java/org/apache/commons/configuration2/TestPropertiesConfiguration.java,,,,assert,unknown
conf_202_1,commons-configuration2-2.8.0-src,TestPropertiesConfiguration,testGetStringWithEscapedComma_1_oe,src/test/java/org/apache/commons/configuration2/TestPropertiesConfiguration.java,,,,assert,unknown
conf_203_1,commons-configuration2-2.8.0-src,TestPropertiesConfiguration,testIncludeIncludeLoadAllOnNotFound_1_oe,src/test/java/org/apache/commons/configuration2/TestPropertiesConfiguration.java,,,,assert,unknown
conf_203_2,commons-configuration2-2.8.0-src,TestPropertiesConfiguration,testIncludeIncludeLoadAllOnNotFound_2_oe,src/test/java/org/apache/commons/configuration2/TestPropertiesConfiguration.java,,,,assert,unknown
conf_204_2,commons-configuration2-2.8.0-src,TestPropertiesConfiguration,testIncludeIncludeLoadCyclicalReferenceFail_2_oe,src/test/java/org/apache/commons/configuration2/TestPropertiesConfiguration.java,,,,assert,unknown
conf_205_1,commons-configuration2-2.8.0-src,TestPropertiesConfiguration,testIncludeIncludeLoadCyclicalReferenceIgnore_1_oe,src/test/java/org/apache/commons/configuration2/TestPropertiesConfiguration.java,,,,assert,unknown
conf_206_1,commons-configuration2-2.8.0-src,TestPropertiesConfiguration,testIncludeInSubDir_1_oe,src/test/java/org/apache/commons/configuration2/TestPropertiesConfiguration.java,,,,assert,unknown
conf_206_2,commons-configuration2-2.8.0-src,TestPropertiesConfiguration,testIncludeInSubDir_2_oe,src/test/java/org/apache/commons/configuration2/TestPropertiesConfiguration.java,,,,assert,unknown
conf_206_3,commons-configuration2-2.8.0-src,TestPropertiesConfiguration,testIncludeInSubDir_3_oe,src/test/java/org/apache/commons/configuration2/TestPropertiesConfiguration.java,,,,assert,unknown
conf_207_1,commons-configuration2-2.8.0-src,TestPropertiesConfiguration,testIncludeLoadAllOnLoadException_1_oe,src/test/java/org/apache/commons/configuration2/TestPropertiesConfiguration.java,,,,assert,unknown
conf_208_1,commons-configuration2-2.8.0-src,TestPropertiesConfiguration,testIncludeLoadAllOnNotFound_1_oe,src/test/java/org/apache/commons/configuration2/TestPropertiesConfiguration.java,,,,assert,unknown
conf_209_2,commons-configuration2-2.8.0-src,TestPropertiesConfiguration,testIncludeLoadCyclicalMultiStepReferenceFail_2_oe,src/test/java/org/apache/commons/configuration2/TestPropertiesConfiguration.java,,,,assert,unknown
conf_210_1,commons-configuration2-2.8.0-src,TestPropertiesConfiguration,testIncludeLoadCyclicalMultiStepReferenceIgnore_1_oe,src/test/java/org/apache/commons/configuration2/TestPropertiesConfiguration.java,,,,assert,unknown
conf_211_2,commons-configuration2-2.8.0-src,TestPropertiesConfiguration,testIncludeLoadCyclicalReferenceFail_2_oe,src/test/java/org/apache/commons/configuration2/TestPropertiesConfiguration.java,,,,assert,unknown
conf_212_1,commons-configuration2-2.8.0-src,TestPropertiesConfiguration,testIncludeLoadCyclicalReferenceIgnore_1_oe,src/test/java/org/apache/commons/configuration2/TestPropertiesConfiguration.java,,,,assert,unknown
conf_213_1,commons-configuration2-2.8.0-src,TestPropertiesConfiguration,testInMemoryCreatedSave_1_oe,src/test/java/org/apache/commons/configuration2/TestPropertiesConfiguration.java,,,,assert,unknown
conf_214_1,commons-configuration2-2.8.0-src,TestPropertiesConfiguration,testIsCommentLine_1_oe,src/test/java/org/apache/commons/configuration2/TestPropertiesConfiguration.java,,,,assert,unknown
conf_214_2,commons-configuration2-2.8.0-src,TestPropertiesConfiguration,testIsCommentLine_2_oe,src/test/java/org/apache/commons/configuration2/TestPropertiesConfiguration.java,,,,assert,unknown
conf_214_3,commons-configuration2-2.8.0-src,TestPropertiesConfiguration,testIsCommentLine_3_oe,src/test/java/org/apache/commons/configuration2/TestPropertiesConfiguration.java,,,,assert,unknown
conf_214_4,commons-configuration2-2.8.0-src,TestPropertiesConfiguration,testIsCommentLine_4_oe,src/test/java/org/apache/commons/configuration2/TestPropertiesConfiguration.java,,,,assert,unknown
conf_214_5,commons-configuration2-2.8.0-src,TestPropertiesConfiguration,testIsCommentLine_5_oe,src/test/java/org/apache/commons/configuration2/TestPropertiesConfiguration.java,,,,assert,unknown
conf_215_1,commons-configuration2-2.8.0-src,TestPropertiesConfiguration,testJupRead_1_oe,src/test/java/org/apache/commons/configuration2/TestPropertiesConfiguration.java,,,,assert,unknown
conf_215_2,commons-configuration2-2.8.0-src,TestPropertiesConfiguration,testJupRead_2_oe,src/test/java/org/apache/commons/configuration2/TestPropertiesConfiguration.java,,,,assert,unknown
conf_216_1,commons-configuration2-2.8.0-src,TestPropertiesConfiguration,testJupWrite_1_oe,src/test/java/org/apache/commons/configuration2/TestPropertiesConfiguration.java,,,,assert,unknown
conf_216_2,commons-configuration2-2.8.0-src,TestPropertiesConfiguration,testJupWrite_2_oe,src/test/java/org/apache/commons/configuration2/TestPropertiesConfiguration.java,,,,assert,unknown
conf_216_3,commons-configuration2-2.8.0-src,TestPropertiesConfiguration,testJupWrite_3_oe,src/test/java/org/apache/commons/configuration2/TestPropertiesConfiguration.java,,,,assert,unknown
conf_217_1,commons-configuration2-2.8.0-src,TestPropertiesConfiguration,testJupWriteUtf8WithoutUnicodeEscapes_1_oe,src/test/java/org/apache/commons/configuration2/TestPropertiesConfiguration.java,,,,assert,unknown
conf_217_2,commons-configuration2-2.8.0-src,TestPropertiesConfiguration,testJupWriteUtf8WithoutUnicodeEscapes_2_oe,src/test/java/org/apache/commons/configuration2/TestPropertiesConfiguration.java,,,,assert,unknown
conf_217_3,commons-configuration2-2.8.0-src,TestPropertiesConfiguration,testJupWriteUtf8WithoutUnicodeEscapes_3_oe,src/test/java/org/apache/commons/configuration2/TestPropertiesConfiguration.java,,,,assert,unknown
conf_217_4,commons-configuration2-2.8.0-src,TestPropertiesConfiguration,testJupWriteUtf8WithoutUnicodeEscapes_4_oe,src/test/java/org/apache/commons/configuration2/TestPropertiesConfiguration.java,,,,assert,unknown
conf_218_1,commons-configuration2-2.8.0-src,TestPropertiesConfiguration,testKeepSeparators_1_oe,src/test/java/org/apache/commons/configuration2/TestPropertiesConfiguration.java,,,,assert,unknown
conf_219_1,commons-configuration2-2.8.0-src,TestPropertiesConfiguration,testKeyValueSeparators_1_oe,src/test/java/org/apache/commons/configuration2/TestPropertiesConfiguration.java,,,,assert,unknown
conf_219_2,commons-configuration2-2.8.0-src,TestPropertiesConfiguration,testKeyValueSeparators_2_oe,src/test/java/org/apache/commons/configuration2/TestPropertiesConfiguration.java,,,,assert,unknown
conf_219_3,commons-configuration2-2.8.0-src,TestPropertiesConfiguration,testKeyValueSeparators_3_oe,src/test/java/org/apache/commons/configuration2/TestPropertiesConfiguration.java,,,,assert,unknown
conf_219_4,commons-configuration2-2.8.0-src,TestPropertiesConfiguration,testKeyValueSeparators_4_oe,src/test/java/org/apache/commons/configuration2/TestPropertiesConfiguration.java,,,,assert,unknown
conf_219_5,commons-configuration2-2.8.0-src,TestPropertiesConfiguration,testKeyValueSeparators_5_oe,src/test/java/org/apache/commons/configuration2/TestPropertiesConfiguration.java,,,,assert,unknown
conf_220_1,commons-configuration2-2.8.0-src,TestPropertiesConfiguration,testLineSeparator_1_oe,src/test/java/org/apache/commons/configuration2/TestPropertiesConfiguration.java,,,,assert,unknown
conf_220_2,commons-configuration2-2.8.0-src,TestPropertiesConfiguration,testLineSeparator_2_oe,src/test/java/org/apache/commons/configuration2/TestPropertiesConfiguration.java,,,,assert,unknown
conf_221_1,commons-configuration2-2.8.0-src,TestPropertiesConfiguration,testList_1_oe,src/test/java/org/apache/commons/configuration2/TestPropertiesConfiguration.java,,,,assert,unknown
conf_222_1,commons-configuration2-2.8.0-src,TestPropertiesConfiguration,testLoad_1_oe,src/test/java/org/apache/commons/configuration2/TestPropertiesConfiguration.java,,,,assert,unknown
conf_223_1,commons-configuration2-2.8.0-src,TestPropertiesConfiguration,testLoadFromFile_1_oe,src/test/java/org/apache/commons/configuration2/TestPropertiesConfiguration.java,,,,assert,unknown
conf_224_1,commons-configuration2-2.8.0-src,TestPropertiesConfiguration,testLoadInclude_1_oe,src/test/java/org/apache/commons/configuration2/TestPropertiesConfiguration.java,,,,assert,unknown
conf_225_1,commons-configuration2-2.8.0-src,TestPropertiesConfiguration,testLoadIncludeFileViaFileSystem_1_oe,src/test/java/org/apache/commons/configuration2/TestPropertiesConfiguration.java,,,,assert,unknown
conf_226_1,commons-configuration2-2.8.0-src,TestPropertiesConfiguration,testLoadIncludeFromClassPath_1_oe,src/test/java/org/apache/commons/configuration2/TestPropertiesConfiguration.java,,,,assert,unknown
conf_227_1,commons-configuration2-2.8.0-src,TestPropertiesConfiguration,testLoadIncludeFromReader_1_oe,src/test/java/org/apache/commons/configuration2/TestPropertiesConfiguration.java,,,,assert,unknown
conf_228_1,commons-configuration2-2.8.0-src,TestPropertiesConfiguration,testLoadIncludeInterpol_1_oe,src/test/java/org/apache/commons/configuration2/TestPropertiesConfiguration.java,,,,assert,unknown
conf_229_1,commons-configuration2-2.8.0-src,TestPropertiesConfiguration,testLoadIncludeOptional_1_oe,src/test/java/org/apache/commons/configuration2/TestPropertiesConfiguration.java,,,,assert,unknown
conf_230_1,commons-configuration2-2.8.0-src,TestPropertiesConfiguration,testLoadViaPropertyWithBasePath_1_oe,src/test/java/org/apache/commons/configuration2/TestPropertiesConfiguration.java,,,,assert,unknown
conf_231_1,commons-configuration2-2.8.0-src,TestPropertiesConfiguration,testLoadViaPropertyWithBasePath2_1_oe,src/test/java/org/apache/commons/configuration2/TestPropertiesConfiguration.java,,,,assert,unknown
conf_232_1,commons-configuration2-2.8.0-src,TestPropertiesConfiguration,testMixedArray_1_oe,src/test/java/org/apache/commons/configuration2/TestPropertiesConfiguration.java,,,,assert,unknown
conf_232_2,commons-configuration2-2.8.0-src,TestPropertiesConfiguration,testMixedArray_2_oe,src/test/java/org/apache/commons/configuration2/TestPropertiesConfiguration.java,,,,assert,unknown
conf_232_3,commons-configuration2-2.8.0-src,TestPropertiesConfiguration,testMixedArray_3_oe,src/test/java/org/apache/commons/configuration2/TestPropertiesConfiguration.java,,,,assert,unknown
conf_232_4,commons-configuration2-2.8.0-src,TestPropertiesConfiguration,testMixedArray_4_oe,src/test/java/org/apache/commons/configuration2/TestPropertiesConfiguration.java,,,,assert,unknown
conf_232_5,commons-configuration2-2.8.0-src,TestPropertiesConfiguration,testMixedArray_5_oe,src/test/java/org/apache/commons/configuration2/TestPropertiesConfiguration.java,,,,assert,unknown
conf_233_1,commons-configuration2-2.8.0-src,TestPropertiesConfiguration,testMultilines_1_oe,src/test/java/org/apache/commons/configuration2/TestPropertiesConfiguration.java,,,,assert,unknown
conf_234_1,commons-configuration2-2.8.0-src,TestPropertiesConfiguration,testMultipleIncludeFiles_1_oe,src/test/java/org/apache/commons/configuration2/TestPropertiesConfiguration.java,,,,assert,unknown
conf_234_2,commons-configuration2-2.8.0-src,TestPropertiesConfiguration,testMultipleIncludeFiles_2_oe,src/test/java/org/apache/commons/configuration2/TestPropertiesConfiguration.java,,,,assert,unknown
conf_234_3,commons-configuration2-2.8.0-src,TestPropertiesConfiguration,testMultipleIncludeFiles_3_oe,src/test/java/org/apache/commons/configuration2/TestPropertiesConfiguration.java,,,,assert,unknown
conf_235_1,commons-configuration2-2.8.0-src,TestPropertiesConfiguration,testNewLineEscaping_1_oe,src/test/java/org/apache/commons/configuration2/TestPropertiesConfiguration.java,,,,assert,unknown
conf_235_2,commons-configuration2-2.8.0-src,TestPropertiesConfiguration,testNewLineEscaping_2_oe,src/test/java/org/apache/commons/configuration2/TestPropertiesConfiguration.java,,,,assert,unknown
conf_235_3,commons-configuration2-2.8.0-src,TestPropertiesConfiguration,testNewLineEscaping_3_oe,src/test/java/org/apache/commons/configuration2/TestPropertiesConfiguration.java,,,,assert,unknown
conf_235_4,commons-configuration2-2.8.0-src,TestPropertiesConfiguration,testNewLineEscaping_4_oe,src/test/java/org/apache/commons/configuration2/TestPropertiesConfiguration.java,,,,assert,unknown
conf_236_1,commons-configuration2-2.8.0-src,TestPropertiesConfiguration,testPropertyLoaded_1_oe,src/test/java/org/apache/commons/configuration2/TestPropertiesConfiguration.java,,,,assert,unknown
conf_236_2,commons-configuration2-2.8.0-src,TestPropertiesConfiguration,testPropertyLoaded_2_oe,src/test/java/org/apache/commons/configuration2/TestPropertiesConfiguration.java,,,,assert,unknown
conf_237_1,commons-configuration2-2.8.0-src,TestPropertiesConfiguration,testPropertyLoadedInclude_1_oe,src/test/java/org/apache/commons/configuration2/TestPropertiesConfiguration.java,,,,assert,unknown
conf_237_2,commons-configuration2-2.8.0-src,TestPropertiesConfiguration,testPropertyLoadedInclude_2_oe,src/test/java/org/apache/commons/configuration2/TestPropertiesConfiguration.java,,,,assert,unknown
conf_238_1,commons-configuration2-2.8.0-src,TestPropertiesConfiguration,testPropertyLoadedIncludeNotAllowed_1_oe,src/test/java/org/apache/commons/configuration2/TestPropertiesConfiguration.java,,,,assert,unknown
conf_238_2,commons-configuration2-2.8.0-src,TestPropertiesConfiguration,testPropertyLoadedIncludeNotAllowed_2_oe,src/test/java/org/apache/commons/configuration2/TestPropertiesConfiguration.java,,,,assert,unknown
conf_239_1,commons-configuration2-2.8.0-src,TestPropertiesConfiguration,testReadCalledDirectly_1_oe,src/test/java/org/apache/commons/configuration2/TestPropertiesConfiguration.java,,,,assert,unknown
conf_239_2,commons-configuration2-2.8.0-src,TestPropertiesConfiguration,testReadCalledDirectly_2_oe,src/test/java/org/apache/commons/configuration2/TestPropertiesConfiguration.java,,,,assert,unknown
conf_240_1,commons-configuration2-2.8.0-src,TestPropertiesConfiguration,testReadFooterComment_1_oe,src/test/java/org/apache/commons/configuration2/TestPropertiesConfiguration.java,,,,assert,unknown
conf_240_2,commons-configuration2-2.8.0-src,TestPropertiesConfiguration,testReadFooterComment_2_oe,src/test/java/org/apache/commons/configuration2/TestPropertiesConfiguration.java,,,,assert,unknown
conf_241_1,commons-configuration2-2.8.0-src,TestPropertiesConfiguration,testReference_1_oe,src/test/java/org/apache/commons/configuration2/TestPropertiesConfiguration.java,,,,assert,unknown
conf_242_1,commons-configuration2-2.8.0-src,TestPropertiesConfiguration,testSave_1_oe,src/test/java/org/apache/commons/configuration2/TestPropertiesConfiguration.java,,,,assert,unknown
conf_243_1,commons-configuration2-2.8.0-src,TestPropertiesConfiguration,testSaveEscapedEscapingCharacter_1_oe,src/test/java/org/apache/commons/configuration2/TestPropertiesConfiguration.java,,,,assert,unknown
conf_244_1,commons-configuration2-2.8.0-src,TestPropertiesConfiguration,testSaveToCustomURL_1_oe,src/test/java/org/apache/commons/configuration2/TestPropertiesConfiguration.java,,,,assert,unknown
conf_245_2,commons-configuration2-2.8.0-src,TestPropertiesConfiguration,testSaveToHTTPServerFail_2_oe,src/test/java/org/apache/commons/configuration2/TestPropertiesConfiguration.java,,,,assert,unknown
conf_246_1,commons-configuration2-2.8.0-src,TestPropertiesConfiguration,testSaveToHTTPServerSuccess_1_oe,src/test/java/org/apache/commons/configuration2/TestPropertiesConfiguration.java,,,,assert,unknown
conf_246_2,commons-configuration2-2.8.0-src,TestPropertiesConfiguration,testSaveToHTTPServerSuccess_2_oe,src/test/java/org/apache/commons/configuration2/TestPropertiesConfiguration.java,,,,assert,unknown
conf_247_1,commons-configuration2-2.8.0-src,TestPropertiesConfiguration,testSaveWithBasePath_1_oe,src/test/java/org/apache/commons/configuration2/TestPropertiesConfiguration.java,,,,assert,unknown
conf_248_1,commons-configuration2-2.8.0-src,TestPropertiesConfiguration,testSaveWithDataConfig_1_oe,src/test/java/org/apache/commons/configuration2/TestPropertiesConfiguration.java,,,,assert,unknown
conf_248_2,commons-configuration2-2.8.0-src,TestPropertiesConfiguration,testSaveWithDataConfig_2_oe,src/test/java/org/apache/commons/configuration2/TestPropertiesConfiguration.java,,,,assert,unknown
conf_249_1,commons-configuration2-2.8.0-src,TestPropertiesConfiguration,testSetInclude_1_oe,src/test/java/org/apache/commons/configuration2/TestPropertiesConfiguration.java,,,,assert,unknown
conf_250_1,commons-configuration2-2.8.0-src,TestPropertiesConfiguration,testSetIOFactoryReader_1_oe,src/test/java/org/apache/commons/configuration2/TestPropertiesConfiguration.java,,,,assert,unknown
conf_251_1,commons-configuration2-2.8.0-src,TestPropertiesConfiguration,testSetPropertyListWithDelimiterParsingDisabled_1_oe,src/test/java/org/apache/commons/configuration2/TestPropertiesConfiguration.java,,,,assert,unknown
conf_252_1,commons-configuration2-2.8.0-src,TestPropertiesConfiguration,testSlashEscaping_1_oe,src/test/java/org/apache/commons/configuration2/TestPropertiesConfiguration.java,,,,assert,unknown
conf_253_1,commons-configuration2-2.8.0-src,TestPropertiesConfiguration,testUnEscapeCharacters_1_oe,src/test/java/org/apache/commons/configuration2/TestPropertiesConfiguration.java,,,,assert,unknown
conf_254_1,commons-configuration2-2.8.0-src,TestPropertiesConfiguration,testUnescapeJava_1_oe,src/test/java/org/apache/commons/configuration2/TestPropertiesConfiguration.java,,,,assert,unknown
conf_255_1,commons-configuration2-2.8.0-src,TestPropertiesConfiguration,testWriteFooterComment_1_oe,src/test/java/org/apache/commons/configuration2/TestPropertiesConfiguration.java,,,,assert,unknown
conf_256_1,commons-configuration2-2.8.0-src,TestBaseConfiguration,testAddProperty_1_oe,src/test/java/org/apache/commons/configuration2/TestBaseConfiguration.java,,,,assert,unknown
conf_256_2,commons-configuration2-2.8.0-src,TestBaseConfiguration,testAddProperty_2_oe,src/test/java/org/apache/commons/configuration2/TestBaseConfiguration.java,,,,assert,unknown
conf_256_3,commons-configuration2-2.8.0-src,TestBaseConfiguration,testAddProperty_3_oe,src/test/java/org/apache/commons/configuration2/TestBaseConfiguration.java,,,,assert,unknown
conf_256_4,commons-configuration2-2.8.0-src,TestBaseConfiguration,testAddProperty_4_oe,src/test/java/org/apache/commons/configuration2/TestBaseConfiguration.java,,,,assert,unknown
conf_256_5,commons-configuration2-2.8.0-src,TestBaseConfiguration,testAddProperty_5_oe,src/test/java/org/apache/commons/configuration2/TestBaseConfiguration.java,,,,assert,unknown
conf_256_6,commons-configuration2-2.8.0-src,TestBaseConfiguration,testAddProperty_6_oe,src/test/java/org/apache/commons/configuration2/TestBaseConfiguration.java,,,,assert,unknown
conf_256_7,commons-configuration2-2.8.0-src,TestBaseConfiguration,testAddProperty_7_oe,src/test/java/org/apache/commons/configuration2/TestBaseConfiguration.java,,,,assert,unknown
conf_257_1,commons-configuration2-2.8.0-src,TestBaseConfiguration,testClone_1_oe,src/test/java/org/apache/commons/configuration2/TestBaseConfiguration.java,,,,assert,unknown
conf_257_2,commons-configuration2-2.8.0-src,TestBaseConfiguration,testClone_2_oe,src/test/java/org/apache/commons/configuration2/TestBaseConfiguration.java,,,,assert,unknown
conf_258_1,commons-configuration2-2.8.0-src,TestBaseConfiguration,testCloneInterpolation_1_oe,src/test/java/org/apache/commons/configuration2/TestBaseConfiguration.java,,,,assert,unknown
conf_258_2,commons-configuration2-2.8.0-src,TestBaseConfiguration,testCloneInterpolation_2_oe,src/test/java/org/apache/commons/configuration2/TestBaseConfiguration.java,,,,assert,unknown
conf_259_1,commons-configuration2-2.8.0-src,TestBaseConfiguration,testCloneListProperty_1_oe,src/test/java/org/apache/commons/configuration2/TestBaseConfiguration.java,,,,assert,unknown
conf_260_1,commons-configuration2-2.8.0-src,TestBaseConfiguration,testCloneModify_1_oe,src/test/java/org/apache/commons/configuration2/TestBaseConfiguration.java,,,,assert,unknown
conf_260_2,commons-configuration2-2.8.0-src,TestBaseConfiguration,testCloneModify_2_oe,src/test/java/org/apache/commons/configuration2/TestBaseConfiguration.java,,,,assert,unknown
conf_260_3,commons-configuration2-2.8.0-src,TestBaseConfiguration,testCloneModify_3_oe,src/test/java/org/apache/commons/configuration2/TestBaseConfiguration.java,,,,assert,unknown
conf_261_1,commons-configuration2-2.8.0-src,TestBaseConfiguration,testCommaSeparatedString_1_oe,src/test/java/org/apache/commons/configuration2/TestBaseConfiguration.java,,,,assert,unknown
conf_261_2,commons-configuration2-2.8.0-src,TestBaseConfiguration,testCommaSeparatedString_2_oe,src/test/java/org/apache/commons/configuration2/TestBaseConfiguration.java,,,,assert,unknown
conf_262_1,commons-configuration2-2.8.0-src,TestBaseConfiguration,testCommaSeparatedStringEscaped_1_oe,src/test/java/org/apache/commons/configuration2/TestBaseConfiguration.java,,,,assert,unknown
conf_263_1,commons-configuration2-2.8.0-src,TestBaseConfiguration,testGetBigDecimal_1_oe,src/test/java/org/apache/commons/configuration2/TestBaseConfiguration.java,,,,assert,unknown
conf_263_2,commons-configuration2-2.8.0-src,TestBaseConfiguration,testGetBigDecimal_2_oe,src/test/java/org/apache/commons/configuration2/TestBaseConfiguration.java,,,,assert,unknown
conf_263_3,commons-configuration2-2.8.0-src,TestBaseConfiguration,testGetBigDecimal_3_oe,src/test/java/org/apache/commons/configuration2/TestBaseConfiguration.java,,,,assert,unknown
conf_264_1,commons-configuration2-2.8.0-src,TestBaseConfiguration,testGetBigInteger_1_oe,src/test/java/org/apache/commons/configuration2/TestBaseConfiguration.java,,,,assert,unknown
conf_264_2,commons-configuration2-2.8.0-src,TestBaseConfiguration,testGetBigInteger_2_oe,src/test/java/org/apache/commons/configuration2/TestBaseConfiguration.java,,,,assert,unknown
conf_264_3,commons-configuration2-2.8.0-src,TestBaseConfiguration,testGetBigInteger_3_oe,src/test/java/org/apache/commons/configuration2/TestBaseConfiguration.java,,,,assert,unknown
conf_265_1,commons-configuration2-2.8.0-src,TestBaseConfiguration,testGetBinaryValue_1_oe,src/test/java/org/apache/commons/configuration2/TestBaseConfiguration.java,,,,assert,unknown
conf_265_2,commons-configuration2-2.8.0-src,TestBaseConfiguration,testGetBinaryValue_2_oe,src/test/java/org/apache/commons/configuration2/TestBaseConfiguration.java,,,,assert,unknown
conf_265_3,commons-configuration2-2.8.0-src,TestBaseConfiguration,testGetBinaryValue_3_oe,src/test/java/org/apache/commons/configuration2/TestBaseConfiguration.java,,,,assert,unknown
conf_265_4,commons-configuration2-2.8.0-src,TestBaseConfiguration,testGetBinaryValue_4_oe,src/test/java/org/apache/commons/configuration2/TestBaseConfiguration.java,,,,assert,unknown
conf_265_5,commons-configuration2-2.8.0-src,TestBaseConfiguration,testGetBinaryValue_5_oe,src/test/java/org/apache/commons/configuration2/TestBaseConfiguration.java,,,,assert,unknown
conf_266_1,commons-configuration2-2.8.0-src,TestBaseConfiguration,testGetBoolean_1_oe,src/test/java/org/apache/commons/configuration2/TestBaseConfiguration.java,,,,assert,unknown
conf_266_2,commons-configuration2-2.8.0-src,TestBaseConfiguration,testGetBoolean_2_oe,src/test/java/org/apache/commons/configuration2/TestBaseConfiguration.java,,,,assert,unknown
conf_266_3,commons-configuration2-2.8.0-src,TestBaseConfiguration,testGetBoolean_3_oe,src/test/java/org/apache/commons/configuration2/TestBaseConfiguration.java,,,,assert,unknown
conf_266_4,commons-configuration2-2.8.0-src,TestBaseConfiguration,testGetBoolean_4_oe,src/test/java/org/apache/commons/configuration2/TestBaseConfiguration.java,,,,assert,unknown
conf_267_1,commons-configuration2-2.8.0-src,TestBaseConfiguration,testGetByte_1_oe,src/test/java/org/apache/commons/configuration2/TestBaseConfiguration.java,,,,assert,unknown
conf_267_2,commons-configuration2-2.8.0-src,TestBaseConfiguration,testGetByte_2_oe,src/test/java/org/apache/commons/configuration2/TestBaseConfiguration.java,,,,assert,unknown
conf_267_3,commons-configuration2-2.8.0-src,TestBaseConfiguration,testGetByte_3_oe,src/test/java/org/apache/commons/configuration2/TestBaseConfiguration.java,,,,assert,unknown
conf_267_4,commons-configuration2-2.8.0-src,TestBaseConfiguration,testGetByte_4_oe,src/test/java/org/apache/commons/configuration2/TestBaseConfiguration.java,,,,assert,unknown
conf_268_1,commons-configuration2-2.8.0-src,TestBaseConfiguration,testGetDouble_1_oe,src/test/java/org/apache/commons/configuration2/TestBaseConfiguration.java,,,,assert,unknown
conf_268_2,commons-configuration2-2.8.0-src,TestBaseConfiguration,testGetDouble_2_oe,src/test/java/org/apache/commons/configuration2/TestBaseConfiguration.java,,,,assert,unknown
conf_268_3,commons-configuration2-2.8.0-src,TestBaseConfiguration,testGetDouble_3_oe,src/test/java/org/apache/commons/configuration2/TestBaseConfiguration.java,,,,assert,unknown
conf_268_4,commons-configuration2-2.8.0-src,TestBaseConfiguration,testGetDouble_4_oe,src/test/java/org/apache/commons/configuration2/TestBaseConfiguration.java,,,,assert,unknown
conf_269_1,commons-configuration2-2.8.0-src,TestBaseConfiguration,testGetDuration_1_oe,src/test/java/org/apache/commons/configuration2/TestBaseConfiguration.java,,,,assert,unknown
conf_269_2,commons-configuration2-2.8.0-src,TestBaseConfiguration,testGetDuration_2_oe,src/test/java/org/apache/commons/configuration2/TestBaseConfiguration.java,,,,assert,unknown
conf_269_3,commons-configuration2-2.8.0-src,TestBaseConfiguration,testGetDuration_3_oe,src/test/java/org/apache/commons/configuration2/TestBaseConfiguration.java,,,,assert,unknown
conf_269_4,commons-configuration2-2.8.0-src,TestBaseConfiguration,testGetDuration_4_oe,src/test/java/org/apache/commons/configuration2/TestBaseConfiguration.java,,,,assert,unknown
conf_270_1,commons-configuration2-2.8.0-src,TestBaseConfiguration,testGetEnum_1_oe,src/test/java/org/apache/commons/configuration2/TestBaseConfiguration.java,,,,assert,unknown
conf_270_2,commons-configuration2-2.8.0-src,TestBaseConfiguration,testGetEnum_2_oe,src/test/java/org/apache/commons/configuration2/TestBaseConfiguration.java,,,,assert,unknown
conf_270_3,commons-configuration2-2.8.0-src,TestBaseConfiguration,testGetEnum_3_oe,src/test/java/org/apache/commons/configuration2/TestBaseConfiguration.java,,,,assert,unknown
conf_271_1,commons-configuration2-2.8.0-src,TestBaseConfiguration,testGetFloat_1_oe,src/test/java/org/apache/commons/configuration2/TestBaseConfiguration.java,,,,assert,unknown
conf_271_2,commons-configuration2-2.8.0-src,TestBaseConfiguration,testGetFloat_2_oe,src/test/java/org/apache/commons/configuration2/TestBaseConfiguration.java,,,,assert,unknown
conf_271_3,commons-configuration2-2.8.0-src,TestBaseConfiguration,testGetFloat_3_oe,src/test/java/org/apache/commons/configuration2/TestBaseConfiguration.java,,,,assert,unknown
conf_271_4,commons-configuration2-2.8.0-src,TestBaseConfiguration,testGetFloat_4_oe,src/test/java/org/apache/commons/configuration2/TestBaseConfiguration.java,,,,assert,unknown
conf_272_1,commons-configuration2-2.8.0-src,TestBaseConfiguration,testGetHexadecimalValue_1_oe,src/test/java/org/apache/commons/configuration2/TestBaseConfiguration.java,,,,assert,unknown
conf_272_2,commons-configuration2-2.8.0-src,TestBaseConfiguration,testGetHexadecimalValue_2_oe,src/test/java/org/apache/commons/configuration2/TestBaseConfiguration.java,,,,assert,unknown
conf_272_3,commons-configuration2-2.8.0-src,TestBaseConfiguration,testGetHexadecimalValue_3_oe,src/test/java/org/apache/commons/configuration2/TestBaseConfiguration.java,,,,assert,unknown
conf_272_4,commons-configuration2-2.8.0-src,TestBaseConfiguration,testGetHexadecimalValue_4_oe,src/test/java/org/apache/commons/configuration2/TestBaseConfiguration.java,,,,assert,unknown
conf_272_5,commons-configuration2-2.8.0-src,TestBaseConfiguration,testGetHexadecimalValue_5_oe,src/test/java/org/apache/commons/configuration2/TestBaseConfiguration.java,,,,assert,unknown
conf_273_1,commons-configuration2-2.8.0-src,TestBaseConfiguration,testGetInterpolatedList_1_oe,src/test/java/org/apache/commons/configuration2/TestBaseConfiguration.java,,,,assert,unknown
conf_274_1,commons-configuration2-2.8.0-src,TestBaseConfiguration,testGetInterpolatedPrimitives_1_oe,src/test/java/org/apache/commons/configuration2/TestBaseConfiguration.java,,,,assert,unknown
conf_274_2,commons-configuration2-2.8.0-src,TestBaseConfiguration,testGetInterpolatedPrimitives_2_oe,src/test/java/org/apache/commons/configuration2/TestBaseConfiguration.java,,,,assert,unknown
conf_274_3,commons-configuration2-2.8.0-src,TestBaseConfiguration,testGetInterpolatedPrimitives_3_oe,src/test/java/org/apache/commons/configuration2/TestBaseConfiguration.java,,,,assert,unknown
conf_274_4,commons-configuration2-2.8.0-src,TestBaseConfiguration,testGetInterpolatedPrimitives_4_oe,src/test/java/org/apache/commons/configuration2/TestBaseConfiguration.java,,,,assert,unknown
conf_274_5,commons-configuration2-2.8.0-src,TestBaseConfiguration,testGetInterpolatedPrimitives_5_oe,src/test/java/org/apache/commons/configuration2/TestBaseConfiguration.java,,,,assert,unknown
conf_274_6,commons-configuration2-2.8.0-src,TestBaseConfiguration,testGetInterpolatedPrimitives_6_oe,src/test/java/org/apache/commons/configuration2/TestBaseConfiguration.java,,,,assert,unknown
conf_274_7,commons-configuration2-2.8.0-src,TestBaseConfiguration,testGetInterpolatedPrimitives_7_oe,src/test/java/org/apache/commons/configuration2/TestBaseConfiguration.java,,,,assert,unknown
conf_274_8,commons-configuration2-2.8.0-src,TestBaseConfiguration,testGetInterpolatedPrimitives_8_oe,src/test/java/org/apache/commons/configuration2/TestBaseConfiguration.java,,,,assert,unknown
conf_274_9,commons-configuration2-2.8.0-src,TestBaseConfiguration,testGetInterpolatedPrimitives_9_oe,src/test/java/org/apache/commons/configuration2/TestBaseConfiguration.java,,,,assert,unknown
conf_274_10,commons-configuration2-2.8.0-src,TestBaseConfiguration,testGetInterpolatedPrimitives_10_oe,src/test/java/org/apache/commons/configuration2/TestBaseConfiguration.java,,,,assert,unknown
conf_274_11,commons-configuration2-2.8.0-src,TestBaseConfiguration,testGetInterpolatedPrimitives_11_oe,src/test/java/org/apache/commons/configuration2/TestBaseConfiguration.java,,,,assert,unknown
conf_274_12,commons-configuration2-2.8.0-src,TestBaseConfiguration,testGetInterpolatedPrimitives_12_oe,src/test/java/org/apache/commons/configuration2/TestBaseConfiguration.java,,,,assert,unknown
conf_274_13,commons-configuration2-2.8.0-src,TestBaseConfiguration,testGetInterpolatedPrimitives_13_oe,src/test/java/org/apache/commons/configuration2/TestBaseConfiguration.java,,,,assert,unknown
conf_274_14,commons-configuration2-2.8.0-src,TestBaseConfiguration,testGetInterpolatedPrimitives_14_oe,src/test/java/org/apache/commons/configuration2/TestBaseConfiguration.java,,,,assert,unknown
conf_274_15,commons-configuration2-2.8.0-src,TestBaseConfiguration,testGetInterpolatedPrimitives_15_oe,src/test/java/org/apache/commons/configuration2/TestBaseConfiguration.java,,,,assert,unknown
conf_274_16,commons-configuration2-2.8.0-src,TestBaseConfiguration,testGetInterpolatedPrimitives_16_oe,src/test/java/org/apache/commons/configuration2/TestBaseConfiguration.java,,,,assert,unknown
conf_275_1,commons-configuration2-2.8.0-src,TestBaseConfiguration,testGetList_1_oe,src/test/java/org/apache/commons/configuration2/TestBaseConfiguration.java,,,,assert,unknown
conf_275_2,commons-configuration2-2.8.0-src,TestBaseConfiguration,testGetList_2_oe,src/test/java/org/apache/commons/configuration2/TestBaseConfiguration.java,,,,assert,unknown
conf_275_3,commons-configuration2-2.8.0-src,TestBaseConfiguration,testGetList_3_oe,src/test/java/org/apache/commons/configuration2/TestBaseConfiguration.java,,,,assert,unknown
conf_275_4,commons-configuration2-2.8.0-src,TestBaseConfiguration,testGetList_4_oe,src/test/java/org/apache/commons/configuration2/TestBaseConfiguration.java,,,,assert,unknown
conf_276_1,commons-configuration2-2.8.0-src,TestBaseConfiguration,testGetLong_1_oe,src/test/java/org/apache/commons/configuration2/TestBaseConfiguration.java,,,,assert,unknown
conf_276_2,commons-configuration2-2.8.0-src,TestBaseConfiguration,testGetLong_2_oe,src/test/java/org/apache/commons/configuration2/TestBaseConfiguration.java,,,,assert,unknown
conf_276_3,commons-configuration2-2.8.0-src,TestBaseConfiguration,testGetLong_3_oe,src/test/java/org/apache/commons/configuration2/TestBaseConfiguration.java,,,,assert,unknown
conf_276_4,commons-configuration2-2.8.0-src,TestBaseConfiguration,testGetLong_4_oe,src/test/java/org/apache/commons/configuration2/TestBaseConfiguration.java,,,,assert,unknown
conf_277_1,commons-configuration2-2.8.0-src,TestBaseConfiguration,testGetProperty_1_oe,src/test/java/org/apache/commons/configuration2/TestBaseConfiguration.java,,,,assert,unknown
conf_277_2,commons-configuration2-2.8.0-src,TestBaseConfiguration,testGetProperty_2_oe,src/test/java/org/apache/commons/configuration2/TestBaseConfiguration.java,,,,assert,unknown
conf_277_3,commons-configuration2-2.8.0-src,TestBaseConfiguration,testGetProperty_3_oe,src/test/java/org/apache/commons/configuration2/TestBaseConfiguration.java,,,,assert,unknown
conf_278_1,commons-configuration2-2.8.0-src,TestBaseConfiguration,testGetShort_1_oe,src/test/java/org/apache/commons/configuration2/TestBaseConfiguration.java,,,,assert,unknown
conf_278_2,commons-configuration2-2.8.0-src,TestBaseConfiguration,testGetShort_2_oe,src/test/java/org/apache/commons/configuration2/TestBaseConfiguration.java,,,,assert,unknown
conf_278_3,commons-configuration2-2.8.0-src,TestBaseConfiguration,testGetShort_3_oe,src/test/java/org/apache/commons/configuration2/TestBaseConfiguration.java,,,,assert,unknown
conf_278_4,commons-configuration2-2.8.0-src,TestBaseConfiguration,testGetShort_4_oe,src/test/java/org/apache/commons/configuration2/TestBaseConfiguration.java,,,,assert,unknown
conf_279_1,commons-configuration2-2.8.0-src,TestBaseConfiguration,testGetString_1_oe,src/test/java/org/apache/commons/configuration2/TestBaseConfiguration.java,,,,assert,unknown
conf_279_2,commons-configuration2-2.8.0-src,TestBaseConfiguration,testGetString_2_oe,src/test/java/org/apache/commons/configuration2/TestBaseConfiguration.java,,,,assert,unknown
conf_279_3,commons-configuration2-2.8.0-src,TestBaseConfiguration,testGetString_3_oe,src/test/java/org/apache/commons/configuration2/TestBaseConfiguration.java,,,,assert,unknown
conf_280_1,commons-configuration2-2.8.0-src,TestBaseConfiguration,testGetStringForListValue_1_oe,src/test/java/org/apache/commons/configuration2/TestBaseConfiguration.java,,,,assert,unknown
conf_281_1,commons-configuration2-2.8.0-src,TestBaseConfiguration,testInstallInterpolator_1_oe,src/test/java/org/apache/commons/configuration2/TestBaseConfiguration.java,,,,assert,unknown
conf_281_2,commons-configuration2-2.8.0-src,TestBaseConfiguration,testInstallInterpolator_2_oe,src/test/java/org/apache/commons/configuration2/TestBaseConfiguration.java,,,,assert,unknown
conf_281_3,commons-configuration2-2.8.0-src,TestBaseConfiguration,testInstallInterpolator_3_oe,src/test/java/org/apache/commons/configuration2/TestBaseConfiguration.java,,,,assert,unknown
conf_281_4,commons-configuration2-2.8.0-src,TestBaseConfiguration,testInstallInterpolator_4_oe,src/test/java/org/apache/commons/configuration2/TestBaseConfiguration.java,,,,assert,unknown
conf_282_1,commons-configuration2-2.8.0-src,TestBaseConfiguration,testNoInterpolator_1_oe,src/test/java/org/apache/commons/configuration2/TestBaseConfiguration.java,,,,assert,unknown
conf_283_1,commons-configuration2-2.8.0-src,TestBaseConfiguration,testNumberConversions_1_oe,src/test/java/org/apache/commons/configuration2/TestBaseConfiguration.java,,,,assert,unknown
conf_283_2,commons-configuration2-2.8.0-src,TestBaseConfiguration,testNumberConversions_2_oe,src/test/java/org/apache/commons/configuration2/TestBaseConfiguration.java,,,,assert,unknown
conf_283_3,commons-configuration2-2.8.0-src,TestBaseConfiguration,testNumberConversions_3_oe,src/test/java/org/apache/commons/configuration2/TestBaseConfiguration.java,,,,assert,unknown
conf_283_4,commons-configuration2-2.8.0-src,TestBaseConfiguration,testNumberConversions_4_oe,src/test/java/org/apache/commons/configuration2/TestBaseConfiguration.java,,,,assert,unknown
conf_283_5,commons-configuration2-2.8.0-src,TestBaseConfiguration,testNumberConversions_5_oe,src/test/java/org/apache/commons/configuration2/TestBaseConfiguration.java,,,,assert,unknown
conf_283_6,commons-configuration2-2.8.0-src,TestBaseConfiguration,testNumberConversions_6_oe,src/test/java/org/apache/commons/configuration2/TestBaseConfiguration.java,,,,assert,unknown
conf_283_7,commons-configuration2-2.8.0-src,TestBaseConfiguration,testNumberConversions_7_oe,src/test/java/org/apache/commons/configuration2/TestBaseConfiguration.java,,,,assert,unknown
conf_283_8,commons-configuration2-2.8.0-src,TestBaseConfiguration,testNumberConversions_8_oe,src/test/java/org/apache/commons/configuration2/TestBaseConfiguration.java,,,,assert,unknown
conf_284_1,commons-configuration2-2.8.0-src,TestBaseConfiguration,testPropertyAccess_1_oe,src/test/java/org/apache/commons/configuration2/TestBaseConfiguration.java,,,,assert,unknown
conf_284_2,commons-configuration2-2.8.0-src,TestBaseConfiguration,testPropertyAccess_2_oe,src/test/java/org/apache/commons/configuration2/TestBaseConfiguration.java,,,,assert,unknown
conf_285_1,commons-configuration2-2.8.0-src,TestBaseConfiguration,testSetInterpolator_1_oe,src/test/java/org/apache/commons/configuration2/TestBaseConfiguration.java,,,,assert,unknown
conf_286_1,commons-configuration2-2.8.0-src,TestBaseConfiguration,testSize_1_oe,src/test/java/org/apache/commons/configuration2/TestBaseConfiguration.java,,,,assert,unknown
conf_287_1,commons-configuration2-2.8.0-src,TestBaseConfiguration,testSubset_1_oe,src/test/java/org/apache/commons/configuration2/TestBaseConfiguration.java,,,,assert,unknown
conf_287_2,commons-configuration2-2.8.0-src,TestBaseConfiguration,testSubset_2_oe,src/test/java/org/apache/commons/configuration2/TestBaseConfiguration.java,,,,assert,unknown
conf_287_3,commons-configuration2-2.8.0-src,TestBaseConfiguration,testSubset_3_oe,src/test/java/org/apache/commons/configuration2/TestBaseConfiguration.java,,,,assert,unknown
conf_287_4,commons-configuration2-2.8.0-src,TestBaseConfiguration,testSubset_4_oe,src/test/java/org/apache/commons/configuration2/TestBaseConfiguration.java,,,,assert,unknown
conf_288_1,commons-configuration2-2.8.0-src,TestBaseConfiguration,testThrowExceptionOnMissing_1_oe,src/test/java/org/apache/commons/configuration2/TestBaseConfiguration.java,,,,assert,unknown
conf_289_1,commons-configuration2-2.8.0-src,TestNullCompositeConfiguration,testAddingProperty_1_oe,src/test/java/org/apache/commons/configuration2/TestNullCompositeConfiguration.java,,,,assert,unknown
conf_289_2,commons-configuration2-2.8.0-src,TestNullCompositeConfiguration,testAddingProperty_2_oe,src/test/java/org/apache/commons/configuration2/TestNullCompositeConfiguration.java,,,,assert,unknown
conf_289_3,commons-configuration2-2.8.0-src,TestNullCompositeConfiguration,testAddingProperty_3_oe,src/test/java/org/apache/commons/configuration2/TestNullCompositeConfiguration.java,,,,assert,unknown
conf_289_4,commons-configuration2-2.8.0-src,TestNullCompositeConfiguration,testAddingProperty_4_oe,src/test/java/org/apache/commons/configuration2/TestNullCompositeConfiguration.java,,,,assert,unknown
conf_289_5,commons-configuration2-2.8.0-src,TestNullCompositeConfiguration,testAddingProperty_5_oe,src/test/java/org/apache/commons/configuration2/TestNullCompositeConfiguration.java,,,,assert,unknown
conf_290_1,commons-configuration2-2.8.0-src,TestNullCompositeConfiguration,testAddRemoveConfigurations_1_oe,src/test/java/org/apache/commons/configuration2/TestNullCompositeConfiguration.java,,,,assert,unknown
conf_290_2,commons-configuration2-2.8.0-src,TestNullCompositeConfiguration,testAddRemoveConfigurations_2_oe,src/test/java/org/apache/commons/configuration2/TestNullCompositeConfiguration.java,,,,assert,unknown
conf_290_3,commons-configuration2-2.8.0-src,TestNullCompositeConfiguration,testAddRemoveConfigurations_3_oe,src/test/java/org/apache/commons/configuration2/TestNullCompositeConfiguration.java,,,,assert,unknown
conf_290_4,commons-configuration2-2.8.0-src,TestNullCompositeConfiguration,testAddRemoveConfigurations_4_oe,src/test/java/org/apache/commons/configuration2/TestNullCompositeConfiguration.java,,,,assert,unknown
conf_290_5,commons-configuration2-2.8.0-src,TestNullCompositeConfiguration,testAddRemoveConfigurations_5_oe,src/test/java/org/apache/commons/configuration2/TestNullCompositeConfiguration.java,,,,assert,unknown
conf_291_1,commons-configuration2-2.8.0-src,TestNullCompositeConfiguration,testCantRemoveMemoryConfig_1_oe,src/test/java/org/apache/commons/configuration2/TestNullCompositeConfiguration.java,,,,assert,unknown
conf_291_2,commons-configuration2-2.8.0-src,TestNullCompositeConfiguration,testCantRemoveMemoryConfig_2_oe,src/test/java/org/apache/commons/configuration2/TestNullCompositeConfiguration.java,,,,assert,unknown
conf_292_1,commons-configuration2-2.8.0-src,TestNullCompositeConfiguration,testCheckingInMemoryConfiguration_1_oe,src/test/java/org/apache/commons/configuration2/TestNullCompositeConfiguration.java,,,,assert,unknown
conf_292_2,commons-configuration2-2.8.0-src,TestNullCompositeConfiguration,testCheckingInMemoryConfiguration_2_oe,src/test/java/org/apache/commons/configuration2/TestNullCompositeConfiguration.java,,,,assert,unknown
conf_292_3,commons-configuration2-2.8.0-src,TestNullCompositeConfiguration,testCheckingInMemoryConfiguration_3_oe,src/test/java/org/apache/commons/configuration2/TestNullCompositeConfiguration.java,,,,assert,unknown
conf_292_4,commons-configuration2-2.8.0-src,TestNullCompositeConfiguration,testCheckingInMemoryConfiguration_4_oe,src/test/java/org/apache/commons/configuration2/TestNullCompositeConfiguration.java,,,,assert,unknown
conf_293_1,commons-configuration2-2.8.0-src,TestNullCompositeConfiguration,testClearingProperty_1_oe,src/test/java/org/apache/commons/configuration2/TestNullCompositeConfiguration.java,,,,assert,unknown
conf_294_1,commons-configuration2-2.8.0-src,TestNullCompositeConfiguration,testDefaultValueWhenKeyMissing_1_oe,src/test/java/org/apache/commons/configuration2/TestNullCompositeConfiguration.java,,,,assert,unknown
conf_294_2,commons-configuration2-2.8.0-src,TestNullCompositeConfiguration,testDefaultValueWhenKeyMissing_2_oe,src/test/java/org/apache/commons/configuration2/TestNullCompositeConfiguration.java,,,,assert,unknown
conf_294_3,commons-configuration2-2.8.0-src,TestNullCompositeConfiguration,testDefaultValueWhenKeyMissing_3_oe,src/test/java/org/apache/commons/configuration2/TestNullCompositeConfiguration.java,,,,assert,unknown
conf_295_1,commons-configuration2-2.8.0-src,TestNullCompositeConfiguration,testGetKeys2PreservesOrder_1_oe,src/test/java/org/apache/commons/configuration2/TestNullCompositeConfiguration.java,,,,assert,unknown
conf_295_2,commons-configuration2-2.8.0-src,TestNullCompositeConfiguration,testGetKeys2PreservesOrder_2_oe,src/test/java/org/apache/commons/configuration2/TestNullCompositeConfiguration.java,,,,assert,unknown
conf_296_1,commons-configuration2-2.8.0-src,TestNullCompositeConfiguration,testGetKeysPreservesOrder_1_oe,src/test/java/org/apache/commons/configuration2/TestNullCompositeConfiguration.java,,,,assert,unknown
conf_296_2,commons-configuration2-2.8.0-src,TestNullCompositeConfiguration,testGetKeysPreservesOrder_2_oe,src/test/java/org/apache/commons/configuration2/TestNullCompositeConfiguration.java,,,,assert,unknown
conf_297_1,commons-configuration2-2.8.0-src,TestNullCompositeConfiguration,testGetList_1_oe,src/test/java/org/apache/commons/configuration2/TestNullCompositeConfiguration.java,,,,assert,unknown
conf_297_2,commons-configuration2-2.8.0-src,TestNullCompositeConfiguration,testGetList_2_oe,src/test/java/org/apache/commons/configuration2/TestNullCompositeConfiguration.java,,,,assert,unknown
conf_297_3,commons-configuration2-2.8.0-src,TestNullCompositeConfiguration,testGetList_3_oe,src/test/java/org/apache/commons/configuration2/TestNullCompositeConfiguration.java,,,,assert,unknown
conf_297_4,commons-configuration2-2.8.0-src,TestNullCompositeConfiguration,testGetList_4_oe,src/test/java/org/apache/commons/configuration2/TestNullCompositeConfiguration.java,,,,assert,unknown
conf_297_5,commons-configuration2-2.8.0-src,TestNullCompositeConfiguration,testGetList_5_oe,src/test/java/org/apache/commons/configuration2/TestNullCompositeConfiguration.java,,,,assert,unknown
conf_297_6,commons-configuration2-2.8.0-src,TestNullCompositeConfiguration,testGetList_6_oe,src/test/java/org/apache/commons/configuration2/TestNullCompositeConfiguration.java,,,,assert,unknown
conf_297_7,commons-configuration2-2.8.0-src,TestNullCompositeConfiguration,testGetList_7_oe,src/test/java/org/apache/commons/configuration2/TestNullCompositeConfiguration.java,,,,assert,unknown
conf_297_8,commons-configuration2-2.8.0-src,TestNullCompositeConfiguration,testGetList_8_oe,src/test/java/org/apache/commons/configuration2/TestNullCompositeConfiguration.java,,,,assert,unknown
conf_297_9,commons-configuration2-2.8.0-src,TestNullCompositeConfiguration,testGetList_9_oe,src/test/java/org/apache/commons/configuration2/TestNullCompositeConfiguration.java,,,,assert,unknown
conf_298_1,commons-configuration2-2.8.0-src,TestNullCompositeConfiguration,testGetProperty_1_oe,src/test/java/org/apache/commons/configuration2/TestNullCompositeConfiguration.java,,,,assert,unknown
conf_298_2,commons-configuration2-2.8.0-src,TestNullCompositeConfiguration,testGetProperty_2_oe,src/test/java/org/apache/commons/configuration2/TestNullCompositeConfiguration.java,,,,assert,unknown
conf_299_1,commons-configuration2-2.8.0-src,TestNullCompositeConfiguration,testGetPropertyMissing_1_oe,src/test/java/org/apache/commons/configuration2/TestNullCompositeConfiguration.java,,,,assert,unknown
conf_299_2,commons-configuration2-2.8.0-src,TestNullCompositeConfiguration,testGetPropertyMissing_2_oe,src/test/java/org/apache/commons/configuration2/TestNullCompositeConfiguration.java,,,,assert,unknown
conf_299_3,commons-configuration2-2.8.0-src,TestNullCompositeConfiguration,testGetPropertyMissing_3_oe,src/test/java/org/apache/commons/configuration2/TestNullCompositeConfiguration.java,,,,assert,unknown
conf_300_1,commons-configuration2-2.8.0-src,TestNullCompositeConfiguration,testGetPropertyWIncludes_1_oe,src/test/java/org/apache/commons/configuration2/TestNullCompositeConfiguration.java,,,,assert,unknown
conf_301_1,commons-configuration2-2.8.0-src,TestNullCompositeConfiguration,testGetStringWithDefaults_1_oe,src/test/java/org/apache/commons/configuration2/TestNullCompositeConfiguration.java,,,,assert,unknown
conf_301_2,commons-configuration2-2.8.0-src,TestNullCompositeConfiguration,testGetStringWithDefaults_2_oe,src/test/java/org/apache/commons/configuration2/TestNullCompositeConfiguration.java,,,,assert,unknown
conf_301_3,commons-configuration2-2.8.0-src,TestNullCompositeConfiguration,testGetStringWithDefaults_3_oe,src/test/java/org/apache/commons/configuration2/TestNullCompositeConfiguration.java,,,,assert,unknown
conf_301_4,commons-configuration2-2.8.0-src,TestNullCompositeConfiguration,testGetStringWithDefaults_4_oe,src/test/java/org/apache/commons/configuration2/TestNullCompositeConfiguration.java,,,,assert,unknown
conf_301_5,commons-configuration2-2.8.0-src,TestNullCompositeConfiguration,testGetStringWithDefaults_5_oe,src/test/java/org/apache/commons/configuration2/TestNullCompositeConfiguration.java,,,,assert,unknown
conf_301_6,commons-configuration2-2.8.0-src,TestNullCompositeConfiguration,testGetStringWithDefaults_6_oe,src/test/java/org/apache/commons/configuration2/TestNullCompositeConfiguration.java,,,,assert,unknown
conf_302_1,commons-configuration2-2.8.0-src,TestNullCompositeConfiguration,testGettingConfiguration_1_oe,src/test/java/org/apache/commons/configuration2/TestNullCompositeConfiguration.java,,,,assert,unknown
conf_302_2,commons-configuration2-2.8.0-src,TestNullCompositeConfiguration,testGettingConfiguration_2_oe,src/test/java/org/apache/commons/configuration2/TestNullCompositeConfiguration.java,,,,assert,unknown
conf_303_1,commons-configuration2-2.8.0-src,TestNullCompositeConfiguration,testGettingSubset_1_oe,src/test/java/org/apache/commons/configuration2/TestNullCompositeConfiguration.java,,,,assert,unknown
conf_303_2,commons-configuration2-2.8.0-src,TestNullCompositeConfiguration,testGettingSubset_2_oe,src/test/java/org/apache/commons/configuration2/TestNullCompositeConfiguration.java,,,,assert,unknown
conf_303_3,commons-configuration2-2.8.0-src,TestNullCompositeConfiguration,testGettingSubset_3_oe,src/test/java/org/apache/commons/configuration2/TestNullCompositeConfiguration.java,,,,assert,unknown
conf_303_4,commons-configuration2-2.8.0-src,TestNullCompositeConfiguration,testGettingSubset_4_oe,src/test/java/org/apache/commons/configuration2/TestNullCompositeConfiguration.java,,,,assert,unknown
conf_304_1,commons-configuration2-2.8.0-src,TestNullCompositeConfiguration,testGetVector_1_oe,src/test/java/org/apache/commons/configuration2/TestNullCompositeConfiguration.java,,,,assert,unknown
conf_304_2,commons-configuration2-2.8.0-src,TestNullCompositeConfiguration,testGetVector_2_oe,src/test/java/org/apache/commons/configuration2/TestNullCompositeConfiguration.java,,,,assert,unknown
conf_304_3,commons-configuration2-2.8.0-src,TestNullCompositeConfiguration,testGetVector_3_oe,src/test/java/org/apache/commons/configuration2/TestNullCompositeConfiguration.java,,,,assert,unknown
conf_304_4,commons-configuration2-2.8.0-src,TestNullCompositeConfiguration,testGetVector_4_oe,src/test/java/org/apache/commons/configuration2/TestNullCompositeConfiguration.java,,,,assert,unknown
conf_305_1,commons-configuration2-2.8.0-src,TestNullCompositeConfiguration,testList_1_oe,src/test/java/org/apache/commons/configuration2/TestNullCompositeConfiguration.java,,,,assert,unknown
conf_305_2,commons-configuration2-2.8.0-src,TestNullCompositeConfiguration,testList_2_oe,src/test/java/org/apache/commons/configuration2/TestNullCompositeConfiguration.java,,,,assert,unknown
conf_306_1,commons-configuration2-2.8.0-src,TestNullCompositeConfiguration,testMultipleTypesOfConfigs_1_oe,src/test/java/org/apache/commons/configuration2/TestNullCompositeConfiguration.java,,,,assert,unknown
conf_306_2,commons-configuration2-2.8.0-src,TestNullCompositeConfiguration,testMultipleTypesOfConfigs_2_oe,src/test/java/org/apache/commons/configuration2/TestNullCompositeConfiguration.java,,,,assert,unknown
conf_307_1,commons-configuration2-2.8.0-src,TestNullCompositeConfiguration,testPropertyExistsInOnlyOneConfig_1_oe,src/test/java/org/apache/commons/configuration2/TestNullCompositeConfiguration.java,,,,assert,unknown
conf_308_1,commons-configuration2-2.8.0-src,TestNullCompositeConfiguration,testSettingMissingProperty_1_oe,src/test/java/org/apache/commons/configuration2/TestNullCompositeConfiguration.java,,,,assert,unknown
conf_309_1,commons-configuration2-2.8.0-src,TestNullCompositeConfiguration,testStringArray_1_oe,src/test/java/org/apache/commons/configuration2/TestNullCompositeConfiguration.java,,,,assert,unknown
conf_309_2,commons-configuration2-2.8.0-src,TestNullCompositeConfiguration,testStringArray_2_oe,src/test/java/org/apache/commons/configuration2/TestNullCompositeConfiguration.java,,,,assert,unknown
conf_310_1,commons-configuration2-2.8.0-src,TestNullCompositeConfiguration,testSubsetCanResolve_1_oe,src/test/java/org/apache/commons/configuration2/TestNullCompositeConfiguration.java,,,,assert,unknown
conf_311_1,commons-configuration2-2.8.0-src,TestNullCompositeConfiguration,testThrowExceptionOnMissing_1_oe,src/test/java/org/apache/commons/configuration2/TestNullCompositeConfiguration.java,,,,assert,unknown
conf_312_1,commons-configuration2-2.8.0-src,TestHierarchicalConfigurationXMLReader,testParse_1_oe,src/test/java/org/apache/commons/configuration2/TestHierarchicalConfigurationXMLReader.java,,,,assert,unknown
conf_313_1,commons-configuration2-2.8.0-src,TestXMLPropertiesConfiguration,testDOMLoad_1_oe,src/test/java/org/apache/commons/configuration2/TestXMLPropertiesConfiguration.java,,,,assert,unknown
conf_313_2,commons-configuration2-2.8.0-src,TestXMLPropertiesConfiguration,testDOMLoad_2_oe,src/test/java/org/apache/commons/configuration2/TestXMLPropertiesConfiguration.java,,,,assert,unknown
conf_313_3,commons-configuration2-2.8.0-src,TestXMLPropertiesConfiguration,testDOMLoad_3_oe,src/test/java/org/apache/commons/configuration2/TestXMLPropertiesConfiguration.java,,,,assert,unknown
conf_313_4,commons-configuration2-2.8.0-src,TestXMLPropertiesConfiguration,testDOMLoad_4_oe,src/test/java/org/apache/commons/configuration2/TestXMLPropertiesConfiguration.java,,,,assert,unknown
conf_313_5,commons-configuration2-2.8.0-src,TestXMLPropertiesConfiguration,testDOMLoad_5_oe,src/test/java/org/apache/commons/configuration2/TestXMLPropertiesConfiguration.java,,,,assert,unknown
conf_314_1,commons-configuration2-2.8.0-src,TestXMLPropertiesConfiguration,testDOMSave_1_oe,src/test/java/org/apache/commons/configuration2/TestXMLPropertiesConfiguration.java,,,,assert,unknown
conf_314_2,commons-configuration2-2.8.0-src,TestXMLPropertiesConfiguration,testDOMSave_2_oe,src/test/java/org/apache/commons/configuration2/TestXMLPropertiesConfiguration.java,,,,assert,unknown
conf_314_3,commons-configuration2-2.8.0-src,TestXMLPropertiesConfiguration,testDOMSave_3_oe,src/test/java/org/apache/commons/configuration2/TestXMLPropertiesConfiguration.java,,,,assert,unknown
conf_314_4,commons-configuration2-2.8.0-src,TestXMLPropertiesConfiguration,testDOMSave_4_oe,src/test/java/org/apache/commons/configuration2/TestXMLPropertiesConfiguration.java,,,,assert,unknown
conf_314_5,commons-configuration2-2.8.0-src,TestXMLPropertiesConfiguration,testDOMSave_5_oe,src/test/java/org/apache/commons/configuration2/TestXMLPropertiesConfiguration.java,,,,assert,unknown
conf_315_1,commons-configuration2-2.8.0-src,TestXMLPropertiesConfiguration,testLoad_1_oe,src/test/java/org/apache/commons/configuration2/TestXMLPropertiesConfiguration.java,,,,assert,unknown
conf_315_2,commons-configuration2-2.8.0-src,TestXMLPropertiesConfiguration,testLoad_2_oe,src/test/java/org/apache/commons/configuration2/TestXMLPropertiesConfiguration.java,,,,assert,unknown
conf_315_3,commons-configuration2-2.8.0-src,TestXMLPropertiesConfiguration,testLoad_3_oe,src/test/java/org/apache/commons/configuration2/TestXMLPropertiesConfiguration.java,,,,assert,unknown
conf_315_4,commons-configuration2-2.8.0-src,TestXMLPropertiesConfiguration,testLoad_4_oe,src/test/java/org/apache/commons/configuration2/TestXMLPropertiesConfiguration.java,,,,assert,unknown
conf_315_5,commons-configuration2-2.8.0-src,TestXMLPropertiesConfiguration,testLoad_5_oe,src/test/java/org/apache/commons/configuration2/TestXMLPropertiesConfiguration.java,,,,assert,unknown
conf_316_1,commons-configuration2-2.8.0-src,TestXMLPropertiesConfiguration,testSave_1_oe,src/test/java/org/apache/commons/configuration2/TestXMLPropertiesConfiguration.java,,,,assert,unknown
conf_316_2,commons-configuration2-2.8.0-src,TestXMLPropertiesConfiguration,testSave_2_oe,src/test/java/org/apache/commons/configuration2/TestXMLPropertiesConfiguration.java,,,,assert,unknown
conf_316_3,commons-configuration2-2.8.0-src,TestXMLPropertiesConfiguration,testSave_3_oe,src/test/java/org/apache/commons/configuration2/TestXMLPropertiesConfiguration.java,,,,assert,unknown
conf_316_4,commons-configuration2-2.8.0-src,TestXMLPropertiesConfiguration,testSave_4_oe,src/test/java/org/apache/commons/configuration2/TestXMLPropertiesConfiguration.java,,,,assert,unknown
conf_316_5,commons-configuration2-2.8.0-src,TestXMLPropertiesConfiguration,testSave_5_oe,src/test/java/org/apache/commons/configuration2/TestXMLPropertiesConfiguration.java,,,,assert,unknown
conf_317_1,commons-configuration2-2.8.0-src,TestEqualsProperty,testEquals_1_oe,src/test/java/org/apache/commons/configuration2/TestEqualsProperty.java,,,,assert,unknown
conf_318_1,commons-configuration2-2.8.0-src,TestHierarchicalXMLConfiguration,testRootElement_1_oe,src/test/java/org/apache/commons/configuration2/TestHierarchicalXMLConfiguration.java,,,,assert,unknown
conf_318_2,commons-configuration2-2.8.0-src,TestHierarchicalXMLConfiguration,testRootElement_2_oe,src/test/java/org/apache/commons/configuration2/TestHierarchicalXMLConfiguration.java,,,,assert,unknown
conf_319_1,commons-configuration2-2.8.0-src,TestHierarchicalXMLConfiguration,testSave_1_oe,src/test/java/org/apache/commons/configuration2/TestHierarchicalXMLConfiguration.java,,,,assert,unknown
conf_319_2,commons-configuration2-2.8.0-src,TestHierarchicalXMLConfiguration,testSave_2_oe,src/test/java/org/apache/commons/configuration2/TestHierarchicalXMLConfiguration.java,,,,assert,unknown
conf_319_3,commons-configuration2-2.8.0-src,TestHierarchicalXMLConfiguration,testSave_3_oe,src/test/java/org/apache/commons/configuration2/TestHierarchicalXMLConfiguration.java,,,,assert,unknown
conf_319_4,commons-configuration2-2.8.0-src,TestHierarchicalXMLConfiguration,testSave_4_oe,src/test/java/org/apache/commons/configuration2/TestHierarchicalXMLConfiguration.java,,,,assert,unknown
conf_319_5,commons-configuration2-2.8.0-src,TestHierarchicalXMLConfiguration,testSave_5_oe,src/test/java/org/apache/commons/configuration2/TestHierarchicalXMLConfiguration.java,,,,assert,unknown
conf_319_6,commons-configuration2-2.8.0-src,TestHierarchicalXMLConfiguration,testSave_6_oe,src/test/java/org/apache/commons/configuration2/TestHierarchicalXMLConfiguration.java,,,,assert,unknown
conf_320_1,commons-configuration2-2.8.0-src,TestHierarchicalXMLConfiguration,testSaveModified_1_oe,src/test/java/org/apache/commons/configuration2/TestHierarchicalXMLConfiguration.java,,,,assert,unknown
conf_320_2,commons-configuration2-2.8.0-src,TestHierarchicalXMLConfiguration,testSaveModified_2_oe,src/test/java/org/apache/commons/configuration2/TestHierarchicalXMLConfiguration.java,,,,assert,unknown
conf_320_3,commons-configuration2-2.8.0-src,TestHierarchicalXMLConfiguration,testSaveModified_3_oe,src/test/java/org/apache/commons/configuration2/TestHierarchicalXMLConfiguration.java,,,,assert,unknown
conf_320_4,commons-configuration2-2.8.0-src,TestHierarchicalXMLConfiguration,testSaveModified_4_oe,src/test/java/org/apache/commons/configuration2/TestHierarchicalXMLConfiguration.java,,,,assert,unknown
conf_320_5,commons-configuration2-2.8.0-src,TestHierarchicalXMLConfiguration,testSaveModified_5_oe,src/test/java/org/apache/commons/configuration2/TestHierarchicalXMLConfiguration.java,,,,assert,unknown
conf_320_6,commons-configuration2-2.8.0-src,TestHierarchicalXMLConfiguration,testSaveModified_6_oe,src/test/java/org/apache/commons/configuration2/TestHierarchicalXMLConfiguration.java,,,,assert,unknown
conf_320_7,commons-configuration2-2.8.0-src,TestHierarchicalXMLConfiguration,testSaveModified_7_oe,src/test/java/org/apache/commons/configuration2/TestHierarchicalXMLConfiguration.java,,,,assert,unknown
conf_320_8,commons-configuration2-2.8.0-src,TestHierarchicalXMLConfiguration,testSaveModified_8_oe,src/test/java/org/apache/commons/configuration2/TestHierarchicalXMLConfiguration.java,,,,assert,unknown
conf_320_9,commons-configuration2-2.8.0-src,TestHierarchicalXMLConfiguration,testSaveModified_9_oe,src/test/java/org/apache/commons/configuration2/TestHierarchicalXMLConfiguration.java,,,,assert,unknown
conf_320_10,commons-configuration2-2.8.0-src,TestHierarchicalXMLConfiguration,testSaveModified_10_oe,src/test/java/org/apache/commons/configuration2/TestHierarchicalXMLConfiguration.java,,,,assert,unknown
conf_320_11,commons-configuration2-2.8.0-src,TestHierarchicalXMLConfiguration,testSaveModified_11_oe,src/test/java/org/apache/commons/configuration2/TestHierarchicalXMLConfiguration.java,,,,assert,unknown
conf_320_12,commons-configuration2-2.8.0-src,TestHierarchicalXMLConfiguration,testSaveModified_12_oe,src/test/java/org/apache/commons/configuration2/TestHierarchicalXMLConfiguration.java,,,,assert,unknown
conf_320_13,commons-configuration2-2.8.0-src,TestHierarchicalXMLConfiguration,testSaveModified_13_oe,src/test/java/org/apache/commons/configuration2/TestHierarchicalXMLConfiguration.java,,,,assert,unknown
conf_320_14,commons-configuration2-2.8.0-src,TestHierarchicalXMLConfiguration,testSaveModified_14_oe,src/test/java/org/apache/commons/configuration2/TestHierarchicalXMLConfiguration.java,,,,assert,unknown
conf_321_1,commons-configuration2-2.8.0-src,TestHierarchicalXMLConfiguration,testSaveNew_1_oe,src/test/java/org/apache/commons/configuration2/TestHierarchicalXMLConfiguration.java,,,,assert,unknown
conf_321_2,commons-configuration2-2.8.0-src,TestHierarchicalXMLConfiguration,testSaveNew_2_oe,src/test/java/org/apache/commons/configuration2/TestHierarchicalXMLConfiguration.java,,,,assert,unknown
conf_321_3,commons-configuration2-2.8.0-src,TestHierarchicalXMLConfiguration,testSaveNew_3_oe,src/test/java/org/apache/commons/configuration2/TestHierarchicalXMLConfiguration.java,,,,assert,unknown
conf_321_4,commons-configuration2-2.8.0-src,TestHierarchicalXMLConfiguration,testSaveNew_4_oe,src/test/java/org/apache/commons/configuration2/TestHierarchicalXMLConfiguration.java,,,,assert,unknown
conf_321_5,commons-configuration2-2.8.0-src,TestHierarchicalXMLConfiguration,testSaveNew_5_oe,src/test/java/org/apache/commons/configuration2/TestHierarchicalXMLConfiguration.java,,,,assert,unknown
conf_321_6,commons-configuration2-2.8.0-src,TestHierarchicalXMLConfiguration,testSaveNew_6_oe,src/test/java/org/apache/commons/configuration2/TestHierarchicalXMLConfiguration.java,,,,assert,unknown
conf_321_7,commons-configuration2-2.8.0-src,TestHierarchicalXMLConfiguration,testSaveNew_7_oe,src/test/java/org/apache/commons/configuration2/TestHierarchicalXMLConfiguration.java,,,,assert,unknown
conf_321_8,commons-configuration2-2.8.0-src,TestHierarchicalXMLConfiguration,testSaveNew_8_oe,src/test/java/org/apache/commons/configuration2/TestHierarchicalXMLConfiguration.java,,,,assert,unknown
conf_322_1,commons-configuration2-2.8.0-src,TestHierarchicalXMLConfiguration,testSetRootElementNameWhenLoadedFromFile_1_oe,src/test/java/org/apache/commons/configuration2/TestHierarchicalXMLConfiguration.java,,,,assert,unknown
conf_323_1,commons-configuration2-2.8.0-src,TestHierarchicalXMLConfiguration,testXmlNodeTypes_1_oe,src/test/java/org/apache/commons/configuration2/TestHierarchicalXMLConfiguration.java,,,,assert,unknown
conf_323_2,commons-configuration2-2.8.0-src,TestHierarchicalXMLConfiguration,testXmlNodeTypes_2_oe,src/test/java/org/apache/commons/configuration2/TestHierarchicalXMLConfiguration.java,,,,assert,unknown
conf_323_3,commons-configuration2-2.8.0-src,TestHierarchicalXMLConfiguration,testXmlNodeTypes_3_oe,src/test/java/org/apache/commons/configuration2/TestHierarchicalXMLConfiguration.java,,,,assert,unknown
conf_323_4,commons-configuration2-2.8.0-src,TestHierarchicalXMLConfiguration,testXmlNodeTypes_4_oe,src/test/java/org/apache/commons/configuration2/TestHierarchicalXMLConfiguration.java,,,,assert,unknown
conf_323_5,commons-configuration2-2.8.0-src,TestHierarchicalXMLConfiguration,testXmlNodeTypes_5_oe,src/test/java/org/apache/commons/configuration2/TestHierarchicalXMLConfiguration.java,,,,assert,unknown
conf_323_6,commons-configuration2-2.8.0-src,TestHierarchicalXMLConfiguration,testXmlNodeTypes_6_oe,src/test/java/org/apache/commons/configuration2/TestHierarchicalXMLConfiguration.java,,,,assert,unknown
conf_324_1,commons-configuration2-2.8.0-src,TestBaseHierarchicalConfigurationSynchronization,testChildConfigurationsAtSynchronized_1_oe,src/test/java/org/apache/commons/configuration2/TestBaseHierarchicalConfigurationSynchronization.java,,,,assert,unknown
conf_325_1,commons-configuration2-2.8.0-src,TestBaseHierarchicalConfigurationSynchronization,testCloneCopySubnodeData_1_oe,src/test/java/org/apache/commons/configuration2/TestBaseHierarchicalConfigurationSynchronization.java,,,,assert,unknown
conf_325_2,commons-configuration2-2.8.0-src,TestBaseHierarchicalConfigurationSynchronization,testCloneCopySubnodeData_2_oe,src/test/java/org/apache/commons/configuration2/TestBaseHierarchicalConfigurationSynchronization.java,,,,assert,unknown
conf_326_1,commons-configuration2-2.8.0-src,TestBaseHierarchicalConfigurationSynchronization,testCloneSynchronized_1_oe,src/test/java/org/apache/commons/configuration2/TestBaseHierarchicalConfigurationSynchronization.java,,,,assert,unknown
conf_327_1,commons-configuration2-2.8.0-src,TestBaseHierarchicalConfigurationSynchronization,testConfigurationAtSynchronized_1_oe,src/test/java/org/apache/commons/configuration2/TestBaseHierarchicalConfigurationSynchronization.java,,,,assert,unknown
conf_328_1,commons-configuration2-2.8.0-src,TestBaseHierarchicalConfigurationSynchronization,testConfigurationsAtSynchronized_1_oe,src/test/java/org/apache/commons/configuration2/TestBaseHierarchicalConfigurationSynchronization.java,,,,assert,unknown
conf_329_1,commons-configuration2-2.8.0-src,TestBaseHierarchicalConfigurationSynchronization,testCopyConstructorSynchronized_1_oe,src/test/java/org/apache/commons/configuration2/TestBaseHierarchicalConfigurationSynchronization.java,,,,assert,unknown
conf_330_1,commons-configuration2-2.8.0-src,TestBaseHierarchicalConfigurationSynchronization,testGetMaxIndexSynchronized_1_oe,src/test/java/org/apache/commons/configuration2/TestBaseHierarchicalConfigurationSynchronization.java,,,,assert,unknown
conf_331_1,commons-configuration2-2.8.0-src,TestBaseHierarchicalConfigurationSynchronization,testGetRootElementNameSynchronized_1_oe,src/test/java/org/apache/commons/configuration2/TestBaseHierarchicalConfigurationSynchronization.java,,,,assert,unknown
conf_332_1,commons-configuration2-2.8.0-src,TestBaseHierarchicalConfigurationSynchronization,testSubnodeUpdate_1_oe,src/test/java/org/apache/commons/configuration2/TestBaseHierarchicalConfigurationSynchronization.java,,,,assert,unknown
conf_332_2,commons-configuration2-2.8.0-src,TestBaseHierarchicalConfigurationSynchronization,testSubnodeUpdate_2_oe,src/test/java/org/apache/commons/configuration2/TestBaseHierarchicalConfigurationSynchronization.java,,,,assert,unknown
conf_333_1,commons-configuration2-2.8.0-src,TestBaseHierarchicalConfigurationSynchronization,testSubnodeUpdateBySubnode_1_oe,src/test/java/org/apache/commons/configuration2/TestBaseHierarchicalConfigurationSynchronization.java,,,,assert,unknown
conf_333_2,commons-configuration2-2.8.0-src,TestBaseHierarchicalConfigurationSynchronization,testSubnodeUpdateBySubnode_2_oe,src/test/java/org/apache/commons/configuration2/TestBaseHierarchicalConfigurationSynchronization.java,,,,assert,unknown
conf_334_1,commons-configuration2-2.8.0-src,TestBaseHierarchicalConfigurationSynchronization,testSubsetSynchronized_1_oe,src/test/java/org/apache/commons/configuration2/TestBaseHierarchicalConfigurationSynchronization.java,,,,assert,unknown
conf_335_1,commons-configuration2-2.8.0-src,TestJSONConfiguration,testCopyConstructor_1_oe,src/test/java/org/apache/commons/configuration2/TestJSONConfiguration.java,,,,assert,unknown
conf_336_1,commons-configuration2-2.8.0-src,TestJSONConfiguration,testGetProperty_dictionary_1_oe,src/test/java/org/apache/commons/configuration2/TestJSONConfiguration.java,,,,assert,unknown
conf_336_2,commons-configuration2-2.8.0-src,TestJSONConfiguration,testGetProperty_dictionary_2_oe,src/test/java/org/apache/commons/configuration2/TestJSONConfiguration.java,,,,assert,unknown
conf_336_3,commons-configuration2-2.8.0-src,TestJSONConfiguration,testGetProperty_dictionary_3_oe,src/test/java/org/apache/commons/configuration2/TestJSONConfiguration.java,,,,assert,unknown
conf_337_1,commons-configuration2-2.8.0-src,TestJSONConfiguration,testGetProperty_dictionaryInList_1_oe,src/test/java/org/apache/commons/configuration2/TestJSONConfiguration.java,,,,assert,unknown
conf_337_2,commons-configuration2-2.8.0-src,TestJSONConfiguration,testGetProperty_dictionaryInList_2_oe,src/test/java/org/apache/commons/configuration2/TestJSONConfiguration.java,,,,assert,unknown
conf_338_1,commons-configuration2-2.8.0-src,TestJSONConfiguration,testGetProperty_integer_1_oe,src/test/java/org/apache/commons/configuration2/TestJSONConfiguration.java,,,,assert,unknown
conf_338_2,commons-configuration2-2.8.0-src,TestJSONConfiguration,testGetProperty_integer_2_oe,src/test/java/org/apache/commons/configuration2/TestJSONConfiguration.java,,,,assert,unknown
conf_339_1,commons-configuration2-2.8.0-src,TestJSONConfiguration,testGetProperty_nested_1_oe,src/test/java/org/apache/commons/configuration2/TestJSONConfiguration.java,,,,assert,unknown
conf_340_1,commons-configuration2-2.8.0-src,TestJSONConfiguration,testGetProperty_nested_with_list_1_oe,src/test/java/org/apache/commons/configuration2/TestJSONConfiguration.java,,,,assert,unknown
conf_341_1,commons-configuration2-2.8.0-src,TestJSONConfiguration,testGetProperty_simple_1_oe,src/test/java/org/apache/commons/configuration2/TestJSONConfiguration.java,,,,assert,unknown
conf_342_1,commons-configuration2-2.8.0-src,TestJSONConfiguration,testGetProperty_subset_1_oe,src/test/java/org/apache/commons/configuration2/TestJSONConfiguration.java,,,,assert,unknown
conf_343_1,commons-configuration2-2.8.0-src,TestJSONConfiguration,testGetProperty_very_nested_properties_1_oe,src/test/java/org/apache/commons/configuration2/TestJSONConfiguration.java,,,,assert,unknown
conf_344_1,commons-configuration2-2.8.0-src,TestJSONConfiguration,testSave_1_oe,src/test/java/org/apache/commons/configuration2/TestJSONConfiguration.java,,,,assert,unknown
conf_344_2,commons-configuration2-2.8.0-src,TestJSONConfiguration,testSave_2_oe,src/test/java/org/apache/commons/configuration2/TestJSONConfiguration.java,,,,assert,unknown
conf_344_3,commons-configuration2-2.8.0-src,TestJSONConfiguration,testSave_3_oe,src/test/java/org/apache/commons/configuration2/TestJSONConfiguration.java,,,,assert,unknown
conf_344_4,commons-configuration2-2.8.0-src,TestJSONConfiguration,testSave_4_oe,src/test/java/org/apache/commons/configuration2/TestJSONConfiguration.java,,,,assert,unknown
conf_344_5,commons-configuration2-2.8.0-src,TestJSONConfiguration,testSave_5_oe,src/test/java/org/apache/commons/configuration2/TestJSONConfiguration.java,,,,assert,unknown
conf_344_6,commons-configuration2-2.8.0-src,TestJSONConfiguration,testSave_6_oe,src/test/java/org/apache/commons/configuration2/TestJSONConfiguration.java,,,,assert,unknown
conf_344_7,commons-configuration2-2.8.0-src,TestJSONConfiguration,testSave_7_oe,src/test/java/org/apache/commons/configuration2/TestJSONConfiguration.java,,,,assert,unknown
conf_345_1,commons-configuration2-2.8.0-src,TestEqualBehavior,testAddingSet_1_oe,src/test/java/org/apache/commons/configuration2/TestEqualBehavior.java,,,,assert,unknown
conf_345_2,commons-configuration2-2.8.0-src,TestEqualBehavior,testAddingSet_2_oe,src/test/java/org/apache/commons/configuration2/TestEqualBehavior.java,,,,assert,unknown
conf_345_3,commons-configuration2-2.8.0-src,TestEqualBehavior,testAddingSet_3_oe,src/test/java/org/apache/commons/configuration2/TestEqualBehavior.java,,,,assert,unknown
conf_345_4,commons-configuration2-2.8.0-src,TestEqualBehavior,testAddingSet_4_oe,src/test/java/org/apache/commons/configuration2/TestEqualBehavior.java,,,,assert,unknown
conf_346_1,commons-configuration2-2.8.0-src,TestEqualBehavior,testAddingUnset_1_oe,src/test/java/org/apache/commons/configuration2/TestEqualBehavior.java,,,,assert,unknown
conf_346_2,commons-configuration2-2.8.0-src,TestEqualBehavior,testAddingUnset_2_oe,src/test/java/org/apache/commons/configuration2/TestEqualBehavior.java,,,,assert,unknown
conf_347_1,commons-configuration2-2.8.0-src,TestEqualBehavior,testDeletingExisting_1_oe,src/test/java/org/apache/commons/configuration2/TestEqualBehavior.java,,,,assert,unknown
conf_347_2,commons-configuration2-2.8.0-src,TestEqualBehavior,testDeletingExisting_2_oe,src/test/java/org/apache/commons/configuration2/TestEqualBehavior.java,,,,assert,unknown
conf_347_3,commons-configuration2-2.8.0-src,TestEqualBehavior,testDeletingExisting_3_oe,src/test/java/org/apache/commons/configuration2/TestEqualBehavior.java,,,,assert,unknown
conf_347_4,commons-configuration2-2.8.0-src,TestEqualBehavior,testDeletingExisting_4_oe,src/test/java/org/apache/commons/configuration2/TestEqualBehavior.java,,,,assert,unknown
conf_348_1,commons-configuration2-2.8.0-src,TestEqualBehavior,testDeletingNonExisting_1_oe,src/test/java/org/apache/commons/configuration2/TestEqualBehavior.java,,,,assert,unknown
conf_348_2,commons-configuration2-2.8.0-src,TestEqualBehavior,testDeletingNonExisting_2_oe,src/test/java/org/apache/commons/configuration2/TestEqualBehavior.java,,,,assert,unknown
conf_348_3,commons-configuration2-2.8.0-src,TestEqualBehavior,testDeletingNonExisting_3_oe,src/test/java/org/apache/commons/configuration2/TestEqualBehavior.java,,,,assert,unknown
conf_348_4,commons-configuration2-2.8.0-src,TestEqualBehavior,testDeletingNonExisting_4_oe,src/test/java/org/apache/commons/configuration2/TestEqualBehavior.java,,,,assert,unknown
conf_349_1,commons-configuration2-2.8.0-src,TestEqualBehavior,testSettingExisting_1_oe,src/test/java/org/apache/commons/configuration2/TestEqualBehavior.java,,,,assert,unknown
conf_349_2,commons-configuration2-2.8.0-src,TestEqualBehavior,testSettingExisting_2_oe,src/test/java/org/apache/commons/configuration2/TestEqualBehavior.java,,,,assert,unknown
conf_349_3,commons-configuration2-2.8.0-src,TestEqualBehavior,testSettingExisting_3_oe,src/test/java/org/apache/commons/configuration2/TestEqualBehavior.java,,,,assert,unknown
conf_349_4,commons-configuration2-2.8.0-src,TestEqualBehavior,testSettingExisting_4_oe,src/test/java/org/apache/commons/configuration2/TestEqualBehavior.java,,,,assert,unknown
conf_349_5,commons-configuration2-2.8.0-src,TestEqualBehavior,testSettingExisting_5_oe,src/test/java/org/apache/commons/configuration2/TestEqualBehavior.java,,,,assert,unknown
conf_349_6,commons-configuration2-2.8.0-src,TestEqualBehavior,testSettingExisting_6_oe,src/test/java/org/apache/commons/configuration2/TestEqualBehavior.java,,,,assert,unknown
conf_350_1,commons-configuration2-2.8.0-src,TestEqualBehavior,testSettingNonExisting_1_oe,src/test/java/org/apache/commons/configuration2/TestEqualBehavior.java,,,,assert,unknown
conf_350_2,commons-configuration2-2.8.0-src,TestEqualBehavior,testSettingNonExisting_2_oe,src/test/java/org/apache/commons/configuration2/TestEqualBehavior.java,,,,assert,unknown
conf_350_3,commons-configuration2-2.8.0-src,TestEqualBehavior,testSettingNonExisting_3_oe,src/test/java/org/apache/commons/configuration2/TestEqualBehavior.java,,,,assert,unknown
conf_350_4,commons-configuration2-2.8.0-src,TestEqualBehavior,testSettingNonExisting_4_oe,src/test/java/org/apache/commons/configuration2/TestEqualBehavior.java,,,,assert,unknown
conf_351_1,commons-configuration2-2.8.0-src,TestConfigurationMap,testPut_1_oe,src/test/java/org/apache/commons/configuration2/TestConfigurationMap.java,,,,assert,unknown
conf_351_2,commons-configuration2-2.8.0-src,TestConfigurationMap,testPut_2_oe,src/test/java/org/apache/commons/configuration2/TestConfigurationMap.java,,,,assert,unknown
conf_351_3,commons-configuration2-2.8.0-src,TestConfigurationMap,testPut_3_oe,src/test/java/org/apache/commons/configuration2/TestConfigurationMap.java,,,,assert,unknown
conf_351_4,commons-configuration2-2.8.0-src,TestConfigurationMap,testPut_4_oe,src/test/java/org/apache/commons/configuration2/TestConfigurationMap.java,,,,assert,unknown
conf_352_1,commons-configuration2-2.8.0-src,TestAbstractConfiguration,testAddPropertyDirect_1_oe,src/test/java/org/apache/commons/configuration2/TestAbstractConfiguration.java,,,,assert,unknown
conf_352_2,commons-configuration2-2.8.0-src,TestAbstractConfiguration,testAddPropertyDirect_2_oe,src/test/java/org/apache/commons/configuration2/TestAbstractConfiguration.java,,,,assert,unknown
conf_352_3,commons-configuration2-2.8.0-src,TestAbstractConfiguration,testAddPropertyDirect_3_oe,src/test/java/org/apache/commons/configuration2/TestAbstractConfiguration.java,,,,assert,unknown
conf_353_1,commons-configuration2-2.8.0-src,TestAbstractConfiguration,testClearProperty_1_oe,src/test/java/org/apache/commons/configuration2/TestAbstractConfiguration.java,,,,assert,unknown
conf_354_1,commons-configuration2-2.8.0-src,TestAbstractConfiguration,testContainsKey_1_oe,src/test/java/org/apache/commons/configuration2/TestAbstractConfiguration.java,,,,assert,unknown
conf_354_2,commons-configuration2-2.8.0-src,TestAbstractConfiguration,testContainsKey_2_oe,src/test/java/org/apache/commons/configuration2/TestAbstractConfiguration.java,,,,assert,unknown
conf_355_2,commons-configuration2-2.8.0-src,TestAbstractConfiguration,testGetBigIntegerConversion_2_oe,src/test/java/org/apache/commons/configuration2/TestAbstractConfiguration.java,,,,assert,unknown
conf_355_3,commons-configuration2-2.8.0-src,TestAbstractConfiguration,testGetBigIntegerConversion_3_oe,src/test/java/org/apache/commons/configuration2/TestAbstractConfiguration.java,,,,assert,unknown
conf_355_4,commons-configuration2-2.8.0-src,TestAbstractConfiguration,testGetBigIntegerConversion_4_oe,src/test/java/org/apache/commons/configuration2/TestAbstractConfiguration.java,,,,assert,unknown
conf_356_1,commons-configuration2-2.8.0-src,TestAbstractConfiguration,testGetKeys_1_oe,src/test/java/org/apache/commons/configuration2/TestAbstractConfiguration.java,,,,assert,unknown
conf_356_2,commons-configuration2-2.8.0-src,TestAbstractConfiguration,testGetKeys_2_oe,src/test/java/org/apache/commons/configuration2/TestAbstractConfiguration.java,,,,assert,unknown
conf_356_3,commons-configuration2-2.8.0-src,TestAbstractConfiguration,testGetKeys_3_oe,src/test/java/org/apache/commons/configuration2/TestAbstractConfiguration.java,,,,assert,unknown
conf_357_1,commons-configuration2-2.8.0-src,TestAbstractConfiguration,testGetProperty_1_oe,src/test/java/org/apache/commons/configuration2/TestAbstractConfiguration.java,,,,assert,unknown
conf_357_2,commons-configuration2-2.8.0-src,TestAbstractConfiguration,testGetProperty_2_oe,src/test/java/org/apache/commons/configuration2/TestAbstractConfiguration.java,,,,assert,unknown
conf_357_3,commons-configuration2-2.8.0-src,TestAbstractConfiguration,testGetProperty_3_oe,src/test/java/org/apache/commons/configuration2/TestAbstractConfiguration.java,,,,assert,unknown
conf_358_1,commons-configuration2-2.8.0-src,TestAbstractConfiguration,testIsEmpty_1_oe,src/test/java/org/apache/commons/configuration2/TestAbstractConfiguration.java,,,,assert,unknown
conf_358_2,commons-configuration2-2.8.0-src,TestAbstractConfiguration,testIsEmpty_2_oe,src/test/java/org/apache/commons/configuration2/TestAbstractConfiguration.java,,,,assert,unknown
conf_359_1,commons-configuration2-2.8.0-src,TestAbstractConfiguration,testList_1_oe,src/test/java/org/apache/commons/configuration2/TestAbstractConfiguration.java,,,,assert,unknown
conf_359_2,commons-configuration2-2.8.0-src,TestAbstractConfiguration,testList_2_oe,src/test/java/org/apache/commons/configuration2/TestAbstractConfiguration.java,,,,assert,unknown
conf_359_3,commons-configuration2-2.8.0-src,TestAbstractConfiguration,testList_3_oe,src/test/java/org/apache/commons/configuration2/TestAbstractConfiguration.java,,,,assert,unknown
conf_359_4,commons-configuration2-2.8.0-src,TestAbstractConfiguration,testList_4_oe,src/test/java/org/apache/commons/configuration2/TestAbstractConfiguration.java,,,,assert,unknown
conf_360_1,commons-configuration2-2.8.0-src,TestAbstractConfiguration,testListEscaped_1_oe,src/test/java/org/apache/commons/configuration2/TestAbstractConfiguration.java,,,,assert,unknown
conf_361_1,commons-configuration2-2.8.0-src,TestAbstractConfiguration,testSetLogger_1_oe,src/test/java/org/apache/commons/configuration2/TestAbstractConfiguration.java,,,,assert,unknown
conf_361_2,commons-configuration2-2.8.0-src,TestAbstractConfiguration,testSetLogger_2_oe,src/test/java/org/apache/commons/configuration2/TestAbstractConfiguration.java,,,,assert,unknown
conf_362_1,commons-configuration2-2.8.0-src,TestAbstractConfiguration,testSize_1_oe,src/test/java/org/apache/commons/configuration2/TestAbstractConfiguration.java,,,,assert,unknown
conf_363_1,commons-configuration2-2.8.0-src,TestAbstractConfiguration,testSizeEmpty_1_oe,src/test/java/org/apache/commons/configuration2/TestAbstractConfiguration.java,,,,assert,unknown
conf_364_1,commons-configuration2-2.8.0-src,TestCompositeConfiguration,testAddFirstRemoveConfigurations_1_oe,src/test/java/org/apache/commons/configuration2/TestCompositeConfiguration.java,,,,assert,unknown
conf_364_2,commons-configuration2-2.8.0-src,TestCompositeConfiguration,testAddFirstRemoveConfigurations_2_oe,src/test/java/org/apache/commons/configuration2/TestCompositeConfiguration.java,,,,assert,unknown
conf_364_3,commons-configuration2-2.8.0-src,TestCompositeConfiguration,testAddFirstRemoveConfigurations_3_oe,src/test/java/org/apache/commons/configuration2/TestCompositeConfiguration.java,,,,assert,unknown
conf_364_4,commons-configuration2-2.8.0-src,TestCompositeConfiguration,testAddFirstRemoveConfigurations_4_oe,src/test/java/org/apache/commons/configuration2/TestCompositeConfiguration.java,,,,assert,unknown
conf_364_5,commons-configuration2-2.8.0-src,TestCompositeConfiguration,testAddFirstRemoveConfigurations_5_oe,src/test/java/org/apache/commons/configuration2/TestCompositeConfiguration.java,,,,assert,unknown
conf_365_1,commons-configuration2-2.8.0-src,TestCompositeConfiguration,testAddingProperty_1_oe,src/test/java/org/apache/commons/configuration2/TestCompositeConfiguration.java,,,,assert,unknown
conf_365_2,commons-configuration2-2.8.0-src,TestCompositeConfiguration,testAddingProperty_2_oe,src/test/java/org/apache/commons/configuration2/TestCompositeConfiguration.java,,,,assert,unknown
conf_365_3,commons-configuration2-2.8.0-src,TestCompositeConfiguration,testAddingProperty_3_oe,src/test/java/org/apache/commons/configuration2/TestCompositeConfiguration.java,,,,assert,unknown
conf_365_4,commons-configuration2-2.8.0-src,TestCompositeConfiguration,testAddingProperty_4_oe,src/test/java/org/apache/commons/configuration2/TestCompositeConfiguration.java,,,,assert,unknown
conf_365_5,commons-configuration2-2.8.0-src,TestCompositeConfiguration,testAddingProperty_5_oe,src/test/java/org/apache/commons/configuration2/TestCompositeConfiguration.java,,,,assert,unknown
conf_366_1,commons-configuration2-2.8.0-src,TestCompositeConfiguration,testAddRemoveConfigurations_1_oe,src/test/java/org/apache/commons/configuration2/TestCompositeConfiguration.java,,,,assert,unknown
conf_366_2,commons-configuration2-2.8.0-src,TestCompositeConfiguration,testAddRemoveConfigurations_2_oe,src/test/java/org/apache/commons/configuration2/TestCompositeConfiguration.java,,,,assert,unknown
conf_366_3,commons-configuration2-2.8.0-src,TestCompositeConfiguration,testAddRemoveConfigurations_3_oe,src/test/java/org/apache/commons/configuration2/TestCompositeConfiguration.java,,,,assert,unknown
conf_366_4,commons-configuration2-2.8.0-src,TestCompositeConfiguration,testAddRemoveConfigurations_4_oe,src/test/java/org/apache/commons/configuration2/TestCompositeConfiguration.java,,,,assert,unknown
conf_366_5,commons-configuration2-2.8.0-src,TestCompositeConfiguration,testAddRemoveConfigurations_5_oe,src/test/java/org/apache/commons/configuration2/TestCompositeConfiguration.java,,,,assert,unknown
conf_367_1,commons-configuration2-2.8.0-src,TestCompositeConfiguration,testCantRemoveMemoryConfig_1_oe,src/test/java/org/apache/commons/configuration2/TestCompositeConfiguration.java,,,,assert,unknown
conf_367_2,commons-configuration2-2.8.0-src,TestCompositeConfiguration,testCantRemoveMemoryConfig_2_oe,src/test/java/org/apache/commons/configuration2/TestCompositeConfiguration.java,,,,assert,unknown
conf_368_1,commons-configuration2-2.8.0-src,TestCompositeConfiguration,testCheckingInMemoryConfiguration_1_oe,src/test/java/org/apache/commons/configuration2/TestCompositeConfiguration.java,,,,assert,unknown
conf_368_2,commons-configuration2-2.8.0-src,TestCompositeConfiguration,testCheckingInMemoryConfiguration_2_oe,src/test/java/org/apache/commons/configuration2/TestCompositeConfiguration.java,,,,assert,unknown
conf_368_3,commons-configuration2-2.8.0-src,TestCompositeConfiguration,testCheckingInMemoryConfiguration_3_oe,src/test/java/org/apache/commons/configuration2/TestCompositeConfiguration.java,,,,assert,unknown
conf_368_4,commons-configuration2-2.8.0-src,TestCompositeConfiguration,testCheckingInMemoryConfiguration_4_oe,src/test/java/org/apache/commons/configuration2/TestCompositeConfiguration.java,,,,assert,unknown
conf_369_1,commons-configuration2-2.8.0-src,TestCompositeConfiguration,testClearingProperty_1_oe,src/test/java/org/apache/commons/configuration2/TestCompositeConfiguration.java,,,,assert,unknown
conf_370_1,commons-configuration2-2.8.0-src,TestCompositeConfiguration,testClone_1_oe,src/test/java/org/apache/commons/configuration2/TestCompositeConfiguration.java,,,,assert,unknown
conf_370_2,commons-configuration2-2.8.0-src,TestCompositeConfiguration,testClone_2_oe,src/test/java/org/apache/commons/configuration2/TestCompositeConfiguration.java,,,,assert,unknown
conf_370_3,commons-configuration2-2.8.0-src,TestCompositeConfiguration,testClone_3_oe,src/test/java/org/apache/commons/configuration2/TestCompositeConfiguration.java,,,,assert,unknown
conf_370_4,commons-configuration2-2.8.0-src,TestCompositeConfiguration,testClone_4_oe,src/test/java/org/apache/commons/configuration2/TestCompositeConfiguration.java,,,,assert,unknown
conf_370_5,commons-configuration2-2.8.0-src,TestCompositeConfiguration,testClone_5_oe,src/test/java/org/apache/commons/configuration2/TestCompositeConfiguration.java,,,,assert,unknown
conf_371_1,commons-configuration2-2.8.0-src,TestCompositeConfiguration,testCloneEventListener_1_oe,src/test/java/org/apache/commons/configuration2/TestCompositeConfiguration.java,,,,assert,unknown
conf_372_1,commons-configuration2-2.8.0-src,TestCompositeConfiguration,testCloneInterpolation_1_oe,src/test/java/org/apache/commons/configuration2/TestCompositeConfiguration.java,,,,assert,unknown
conf_373_1,commons-configuration2-2.8.0-src,TestCompositeConfiguration,testDefaultValueWhenKeyMissing_1_oe,src/test/java/org/apache/commons/configuration2/TestCompositeConfiguration.java,,,,assert,unknown
conf_373_2,commons-configuration2-2.8.0-src,TestCompositeConfiguration,testDefaultValueWhenKeyMissing_2_oe,src/test/java/org/apache/commons/configuration2/TestCompositeConfiguration.java,,,,assert,unknown
conf_373_3,commons-configuration2-2.8.0-src,TestCompositeConfiguration,testDefaultValueWhenKeyMissing_3_oe,src/test/java/org/apache/commons/configuration2/TestCompositeConfiguration.java,,,,assert,unknown
conf_374_1,commons-configuration2-2.8.0-src,TestCompositeConfiguration,testEventClearProperty_1_oe,src/test/java/org/apache/commons/configuration2/TestCompositeConfiguration.java,,,,assert,unknown
conf_374_2,commons-configuration2-2.8.0-src,TestCompositeConfiguration,testEventClearProperty_2_oe,src/test/java/org/apache/commons/configuration2/TestCompositeConfiguration.java,,,,assert,unknown
conf_375_1,commons-configuration2-2.8.0-src,TestCompositeConfiguration,testGetConfigurationSynchronized_1_oe,src/test/java/org/apache/commons/configuration2/TestCompositeConfiguration.java,,,,assert,unknown
conf_376_1,commons-configuration2-2.8.0-src,TestCompositeConfiguration,testGetKeys2PreservesOrder_1_oe,src/test/java/org/apache/commons/configuration2/TestCompositeConfiguration.java,,,,assert,unknown
conf_376_2,commons-configuration2-2.8.0-src,TestCompositeConfiguration,testGetKeys2PreservesOrder_2_oe,src/test/java/org/apache/commons/configuration2/TestCompositeConfiguration.java,,,,assert,unknown
conf_377_1,commons-configuration2-2.8.0-src,TestCompositeConfiguration,testGetKeysPreservesOrder_1_oe,src/test/java/org/apache/commons/configuration2/TestCompositeConfiguration.java,,,,assert,unknown
conf_377_2,commons-configuration2-2.8.0-src,TestCompositeConfiguration,testGetKeysPreservesOrder_2_oe,src/test/java/org/apache/commons/configuration2/TestCompositeConfiguration.java,,,,assert,unknown
conf_378_1,commons-configuration2-2.8.0-src,TestCompositeConfiguration,testGetList_1_oe,src/test/java/org/apache/commons/configuration2/TestCompositeConfiguration.java,,,,assert,unknown
conf_378_2,commons-configuration2-2.8.0-src,TestCompositeConfiguration,testGetList_2_oe,src/test/java/org/apache/commons/configuration2/TestCompositeConfiguration.java,,,,assert,unknown
conf_378_3,commons-configuration2-2.8.0-src,TestCompositeConfiguration,testGetList_3_oe,src/test/java/org/apache/commons/configuration2/TestCompositeConfiguration.java,,,,assert,unknown
conf_378_4,commons-configuration2-2.8.0-src,TestCompositeConfiguration,testGetList_4_oe,src/test/java/org/apache/commons/configuration2/TestCompositeConfiguration.java,,,,assert,unknown
conf_378_5,commons-configuration2-2.8.0-src,TestCompositeConfiguration,testGetList_5_oe,src/test/java/org/apache/commons/configuration2/TestCompositeConfiguration.java,,,,assert,unknown
conf_378_6,commons-configuration2-2.8.0-src,TestCompositeConfiguration,testGetList_6_oe,src/test/java/org/apache/commons/configuration2/TestCompositeConfiguration.java,,,,assert,unknown
conf_378_7,commons-configuration2-2.8.0-src,TestCompositeConfiguration,testGetList_7_oe,src/test/java/org/apache/commons/configuration2/TestCompositeConfiguration.java,,,,assert,unknown
conf_378_8,commons-configuration2-2.8.0-src,TestCompositeConfiguration,testGetList_8_oe,src/test/java/org/apache/commons/configuration2/TestCompositeConfiguration.java,,,,assert,unknown
conf_378_9,commons-configuration2-2.8.0-src,TestCompositeConfiguration,testGetList_9_oe,src/test/java/org/apache/commons/configuration2/TestCompositeConfiguration.java,,,,assert,unknown
conf_379_1,commons-configuration2-2.8.0-src,TestCompositeConfiguration,testGetListWithInterpolation_1_oe,src/test/java/org/apache/commons/configuration2/TestCompositeConfiguration.java,,,,assert,unknown
conf_379_2,commons-configuration2-2.8.0-src,TestCompositeConfiguration,testGetListWithInterpolation_2_oe,src/test/java/org/apache/commons/configuration2/TestCompositeConfiguration.java,,,,assert,unknown
conf_380_1,commons-configuration2-2.8.0-src,TestCompositeConfiguration,testGetNumberOfConfigurationsSynchronized_1_oe,src/test/java/org/apache/commons/configuration2/TestCompositeConfiguration.java,,,,assert,unknown
conf_381_1,commons-configuration2-2.8.0-src,TestCompositeConfiguration,testGetProperty_1_oe,src/test/java/org/apache/commons/configuration2/TestCompositeConfiguration.java,,,,assert,unknown
conf_381_2,commons-configuration2-2.8.0-src,TestCompositeConfiguration,testGetProperty_2_oe,src/test/java/org/apache/commons/configuration2/TestCompositeConfiguration.java,,,,assert,unknown
conf_381_3,commons-configuration2-2.8.0-src,TestCompositeConfiguration,testGetProperty_3_oe,src/test/java/org/apache/commons/configuration2/TestCompositeConfiguration.java,,,,assert,unknown
conf_382_3,commons-configuration2-2.8.0-src,TestCompositeConfiguration,testGetPropertyMissing_3_oe,src/test/java/org/apache/commons/configuration2/TestCompositeConfiguration.java,,,,assert,unknown
conf_382_4,commons-configuration2-2.8.0-src,TestCompositeConfiguration,testGetPropertyMissing_4_oe,src/test/java/org/apache/commons/configuration2/TestCompositeConfiguration.java,,,,assert,unknown
conf_382_5,commons-configuration2-2.8.0-src,TestCompositeConfiguration,testGetPropertyMissing_5_oe,src/test/java/org/apache/commons/configuration2/TestCompositeConfiguration.java,,,,assert,unknown
conf_383_1,commons-configuration2-2.8.0-src,TestCompositeConfiguration,testGetPropertyWIncludes_1_oe,src/test/java/org/apache/commons/configuration2/TestCompositeConfiguration.java,,,,assert,unknown
conf_384_1,commons-configuration2-2.8.0-src,TestCompositeConfiguration,testGetSourceInMemory_1_oe,src/test/java/org/apache/commons/configuration2/TestCompositeConfiguration.java,,,,assert,unknown
conf_385_1,commons-configuration2-2.8.0-src,TestCompositeConfiguration,testGetSourceSingle_1_oe,src/test/java/org/apache/commons/configuration2/TestCompositeConfiguration.java,,,,assert,unknown
conf_386_1,commons-configuration2-2.8.0-src,TestCompositeConfiguration,testGetSourceUnknown_1_oe,src/test/java/org/apache/commons/configuration2/TestCompositeConfiguration.java,,,,assert,unknown
conf_387_1,commons-configuration2-2.8.0-src,TestCompositeConfiguration,testGetStringArrayWithInterpolation_1_oe,src/test/java/org/apache/commons/configuration2/TestCompositeConfiguration.java,,,,assert,unknown
conf_387_2,commons-configuration2-2.8.0-src,TestCompositeConfiguration,testGetStringArrayWithInterpolation_2_oe,src/test/java/org/apache/commons/configuration2/TestCompositeConfiguration.java,,,,assert,unknown
conf_388_1,commons-configuration2-2.8.0-src,TestCompositeConfiguration,testGetStringWithDefaults_1_oe,src/test/java/org/apache/commons/configuration2/TestCompositeConfiguration.java,,,,assert,unknown
conf_388_3,commons-configuration2-2.8.0-src,TestCompositeConfiguration,testGetStringWithDefaults_3_oe,src/test/java/org/apache/commons/configuration2/TestCompositeConfiguration.java,,,,assert,unknown
conf_388_4,commons-configuration2-2.8.0-src,TestCompositeConfiguration,testGetStringWithDefaults_4_oe,src/test/java/org/apache/commons/configuration2/TestCompositeConfiguration.java,,,,assert,unknown
conf_388_5,commons-configuration2-2.8.0-src,TestCompositeConfiguration,testGetStringWithDefaults_5_oe,src/test/java/org/apache/commons/configuration2/TestCompositeConfiguration.java,,,,assert,unknown
conf_388_6,commons-configuration2-2.8.0-src,TestCompositeConfiguration,testGetStringWithDefaults_6_oe,src/test/java/org/apache/commons/configuration2/TestCompositeConfiguration.java,,,,assert,unknown
conf_388_7,commons-configuration2-2.8.0-src,TestCompositeConfiguration,testGetStringWithDefaults_7_oe,src/test/java/org/apache/commons/configuration2/TestCompositeConfiguration.java,,,,assert,unknown
conf_389_1,commons-configuration2-2.8.0-src,TestCompositeConfiguration,testGettingConfiguration_1_oe,src/test/java/org/apache/commons/configuration2/TestCompositeConfiguration.java,,,,assert,unknown
conf_389_2,commons-configuration2-2.8.0-src,TestCompositeConfiguration,testGettingConfiguration_2_oe,src/test/java/org/apache/commons/configuration2/TestCompositeConfiguration.java,,,,assert,unknown
conf_390_1,commons-configuration2-2.8.0-src,TestCompositeConfiguration,testGettingSubset_1_oe,src/test/java/org/apache/commons/configuration2/TestCompositeConfiguration.java,,,,assert,unknown
conf_390_2,commons-configuration2-2.8.0-src,TestCompositeConfiguration,testGettingSubset_2_oe,src/test/java/org/apache/commons/configuration2/TestCompositeConfiguration.java,,,,assert,unknown
conf_390_3,commons-configuration2-2.8.0-src,TestCompositeConfiguration,testGettingSubset_3_oe,src/test/java/org/apache/commons/configuration2/TestCompositeConfiguration.java,,,,assert,unknown
conf_390_4,commons-configuration2-2.8.0-src,TestCompositeConfiguration,testGettingSubset_4_oe,src/test/java/org/apache/commons/configuration2/TestCompositeConfiguration.java,,,,assert,unknown
conf_391_1,commons-configuration2-2.8.0-src,TestCompositeConfiguration,testInstanciateWithCollection_1_oe,src/test/java/org/apache/commons/configuration2/TestCompositeConfiguration.java,,,,assert,unknown
conf_391_2,commons-configuration2-2.8.0-src,TestCompositeConfiguration,testInstanciateWithCollection_2_oe,src/test/java/org/apache/commons/configuration2/TestCompositeConfiguration.java,,,,assert,unknown
conf_392_1,commons-configuration2-2.8.0-src,TestCompositeConfiguration,testInterpolationArrayReference_1_oe,src/test/java/org/apache/commons/configuration2/TestCompositeConfiguration.java,,,,assert,unknown
conf_393_1,commons-configuration2-2.8.0-src,TestCompositeConfiguration,testInterpolationInMultipleConfigs_1_oe,src/test/java/org/apache/commons/configuration2/TestCompositeConfiguration.java,,,,assert,unknown
conf_394_1,commons-configuration2-2.8.0-src,TestCompositeConfiguration,testList_1_oe,src/test/java/org/apache/commons/configuration2/TestCompositeConfiguration.java,,,,assert,unknown
conf_394_2,commons-configuration2-2.8.0-src,TestCompositeConfiguration,testList_2_oe,src/test/java/org/apache/commons/configuration2/TestCompositeConfiguration.java,,,,assert,unknown
conf_395_1,commons-configuration2-2.8.0-src,TestCompositeConfiguration,testListInterpolation_1_oe,src/test/java/org/apache/commons/configuration2/TestCompositeConfiguration.java,,,,assert,unknown
conf_395_2,commons-configuration2-2.8.0-src,TestCompositeConfiguration,testListInterpolation_2_oe,src/test/java/org/apache/commons/configuration2/TestCompositeConfiguration.java,,,,assert,unknown
conf_395_3,commons-configuration2-2.8.0-src,TestCompositeConfiguration,testListInterpolation_3_oe,src/test/java/org/apache/commons/configuration2/TestCompositeConfiguration.java,,,,assert,unknown
conf_396_1,commons-configuration2-2.8.0-src,TestCompositeConfiguration,testMultipleTypesOfConfigs_1_oe,src/test/java/org/apache/commons/configuration2/TestCompositeConfiguration.java,,,,assert,unknown
conf_396_2,commons-configuration2-2.8.0-src,TestCompositeConfiguration,testMultipleTypesOfConfigs_2_oe,src/test/java/org/apache/commons/configuration2/TestCompositeConfiguration.java,,,,assert,unknown
conf_397_1,commons-configuration2-2.8.0-src,TestCompositeConfiguration,testPropertyExistsInOnlyOneConfig_1_oe,src/test/java/org/apache/commons/configuration2/TestCompositeConfiguration.java,,,,assert,unknown
conf_398_1,commons-configuration2-2.8.0-src,TestCompositeConfiguration,testReplaceInMemoryConfig_1_oe,src/test/java/org/apache/commons/configuration2/TestCompositeConfiguration.java,,,,assert,unknown
conf_398_2,commons-configuration2-2.8.0-src,TestCompositeConfiguration,testReplaceInMemoryConfig_2_oe,src/test/java/org/apache/commons/configuration2/TestCompositeConfiguration.java,,,,assert,unknown
conf_398_3,commons-configuration2-2.8.0-src,TestCompositeConfiguration,testReplaceInMemoryConfig_3_oe,src/test/java/org/apache/commons/configuration2/TestCompositeConfiguration.java,,,,assert,unknown
conf_399_1,commons-configuration2-2.8.0-src,TestCompositeConfiguration,testSettingMissingProperty_1_oe,src/test/java/org/apache/commons/configuration2/TestCompositeConfiguration.java,,,,assert,unknown
conf_400_1,commons-configuration2-2.8.0-src,TestCompositeConfiguration,testStringArray_1_oe,src/test/java/org/apache/commons/configuration2/TestCompositeConfiguration.java,,,,assert,unknown
conf_400_2,commons-configuration2-2.8.0-src,TestCompositeConfiguration,testStringArray_2_oe,src/test/java/org/apache/commons/configuration2/TestCompositeConfiguration.java,,,,assert,unknown
conf_401_1,commons-configuration2-2.8.0-src,TestCompositeConfiguration,testStringArrayInterpolation_1_oe,src/test/java/org/apache/commons/configuration2/TestCompositeConfiguration.java,,,,assert,unknown
conf_401_2,commons-configuration2-2.8.0-src,TestCompositeConfiguration,testStringArrayInterpolation_2_oe,src/test/java/org/apache/commons/configuration2/TestCompositeConfiguration.java,,,,assert,unknown
conf_401_3,commons-configuration2-2.8.0-src,TestCompositeConfiguration,testStringArrayInterpolation_3_oe,src/test/java/org/apache/commons/configuration2/TestCompositeConfiguration.java,,,,assert,unknown
conf_401_4,commons-configuration2-2.8.0-src,TestCompositeConfiguration,testStringArrayInterpolation_4_oe,src/test/java/org/apache/commons/configuration2/TestCompositeConfiguration.java,,,,assert,unknown
conf_402_1,commons-configuration2-2.8.0-src,TestCompositeConfiguration,testSubsetCanResolve_1_oe,src/test/java/org/apache/commons/configuration2/TestCompositeConfiguration.java,,,,assert,unknown
conf_403_1,commons-configuration2-2.8.0-src,TestCompositeConfiguration,testThrowExceptionOnMissing_1_oe,src/test/java/org/apache/commons/configuration2/TestCompositeConfiguration.java,,,,assert,unknown
conf_404_1,commons-configuration2-2.8.0-src,TestCompositeConfiguration,testUseChildConfigAsInMemoryConfig_1_oe,src/test/java/org/apache/commons/configuration2/TestCompositeConfiguration.java,,,,assert,unknown
conf_404_2,commons-configuration2-2.8.0-src,TestCompositeConfiguration,testUseChildConfigAsInMemoryConfig_2_oe,src/test/java/org/apache/commons/configuration2/TestCompositeConfiguration.java,,,,assert,unknown
conf_404_3,commons-configuration2-2.8.0-src,TestCompositeConfiguration,testUseChildConfigAsInMemoryConfig_3_oe,src/test/java/org/apache/commons/configuration2/TestCompositeConfiguration.java,,,,assert,unknown
conf_405_1,commons-configuration2-2.8.0-src,TestINIConfiguration,testCommentLeadingSeparatorUsedInINIInput_1_oe,src/test/java/org/apache/commons/configuration2/TestINIConfiguration.java,,,,assert,unknown
conf_405_2,commons-configuration2-2.8.0-src,TestINIConfiguration,testCommentLeadingSeparatorUsedInINIInput_2_oe,src/test/java/org/apache/commons/configuration2/TestINIConfiguration.java,,,,assert,unknown
conf_405_3,commons-configuration2-2.8.0-src,TestINIConfiguration,testCommentLeadingSeparatorUsedInINIInput_3_oe,src/test/java/org/apache/commons/configuration2/TestINIConfiguration.java,,,,assert,unknown
conf_405_4,commons-configuration2-2.8.0-src,TestINIConfiguration,testCommentLeadingSeparatorUsedInINIInput_4_oe,src/test/java/org/apache/commons/configuration2/TestINIConfiguration.java,,,,assert,unknown
conf_406_1,commons-configuration2-2.8.0-src,TestINIConfiguration,testExpressionEngineIgnoringCase_1_oe,src/test/java/org/apache/commons/configuration2/TestINIConfiguration.java,,,,assert,unknown
conf_406_2,commons-configuration2-2.8.0-src,TestINIConfiguration,testExpressionEngineIgnoringCase_2_oe,src/test/java/org/apache/commons/configuration2/TestINIConfiguration.java,,,,assert,unknown
conf_406_3,commons-configuration2-2.8.0-src,TestINIConfiguration,testExpressionEngineIgnoringCase_3_oe,src/test/java/org/apache/commons/configuration2/TestINIConfiguration.java,,,,assert,unknown
conf_407_1,commons-configuration2-2.8.0-src,TestINIConfiguration,testGetPropertyNoKey_1_oe,src/test/java/org/apache/commons/configuration2/TestINIConfiguration.java,,,,assert,unknown
conf_408_1,commons-configuration2-2.8.0-src,TestINIConfiguration,testGetPropertyNoValue_1_oe,src/test/java/org/apache/commons/configuration2/TestINIConfiguration.java,,,,assert,unknown
conf_409_1,commons-configuration2-2.8.0-src,TestINIConfiguration,testGetSectionConnected_1_oe,src/test/java/org/apache/commons/configuration2/TestINIConfiguration.java,,,,assert,unknown
conf_410_1,commons-configuration2-2.8.0-src,TestINIConfiguration,testGetSectionDuplicate_1_oe,src/test/java/org/apache/commons/configuration2/TestINIConfiguration.java,,,,assert,unknown
conf_410_2,commons-configuration2-2.8.0-src,TestINIConfiguration,testGetSectionDuplicate_2_oe,src/test/java/org/apache/commons/configuration2/TestINIConfiguration.java,,,,assert,unknown
conf_411_1,commons-configuration2-2.8.0-src,TestINIConfiguration,testGetSectionExisting_1_oe,src/test/java/org/apache/commons/configuration2/TestINIConfiguration.java,,,,assert,unknown
conf_411_2,commons-configuration2-2.8.0-src,TestINIConfiguration,testGetSectionExisting_2_oe,src/test/java/org/apache/commons/configuration2/TestINIConfiguration.java,,,,assert,unknown
conf_412_1,commons-configuration2-2.8.0-src,TestINIConfiguration,testGetSectionGloabalMultiThreaded_1_oe,src/test/java/org/apache/commons/configuration2/TestINIConfiguration.java,,,,assert,unknown
conf_413_1,commons-configuration2-2.8.0-src,TestINIConfiguration,testGetSectionGlobal_1_oe,src/test/java/org/apache/commons/configuration2/TestINIConfiguration.java,,,,assert,unknown
conf_414_1,commons-configuration2-2.8.0-src,TestINIConfiguration,testGetSectionGlobalNonExisting_1_oe,src/test/java/org/apache/commons/configuration2/TestINIConfiguration.java,,,,assert,unknown
conf_415_1,commons-configuration2-2.8.0-src,TestINIConfiguration,testGetSectionMerged_1_oe,src/test/java/org/apache/commons/configuration2/TestINIConfiguration.java,,,,assert,unknown
conf_415_2,commons-configuration2-2.8.0-src,TestINIConfiguration,testGetSectionMerged_2_oe,src/test/java/org/apache/commons/configuration2/TestINIConfiguration.java,,,,assert,unknown
conf_415_3,commons-configuration2-2.8.0-src,TestINIConfiguration,testGetSectionMerged_3_oe,src/test/java/org/apache/commons/configuration2/TestINIConfiguration.java,,,,assert,unknown
conf_416_1,commons-configuration2-2.8.0-src,TestINIConfiguration,testGetSectionNonExisting_1_oe,src/test/java/org/apache/commons/configuration2/TestINIConfiguration.java,,,,assert,unknown
conf_417_1,commons-configuration2-2.8.0-src,TestINIConfiguration,testGetSectionNonExistingManipulate_1_oe,src/test/java/org/apache/commons/configuration2/TestINIConfiguration.java,,,,assert,unknown
conf_417_2,commons-configuration2-2.8.0-src,TestINIConfiguration,testGetSectionNonExistingManipulate_2_oe,src/test/java/org/apache/commons/configuration2/TestINIConfiguration.java,,,,assert,unknown
conf_418_1,commons-configuration2-2.8.0-src,TestINIConfiguration,testGetSections_1_oe,src/test/java/org/apache/commons/configuration2/TestINIConfiguration.java,,,,assert,unknown
conf_419_1,commons-configuration2-2.8.0-src,TestINIConfiguration,testGetSectionsDottedVar_1_oe,src/test/java/org/apache/commons/configuration2/TestINIConfiguration.java,,,,assert,unknown
conf_420_1,commons-configuration2-2.8.0-src,TestINIConfiguration,testGetSectionsSynchronized_1_oe,src/test/java/org/apache/commons/configuration2/TestINIConfiguration.java,,,,assert,unknown
conf_421_1,commons-configuration2-2.8.0-src,TestINIConfiguration,testGlobalProperty_1_oe,src/test/java/org/apache/commons/configuration2/TestINIConfiguration.java,,,,assert,unknown
conf_422_1,commons-configuration2-2.8.0-src,TestINIConfiguration,testGlobalSectionConnected_1_oe,src/test/java/org/apache/commons/configuration2/TestINIConfiguration.java,,,,assert,unknown
conf_423_1,commons-configuration2-2.8.0-src,TestINIConfiguration,testGlobalSectionNodeHandlerGetChildByIndex_1_oe,src/test/java/org/apache/commons/configuration2/TestINIConfiguration.java,,,,assert,unknown
conf_424_1,commons-configuration2-2.8.0-src,TestINIConfiguration,testGlobalSectionNodeHandlerGetChildrenByName_1_oe,src/test/java/org/apache/commons/configuration2/TestINIConfiguration.java,,,,assert,unknown
conf_425_1,commons-configuration2-2.8.0-src,TestINIConfiguration,testGlobalSectionNodeHandlerGetChildrenCount_1_oe,src/test/java/org/apache/commons/configuration2/TestINIConfiguration.java,,,,assert,unknown
conf_426_1,commons-configuration2-2.8.0-src,TestINIConfiguration,testGlobalSectionNodeHandlerIndexOfChild_1_oe,src/test/java/org/apache/commons/configuration2/TestINIConfiguration.java,,,,assert,unknown
conf_426_2,commons-configuration2-2.8.0-src,TestINIConfiguration,testGlobalSectionNodeHandlerIndexOfChild_2_oe,src/test/java/org/apache/commons/configuration2/TestINIConfiguration.java,,,,assert,unknown
conf_427_1,commons-configuration2-2.8.0-src,TestINIConfiguration,testIsCommentLine_1_oe,src/test/java/org/apache/commons/configuration2/TestINIConfiguration.java,,,,assert,unknown
conf_427_2,commons-configuration2-2.8.0-src,TestINIConfiguration,testIsCommentLine_2_oe,src/test/java/org/apache/commons/configuration2/TestINIConfiguration.java,,,,assert,unknown
conf_427_3,commons-configuration2-2.8.0-src,TestINIConfiguration,testIsCommentLine_3_oe,src/test/java/org/apache/commons/configuration2/TestINIConfiguration.java,,,,assert,unknown
conf_427_4,commons-configuration2-2.8.0-src,TestINIConfiguration,testIsCommentLine_4_oe,src/test/java/org/apache/commons/configuration2/TestINIConfiguration.java,,,,assert,unknown
conf_428_1,commons-configuration2-2.8.0-src,TestINIConfiguration,testIsSectionLine_1_oe,src/test/java/org/apache/commons/configuration2/TestINIConfiguration.java,,,,assert,unknown
conf_428_2,commons-configuration2-2.8.0-src,TestINIConfiguration,testIsSectionLine_2_oe,src/test/java/org/apache/commons/configuration2/TestINIConfiguration.java,,,,assert,unknown
conf_428_3,commons-configuration2-2.8.0-src,TestINIConfiguration,testIsSectionLine_3_oe,src/test/java/org/apache/commons/configuration2/TestINIConfiguration.java,,,,assert,unknown
conf_429_1,commons-configuration2-2.8.0-src,TestINIConfiguration,testKeysOfGlobalSection_1_oe,src/test/java/org/apache/commons/configuration2/TestINIConfiguration.java,,,,assert,unknown
conf_429_2,commons-configuration2-2.8.0-src,TestINIConfiguration,testKeysOfGlobalSection_2_oe,src/test/java/org/apache/commons/configuration2/TestINIConfiguration.java,,,,assert,unknown
conf_430_1,commons-configuration2-2.8.0-src,TestINIConfiguration,testLineContinuation_1_oe,src/test/java/org/apache/commons/configuration2/TestINIConfiguration.java,,,,assert,unknown
conf_431_1,commons-configuration2-2.8.0-src,TestINIConfiguration,testLineContinuationAtEnd_1_oe,src/test/java/org/apache/commons/configuration2/TestINIConfiguration.java,,,,assert,unknown
conf_432_1,commons-configuration2-2.8.0-src,TestINIConfiguration,testLineContinuationComment_1_oe,src/test/java/org/apache/commons/configuration2/TestINIConfiguration.java,,,,assert,unknown
conf_433_1,commons-configuration2-2.8.0-src,TestINIConfiguration,testLineContinuationEmptyLine_1_oe,src/test/java/org/apache/commons/configuration2/TestINIConfiguration.java,,,,assert,unknown
conf_434_1,commons-configuration2-2.8.0-src,TestINIConfiguration,testLineContinuationNone_1_oe,src/test/java/org/apache/commons/configuration2/TestINIConfiguration.java,,,,assert,unknown
conf_435_1,commons-configuration2-2.8.0-src,TestINIConfiguration,testLineContinuationQuoted_1_oe,src/test/java/org/apache/commons/configuration2/TestINIConfiguration.java,,,,assert,unknown
conf_436_1,commons-configuration2-2.8.0-src,TestINIConfiguration,testLineContinuationQuotedComment_1_oe,src/test/java/org/apache/commons/configuration2/TestINIConfiguration.java,,,,assert,unknown
conf_437_1,commons-configuration2-2.8.0-src,TestINIConfiguration,testListDelimiterHandling_1_oe,src/test/java/org/apache/commons/configuration2/TestINIConfiguration.java,,,,assert,unknown
conf_437_2,commons-configuration2-2.8.0-src,TestINIConfiguration,testListDelimiterHandling_2_oe,src/test/java/org/apache/commons/configuration2/TestINIConfiguration.java,,,,assert,unknown
conf_437_3,commons-configuration2-2.8.0-src,TestINIConfiguration,testListDelimiterHandling_3_oe,src/test/java/org/apache/commons/configuration2/TestINIConfiguration.java,,,,assert,unknown
conf_438_1,commons-configuration2-2.8.0-src,TestINIConfiguration,testListDelimiterHandlingInList_1_oe,src/test/java/org/apache/commons/configuration2/TestINIConfiguration.java,,,,assert,unknown
conf_438_2,commons-configuration2-2.8.0-src,TestINIConfiguration,testListDelimiterHandlingInList_2_oe,src/test/java/org/apache/commons/configuration2/TestINIConfiguration.java,,,,assert,unknown
conf_438_3,commons-configuration2-2.8.0-src,TestINIConfiguration,testListDelimiterHandlingInList_3_oe,src/test/java/org/apache/commons/configuration2/TestINIConfiguration.java,,,,assert,unknown
conf_439_1,commons-configuration2-2.8.0-src,TestINIConfiguration,testListParsingDisabled_1_oe,src/test/java/org/apache/commons/configuration2/TestINIConfiguration.java,,,,assert,unknown
conf_440_1,commons-configuration2-2.8.0-src,TestINIConfiguration,testMergeDuplicateSection_1_oe,src/test/java/org/apache/commons/configuration2/TestINIConfiguration.java,,,,assert,unknown
conf_440_2,commons-configuration2-2.8.0-src,TestINIConfiguration,testMergeDuplicateSection_2_oe,src/test/java/org/apache/commons/configuration2/TestINIConfiguration.java,,,,assert,unknown
conf_440_3,commons-configuration2-2.8.0-src,TestINIConfiguration,testMergeDuplicateSection_3_oe,src/test/java/org/apache/commons/configuration2/TestINIConfiguration.java,,,,assert,unknown
conf_440_4,commons-configuration2-2.8.0-src,TestINIConfiguration,testMergeDuplicateSection_4_oe,src/test/java/org/apache/commons/configuration2/TestINIConfiguration.java,,,,assert,unknown
conf_440_5,commons-configuration2-2.8.0-src,TestINIConfiguration,testMergeDuplicateSection_5_oe,src/test/java/org/apache/commons/configuration2/TestINIConfiguration.java,,,,assert,unknown
conf_440_6,commons-configuration2-2.8.0-src,TestINIConfiguration,testMergeDuplicateSection_6_oe,src/test/java/org/apache/commons/configuration2/TestINIConfiguration.java,,,,assert,unknown
conf_441_1,commons-configuration2-2.8.0-src,TestINIConfiguration,testMultipleSeparators_1_oe,src/test/java/org/apache/commons/configuration2/TestINIConfiguration.java,,,,assert,unknown
conf_441_2,commons-configuration2-2.8.0-src,TestINIConfiguration,testMultipleSeparators_2_oe,src/test/java/org/apache/commons/configuration2/TestINIConfiguration.java,,,,assert,unknown
conf_442_1,commons-configuration2-2.8.0-src,TestINIConfiguration,testMultipleSeparatorsQuoted_1_oe,src/test/java/org/apache/commons/configuration2/TestINIConfiguration.java,,,,assert,unknown
conf_442_2,commons-configuration2-2.8.0-src,TestINIConfiguration,testMultipleSeparatorsQuoted_2_oe,src/test/java/org/apache/commons/configuration2/TestINIConfiguration.java,,,,assert,unknown
conf_443_1,commons-configuration2-2.8.0-src,TestINIConfiguration,testPropertyWithDelimiter_1_oe,src/test/java/org/apache/commons/configuration2/TestINIConfiguration.java,,,,assert,unknown
conf_443_2,commons-configuration2-2.8.0-src,TestINIConfiguration,testPropertyWithDelimiter_2_oe,src/test/java/org/apache/commons/configuration2/TestINIConfiguration.java,,,,assert,unknown
conf_444_1,commons-configuration2-2.8.0-src,TestINIConfiguration,testQuotedValue_1_oe,src/test/java/org/apache/commons/configuration2/TestINIConfiguration.java,,,,assert,unknown
conf_445_1,commons-configuration2-2.8.0-src,TestINIConfiguration,testQuotedValueEmpty_1_oe,src/test/java/org/apache/commons/configuration2/TestINIConfiguration.java,,,,assert,unknown
conf_446_1,commons-configuration2-2.8.0-src,TestINIConfiguration,testQuotedValueWithComment_1_oe,src/test/java/org/apache/commons/configuration2/TestINIConfiguration.java,,,,assert,unknown
conf_447_1,commons-configuration2-2.8.0-src,TestINIConfiguration,testQuotedValueWithQuotes_1_oe,src/test/java/org/apache/commons/configuration2/TestINIConfiguration.java,,,,assert,unknown
conf_448_1,commons-configuration2-2.8.0-src,TestINIConfiguration,testQuotedValueWithSingleQuotes_1_oe,src/test/java/org/apache/commons/configuration2/TestINIConfiguration.java,,,,assert,unknown
conf_449_1,commons-configuration2-2.8.0-src,TestINIConfiguration,testQuotedValueWithWhitespace_1_oe,src/test/java/org/apache/commons/configuration2/TestINIConfiguration.java,,,,assert,unknown
conf_450_1,commons-configuration2-2.8.0-src,TestINIConfiguration,testQuotedValueWithWhitespaceAndComment_1_oe,src/test/java/org/apache/commons/configuration2/TestINIConfiguration.java,,,,assert,unknown
conf_451_1,commons-configuration2-2.8.0-src,TestINIConfiguration,testSave_1_oe,src/test/java/org/apache/commons/configuration2/TestINIConfiguration.java,,,,assert,unknown
conf_452_1,commons-configuration2-2.8.0-src,TestINIConfiguration,testSaveClearedSection_1_oe,src/test/java/org/apache/commons/configuration2/TestINIConfiguration.java,,,,assert,unknown
conf_452_2,commons-configuration2-2.8.0-src,TestINIConfiguration,testSaveClearedSection_2_oe,src/test/java/org/apache/commons/configuration2/TestINIConfiguration.java,,,,assert,unknown
conf_453_1,commons-configuration2-2.8.0-src,TestINIConfiguration,testSaveKeysWithDelimiters_1_oe,src/test/java/org/apache/commons/configuration2/TestINIConfiguration.java,,,,assert,unknown
conf_453_2,commons-configuration2-2.8.0-src,TestINIConfiguration,testSaveKeysWithDelimiters_2_oe,src/test/java/org/apache/commons/configuration2/TestINIConfiguration.java,,,,assert,unknown
conf_454_1,commons-configuration2-2.8.0-src,TestINIConfiguration,testSaveWithDelimiterParsingDisabled_1_oe,src/test/java/org/apache/commons/configuration2/TestINIConfiguration.java,,,,assert,unknown
conf_454_2,commons-configuration2-2.8.0-src,TestINIConfiguration,testSaveWithDelimiterParsingDisabled_2_oe,src/test/java/org/apache/commons/configuration2/TestINIConfiguration.java,,,,assert,unknown
conf_455_1,commons-configuration2-2.8.0-src,TestINIConfiguration,testSeparators_1_oe,src/test/java/org/apache/commons/configuration2/TestINIConfiguration.java,,,,assert,unknown
conf_456_1,commons-configuration2-2.8.0-src,TestINIConfiguration,testSeparatorUsedInINIInput_1_oe,src/test/java/org/apache/commons/configuration2/TestINIConfiguration.java,,,,assert,unknown
conf_456_2,commons-configuration2-2.8.0-src,TestINIConfiguration,testSeparatorUsedInINIInput_2_oe,src/test/java/org/apache/commons/configuration2/TestINIConfiguration.java,,,,assert,unknown
conf_456_3,commons-configuration2-2.8.0-src,TestINIConfiguration,testSeparatorUsedInINIInput_3_oe,src/test/java/org/apache/commons/configuration2/TestINIConfiguration.java,,,,assert,unknown
conf_456_4,commons-configuration2-2.8.0-src,TestINIConfiguration,testSeparatorUsedInINIInput_4_oe,src/test/java/org/apache/commons/configuration2/TestINIConfiguration.java,,,,assert,unknown
conf_457_1,commons-configuration2-2.8.0-src,TestINIConfiguration,testSeparatorUsedInINIOutput_1_oe,src/test/java/org/apache/commons/configuration2/TestINIConfiguration.java,,,,assert,unknown
conf_458_1,commons-configuration2-2.8.0-src,TestINIConfiguration,testValueWithComment_1_oe,src/test/java/org/apache/commons/configuration2/TestINIConfiguration.java,,,,assert,unknown
conf_459_1,commons-configuration2-2.8.0-src,TestINIConfiguration,testValueWithDelimiters_1_oe,src/test/java/org/apache/commons/configuration2/TestINIConfiguration.java,,,,assert,unknown
conf_459_2,commons-configuration2-2.8.0-src,TestINIConfiguration,testValueWithDelimiters_2_oe,src/test/java/org/apache/commons/configuration2/TestINIConfiguration.java,,,,assert,unknown
conf_459_3,commons-configuration2-2.8.0-src,TestINIConfiguration,testValueWithDelimiters_3_oe,src/test/java/org/apache/commons/configuration2/TestINIConfiguration.java,,,,assert,unknown
conf_459_4,commons-configuration2-2.8.0-src,TestINIConfiguration,testValueWithDelimiters_4_oe,src/test/java/org/apache/commons/configuration2/TestINIConfiguration.java,,,,assert,unknown
conf_460_1,commons-configuration2-2.8.0-src,TestINIConfiguration,testValueWithSemicolon_1_oe,src/test/java/org/apache/commons/configuration2/TestINIConfiguration.java,,,,assert,unknown
conf_460_2,commons-configuration2-2.8.0-src,TestINIConfiguration,testValueWithSemicolon_2_oe,src/test/java/org/apache/commons/configuration2/TestINIConfiguration.java,,,,assert,unknown
conf_461_1,commons-configuration2-2.8.0-src,TestINIConfiguration,testWriteEmptySection_1_oe,src/test/java/org/apache/commons/configuration2/TestINIConfiguration.java,,,,assert,unknown
conf_461_2,commons-configuration2-2.8.0-src,TestINIConfiguration,testWriteEmptySection_2_oe,src/test/java/org/apache/commons/configuration2/TestINIConfiguration.java,,,,assert,unknown
conf_461_3,commons-configuration2-2.8.0-src,TestINIConfiguration,testWriteEmptySection_3_oe,src/test/java/org/apache/commons/configuration2/TestINIConfiguration.java,,,,assert,unknown
conf_462_1,commons-configuration2-2.8.0-src,TestINIConfiguration,testWriteValueWithCommentChar_1_oe,src/test/java/org/apache/commons/configuration2/TestINIConfiguration.java,,,,assert,unknown
conf_463_1,commons-configuration2-2.8.0-src,TestXMLConfiguration,testAddList_1_oe,src/test/java/org/apache/commons/configuration2/TestXMLConfiguration.java,,,,assert,unknown
conf_463_2,commons-configuration2-2.8.0-src,TestXMLConfiguration,testAddList_2_oe,src/test/java/org/apache/commons/configuration2/TestXMLConfiguration.java,,,,assert,unknown
conf_463_3,commons-configuration2-2.8.0-src,TestXMLConfiguration,testAddList_3_oe,src/test/java/org/apache/commons/configuration2/TestXMLConfiguration.java,,,,assert,unknown
conf_463_4,commons-configuration2-2.8.0-src,TestXMLConfiguration,testAddList_4_oe,src/test/java/org/apache/commons/configuration2/TestXMLConfiguration.java,,,,assert,unknown
conf_464_1,commons-configuration2-2.8.0-src,TestXMLConfiguration,testAddNodesAndSave_1_oe,src/test/java/org/apache/commons/configuration2/TestXMLConfiguration.java,,,,assert,unknown
conf_464_2,commons-configuration2-2.8.0-src,TestXMLConfiguration,testAddNodesAndSave_2_oe,src/test/java/org/apache/commons/configuration2/TestXMLConfiguration.java,,,,assert,unknown
conf_464_3,commons-configuration2-2.8.0-src,TestXMLConfiguration,testAddNodesAndSave_3_oe,src/test/java/org/apache/commons/configuration2/TestXMLConfiguration.java,,,,assert,unknown
conf_464_4,commons-configuration2-2.8.0-src,TestXMLConfiguration,testAddNodesAndSave_4_oe,src/test/java/org/apache/commons/configuration2/TestXMLConfiguration.java,,,,assert,unknown
conf_465_1,commons-configuration2-2.8.0-src,TestXMLConfiguration,testAddNodesToSubnodeConfiguration_1_oe,src/test/java/org/apache/commons/configuration2/TestXMLConfiguration.java,,,,assert,unknown
conf_466_1,commons-configuration2-2.8.0-src,TestXMLConfiguration,testAddObjectAttribute_1_oe,src/test/java/org/apache/commons/configuration2/TestXMLConfiguration.java,,,,assert,unknown
conf_467_1,commons-configuration2-2.8.0-src,TestXMLConfiguration,testAddObjectProperty_1_oe,src/test/java/org/apache/commons/configuration2/TestXMLConfiguration.java,,,,assert,unknown
conf_468_1,commons-configuration2-2.8.0-src,TestXMLConfiguration,testAddProperty_1_oe,src/test/java/org/apache/commons/configuration2/TestXMLConfiguration.java,,,,assert,unknown
conf_469_1,commons-configuration2-2.8.0-src,TestXMLConfiguration,testAddPropertyListWithDelimiterParsingDisabled_1_oe,src/test/java/org/apache/commons/configuration2/TestXMLConfiguration.java,,,,assert,unknown
conf_470_1,commons-configuration2-2.8.0-src,TestXMLConfiguration,testAppend_1_oe,src/test/java/org/apache/commons/configuration2/TestXMLConfiguration.java,,,,assert,unknown
conf_470_2,commons-configuration2-2.8.0-src,TestXMLConfiguration,testAppend_2_oe,src/test/java/org/apache/commons/configuration2/TestXMLConfiguration.java,,,,assert,unknown
conf_470_3,commons-configuration2-2.8.0-src,TestXMLConfiguration,testAppend_3_oe,src/test/java/org/apache/commons/configuration2/TestXMLConfiguration.java,,,,assert,unknown
conf_470_4,commons-configuration2-2.8.0-src,TestXMLConfiguration,testAppend_4_oe,src/test/java/org/apache/commons/configuration2/TestXMLConfiguration.java,,,,assert,unknown
conf_470_5,commons-configuration2-2.8.0-src,TestXMLConfiguration,testAppend_5_oe,src/test/java/org/apache/commons/configuration2/TestXMLConfiguration.java,,,,assert,unknown
conf_471_1,commons-configuration2-2.8.0-src,TestXMLConfiguration,testAttributeKeyWithMultipleValues_1_oe,src/test/java/org/apache/commons/configuration2/TestXMLConfiguration.java,,,,assert,unknown
conf_472_1,commons-configuration2-2.8.0-src,TestXMLConfiguration,testAutoSaveAddNodes_1_oe,src/test/java/org/apache/commons/configuration2/TestXMLConfiguration.java,,,,assert,unknown
conf_473_1,commons-configuration2-2.8.0-src,TestXMLConfiguration,testAutoSaveWithSubnodeConfig_1_oe,src/test/java/org/apache/commons/configuration2/TestXMLConfiguration.java,,,,assert,unknown
conf_473_2,commons-configuration2-2.8.0-src,TestXMLConfiguration,testAutoSaveWithSubnodeConfig_2_oe,src/test/java/org/apache/commons/configuration2/TestXMLConfiguration.java,,,,assert,unknown
conf_474_1,commons-configuration2-2.8.0-src,TestXMLConfiguration,testAutoSaveWithSubSubnodeConfig_1_oe,src/test/java/org/apache/commons/configuration2/TestXMLConfiguration.java,,,,assert,unknown
conf_474_2,commons-configuration2-2.8.0-src,TestXMLConfiguration,testAutoSaveWithSubSubnodeConfig_2_oe,src/test/java/org/apache/commons/configuration2/TestXMLConfiguration.java,,,,assert,unknown
conf_475_1,commons-configuration2-2.8.0-src,TestXMLConfiguration,testClearAttributeMultipleDisjoined_1_oe,src/test/java/org/apache/commons/configuration2/TestXMLConfiguration.java,,,,assert,unknown
conf_475_2,commons-configuration2-2.8.0-src,TestXMLConfiguration,testClearAttributeMultipleDisjoined_2_oe,src/test/java/org/apache/commons/configuration2/TestXMLConfiguration.java,,,,assert,unknown
conf_475_3,commons-configuration2-2.8.0-src,TestXMLConfiguration,testClearAttributeMultipleDisjoined_3_oe,src/test/java/org/apache/commons/configuration2/TestXMLConfiguration.java,,,,assert,unknown
conf_475_4,commons-configuration2-2.8.0-src,TestXMLConfiguration,testClearAttributeMultipleDisjoined_4_oe,src/test/java/org/apache/commons/configuration2/TestXMLConfiguration.java,,,,assert,unknown
conf_476_1,commons-configuration2-2.8.0-src,TestXMLConfiguration,testClearAttributeNonExisting_1_oe,src/test/java/org/apache/commons/configuration2/TestXMLConfiguration.java,,,,assert,unknown
conf_476_2,commons-configuration2-2.8.0-src,TestXMLConfiguration,testClearAttributeNonExisting_2_oe,src/test/java/org/apache/commons/configuration2/TestXMLConfiguration.java,,,,assert,unknown
conf_477_1,commons-configuration2-2.8.0-src,TestXMLConfiguration,testClearAttributeSingle_1_oe,src/test/java/org/apache/commons/configuration2/TestXMLConfiguration.java,,,,assert,unknown
conf_477_2,commons-configuration2-2.8.0-src,TestXMLConfiguration,testClearAttributeSingle_2_oe,src/test/java/org/apache/commons/configuration2/TestXMLConfiguration.java,,,,assert,unknown
conf_477_3,commons-configuration2-2.8.0-src,TestXMLConfiguration,testClearAttributeSingle_3_oe,src/test/java/org/apache/commons/configuration2/TestXMLConfiguration.java,,,,assert,unknown
conf_477_4,commons-configuration2-2.8.0-src,TestXMLConfiguration,testClearAttributeSingle_4_oe,src/test/java/org/apache/commons/configuration2/TestXMLConfiguration.java,,,,assert,unknown
conf_478_1,commons-configuration2-2.8.0-src,TestXMLConfiguration,testClearPropertyCData_1_oe,src/test/java/org/apache/commons/configuration2/TestXMLConfiguration.java,,,,assert,unknown
conf_478_2,commons-configuration2-2.8.0-src,TestXMLConfiguration,testClearPropertyCData_2_oe,src/test/java/org/apache/commons/configuration2/TestXMLConfiguration.java,,,,assert,unknown
conf_479_1,commons-configuration2-2.8.0-src,TestXMLConfiguration,testClearPropertyMultipleDisjoined_1_oe,src/test/java/org/apache/commons/configuration2/TestXMLConfiguration.java,,,,assert,unknown
conf_479_2,commons-configuration2-2.8.0-src,TestXMLConfiguration,testClearPropertyMultipleDisjoined_2_oe,src/test/java/org/apache/commons/configuration2/TestXMLConfiguration.java,,,,assert,unknown
conf_480_1,commons-configuration2-2.8.0-src,TestXMLConfiguration,testClearPropertyMultipleSiblings_1_oe,src/test/java/org/apache/commons/configuration2/TestXMLConfiguration.java,,,,assert,unknown
conf_480_2,commons-configuration2-2.8.0-src,TestXMLConfiguration,testClearPropertyMultipleSiblings_2_oe,src/test/java/org/apache/commons/configuration2/TestXMLConfiguration.java,,,,assert,unknown
conf_480_3,commons-configuration2-2.8.0-src,TestXMLConfiguration,testClearPropertyMultipleSiblings_3_oe,src/test/java/org/apache/commons/configuration2/TestXMLConfiguration.java,,,,assert,unknown
conf_480_4,commons-configuration2-2.8.0-src,TestXMLConfiguration,testClearPropertyMultipleSiblings_4_oe,src/test/java/org/apache/commons/configuration2/TestXMLConfiguration.java,,,,assert,unknown
conf_481_1,commons-configuration2-2.8.0-src,TestXMLConfiguration,testClearPropertyNonText_1_oe,src/test/java/org/apache/commons/configuration2/TestXMLConfiguration.java,,,,assert,unknown
conf_481_2,commons-configuration2-2.8.0-src,TestXMLConfiguration,testClearPropertyNonText_2_oe,src/test/java/org/apache/commons/configuration2/TestXMLConfiguration.java,,,,assert,unknown
conf_482_1,commons-configuration2-2.8.0-src,TestXMLConfiguration,testClearPropertyNotExisting_1_oe,src/test/java/org/apache/commons/configuration2/TestXMLConfiguration.java,,,,assert,unknown
conf_482_2,commons-configuration2-2.8.0-src,TestXMLConfiguration,testClearPropertyNotExisting_2_oe,src/test/java/org/apache/commons/configuration2/TestXMLConfiguration.java,,,,assert,unknown
conf_483_1,commons-configuration2-2.8.0-src,TestXMLConfiguration,testClearPropertySingleElement_1_oe,src/test/java/org/apache/commons/configuration2/TestXMLConfiguration.java,,,,assert,unknown
conf_483_2,commons-configuration2-2.8.0-src,TestXMLConfiguration,testClearPropertySingleElement_2_oe,src/test/java/org/apache/commons/configuration2/TestXMLConfiguration.java,,,,assert,unknown
conf_484_1,commons-configuration2-2.8.0-src,TestXMLConfiguration,testClearPropertySingleElementWithAttribute_1_oe,src/test/java/org/apache/commons/configuration2/TestXMLConfiguration.java,,,,assert,unknown
conf_484_2,commons-configuration2-2.8.0-src,TestXMLConfiguration,testClearPropertySingleElementWithAttribute_2_oe,src/test/java/org/apache/commons/configuration2/TestXMLConfiguration.java,,,,assert,unknown
conf_484_3,commons-configuration2-2.8.0-src,TestXMLConfiguration,testClearPropertySingleElementWithAttribute_3_oe,src/test/java/org/apache/commons/configuration2/TestXMLConfiguration.java,,,,assert,unknown
conf_484_4,commons-configuration2-2.8.0-src,TestXMLConfiguration,testClearPropertySingleElementWithAttribute_4_oe,src/test/java/org/apache/commons/configuration2/TestXMLConfiguration.java,,,,assert,unknown
conf_485_1,commons-configuration2-2.8.0-src,TestXMLConfiguration,testClearTextRootElement_1_oe,src/test/java/org/apache/commons/configuration2/TestXMLConfiguration.java,,,,assert,unknown
conf_486_1,commons-configuration2-2.8.0-src,TestXMLConfiguration,testClone_1_oe,src/test/java/org/apache/commons/configuration2/TestXMLConfiguration.java,,,,assert,unknown
conf_486_2,commons-configuration2-2.8.0-src,TestXMLConfiguration,testClone_2_oe,src/test/java/org/apache/commons/configuration2/TestXMLConfiguration.java,,,,assert,unknown
conf_486_3,commons-configuration2-2.8.0-src,TestXMLConfiguration,testClone_3_oe,src/test/java/org/apache/commons/configuration2/TestXMLConfiguration.java,,,,assert,unknown
conf_486_4,commons-configuration2-2.8.0-src,TestXMLConfiguration,testClone_4_oe,src/test/java/org/apache/commons/configuration2/TestXMLConfiguration.java,,,,assert,unknown
conf_486_5,commons-configuration2-2.8.0-src,TestXMLConfiguration,testClone_5_oe,src/test/java/org/apache/commons/configuration2/TestXMLConfiguration.java,,,,assert,unknown
conf_487_1,commons-configuration2-2.8.0-src,TestXMLConfiguration,testCloneWithSave_1_oe,src/test/java/org/apache/commons/configuration2/TestXMLConfiguration.java,,,,assert,unknown
conf_487_2,commons-configuration2-2.8.0-src,TestXMLConfiguration,testCloneWithSave_2_oe,src/test/java/org/apache/commons/configuration2/TestXMLConfiguration.java,,,,assert,unknown
conf_488_1,commons-configuration2-2.8.0-src,TestXMLConfiguration,testComplexNames_1_oe,src/test/java/org/apache/commons/configuration2/TestXMLConfiguration.java,,,,assert,unknown
conf_488_2,commons-configuration2-2.8.0-src,TestXMLConfiguration,testComplexNames_2_oe,src/test/java/org/apache/commons/configuration2/TestXMLConfiguration.java,,,,assert,unknown
conf_489_1,commons-configuration2-2.8.0-src,TestXMLConfiguration,testConcurrentGetAndReload_1_oe,src/test/java/org/apache/commons/configuration2/TestXMLConfiguration.java,,,,assert,unknown
conf_489_2,commons-configuration2-2.8.0-src,TestXMLConfiguration,testConcurrentGetAndReload_2_oe,src/test/java/org/apache/commons/configuration2/TestXMLConfiguration.java,,,,assert,unknown
conf_490_1,commons-configuration2-2.8.0-src,TestXMLConfiguration,testCopyNull_1_oe,src/test/java/org/apache/commons/configuration2/TestXMLConfiguration.java,,,,assert,unknown
conf_490_2,commons-configuration2-2.8.0-src,TestXMLConfiguration,testCopyNull_2_oe,src/test/java/org/apache/commons/configuration2/TestXMLConfiguration.java,,,,assert,unknown
conf_491_1,commons-configuration2-2.8.0-src,TestXMLConfiguration,testCopyRootName_1_oe,src/test/java/org/apache/commons/configuration2/TestXMLConfiguration.java,,,,assert,unknown
conf_491_2,commons-configuration2-2.8.0-src,TestXMLConfiguration,testCopyRootName_2_oe,src/test/java/org/apache/commons/configuration2/TestXMLConfiguration.java,,,,assert,unknown
conf_492_1,commons-configuration2-2.8.0-src,TestXMLConfiguration,testCopyRootNameNoDocument_1_oe,src/test/java/org/apache/commons/configuration2/TestXMLConfiguration.java,,,,assert,unknown
conf_492_2,commons-configuration2-2.8.0-src,TestXMLConfiguration,testCopyRootNameNoDocument_2_oe,src/test/java/org/apache/commons/configuration2/TestXMLConfiguration.java,,,,assert,unknown
conf_493_1,commons-configuration2-2.8.0-src,TestXMLConfiguration,testCustomDocBuilder_1_oe,src/test/java/org/apache/commons/configuration2/TestXMLConfiguration.java,,,,assert,unknown
conf_493_2,commons-configuration2-2.8.0-src,TestXMLConfiguration,testCustomDocBuilder_2_oe,src/test/java/org/apache/commons/configuration2/TestXMLConfiguration.java,,,,assert,unknown
conf_494_1,commons-configuration2-2.8.0-src,TestXMLConfiguration,testCustomDocBuilderValidationSuccess_1_oe,src/test/java/org/apache/commons/configuration2/TestXMLConfiguration.java,,,,assert,unknown
conf_495_1,commons-configuration2-2.8.0-src,TestXMLConfiguration,testDelimiterParsingDisabled_1_oe,src/test/java/org/apache/commons/configuration2/TestXMLConfiguration.java,,,,assert,unknown
conf_495_2,commons-configuration2-2.8.0-src,TestXMLConfiguration,testDelimiterParsingDisabled_2_oe,src/test/java/org/apache/commons/configuration2/TestXMLConfiguration.java,,,,assert,unknown
conf_495_3,commons-configuration2-2.8.0-src,TestXMLConfiguration,testDelimiterParsingDisabled_3_oe,src/test/java/org/apache/commons/configuration2/TestXMLConfiguration.java,,,,assert,unknown
conf_495_4,commons-configuration2-2.8.0-src,TestXMLConfiguration,testDelimiterParsingDisabled_4_oe,src/test/java/org/apache/commons/configuration2/TestXMLConfiguration.java,,,,assert,unknown
conf_495_5,commons-configuration2-2.8.0-src,TestXMLConfiguration,testDelimiterParsingDisabled_5_oe,src/test/java/org/apache/commons/configuration2/TestXMLConfiguration.java,,,,assert,unknown
conf_495_6,commons-configuration2-2.8.0-src,TestXMLConfiguration,testDelimiterParsingDisabled_6_oe,src/test/java/org/apache/commons/configuration2/TestXMLConfiguration.java,,,,assert,unknown
conf_496_1,commons-configuration2-2.8.0-src,TestXMLConfiguration,testDelimiterParsingDisabledXPath_1_oe,src/test/java/org/apache/commons/configuration2/TestXMLConfiguration.java,,,,assert,unknown
conf_496_2,commons-configuration2-2.8.0-src,TestXMLConfiguration,testDelimiterParsingDisabledXPath_2_oe,src/test/java/org/apache/commons/configuration2/TestXMLConfiguration.java,,,,assert,unknown
conf_496_3,commons-configuration2-2.8.0-src,TestXMLConfiguration,testDelimiterParsingDisabledXPath_3_oe,src/test/java/org/apache/commons/configuration2/TestXMLConfiguration.java,,,,assert,unknown
conf_496_4,commons-configuration2-2.8.0-src,TestXMLConfiguration,testDelimiterParsingDisabledXPath_4_oe,src/test/java/org/apache/commons/configuration2/TestXMLConfiguration.java,,,,assert,unknown
conf_496_5,commons-configuration2-2.8.0-src,TestXMLConfiguration,testDelimiterParsingDisabledXPath_5_oe,src/test/java/org/apache/commons/configuration2/TestXMLConfiguration.java,,,,assert,unknown
conf_496_6,commons-configuration2-2.8.0-src,TestXMLConfiguration,testDelimiterParsingDisabledXPath_6_oe,src/test/java/org/apache/commons/configuration2/TestXMLConfiguration.java,,,,assert,unknown
conf_497_1,commons-configuration2-2.8.0-src,TestXMLConfiguration,testDtd_1_oe,src/test/java/org/apache/commons/configuration2/TestXMLConfiguration.java,,,,assert,unknown
conf_497_2,commons-configuration2-2.8.0-src,TestXMLConfiguration,testDtd_2_oe,src/test/java/org/apache/commons/configuration2/TestXMLConfiguration.java,,,,assert,unknown
conf_498_1,commons-configuration2-2.8.0-src,TestXMLConfiguration,testEmptyAttribute_1_oe,src/test/java/org/apache/commons/configuration2/TestXMLConfiguration.java,,,,assert,unknown
conf_498_2,commons-configuration2-2.8.0-src,TestXMLConfiguration,testEmptyAttribute_2_oe,src/test/java/org/apache/commons/configuration2/TestXMLConfiguration.java,,,,assert,unknown
conf_498_3,commons-configuration2-2.8.0-src,TestXMLConfiguration,testEmptyAttribute_3_oe,src/test/java/org/apache/commons/configuration2/TestXMLConfiguration.java,,,,assert,unknown
conf_498_4,commons-configuration2-2.8.0-src,TestXMLConfiguration,testEmptyAttribute_4_oe,src/test/java/org/apache/commons/configuration2/TestXMLConfiguration.java,,,,assert,unknown
conf_499_1,commons-configuration2-2.8.0-src,TestXMLConfiguration,testEmptyElements_1_oe,src/test/java/org/apache/commons/configuration2/TestXMLConfiguration.java,,,,assert,unknown
conf_499_2,commons-configuration2-2.8.0-src,TestXMLConfiguration,testEmptyElements_2_oe,src/test/java/org/apache/commons/configuration2/TestXMLConfiguration.java,,,,assert,unknown
conf_499_3,commons-configuration2-2.8.0-src,TestXMLConfiguration,testEmptyElements_3_oe,src/test/java/org/apache/commons/configuration2/TestXMLConfiguration.java,,,,assert,unknown
conf_499_4,commons-configuration2-2.8.0-src,TestXMLConfiguration,testEmptyElements_4_oe,src/test/java/org/apache/commons/configuration2/TestXMLConfiguration.java,,,,assert,unknown
conf_500_1,commons-configuration2-2.8.0-src,TestXMLConfiguration,testEmptyReload_1_oe,src/test/java/org/apache/commons/configuration2/TestXMLConfiguration.java,,,,assert,unknown
conf_500_2,commons-configuration2-2.8.0-src,TestXMLConfiguration,testEmptyReload_2_oe,src/test/java/org/apache/commons/configuration2/TestXMLConfiguration.java,,,,assert,unknown
conf_501_1,commons-configuration2-2.8.0-src,TestXMLConfiguration,testGetAttribute_1_oe,src/test/java/org/apache/commons/configuration2/TestXMLConfiguration.java,,,,assert,unknown
conf_502_1,commons-configuration2-2.8.0-src,TestXMLConfiguration,testGetCommentedProperty_1_oe,src/test/java/org/apache/commons/configuration2/TestXMLConfiguration.java,,,,assert,unknown
conf_503_1,commons-configuration2-2.8.0-src,TestXMLConfiguration,testGetComplexProperty_1_oe,src/test/java/org/apache/commons/configuration2/TestXMLConfiguration.java,,,,assert,unknown
conf_504_1,commons-configuration2-2.8.0-src,TestXMLConfiguration,testgetProperty_1_oe,src/test/java/org/apache/commons/configuration2/TestXMLConfiguration.java,,,,assert,unknown
conf_504_2,commons-configuration2-2.8.0-src,TestXMLConfiguration,testgetProperty_2_oe,src/test/java/org/apache/commons/configuration2/TestXMLConfiguration.java,,,,assert,unknown
conf_504_3,commons-configuration2-2.8.0-src,TestXMLConfiguration,testgetProperty_3_oe,src/test/java/org/apache/commons/configuration2/TestXMLConfiguration.java,,,,assert,unknown
conf_504_4,commons-configuration2-2.8.0-src,TestXMLConfiguration,testgetProperty_4_oe,src/test/java/org/apache/commons/configuration2/TestXMLConfiguration.java,,,,assert,unknown
conf_504_5,commons-configuration2-2.8.0-src,TestXMLConfiguration,testgetProperty_5_oe,src/test/java/org/apache/commons/configuration2/TestXMLConfiguration.java,,,,assert,unknown
conf_504_6,commons-configuration2-2.8.0-src,TestXMLConfiguration,testgetProperty_6_oe,src/test/java/org/apache/commons/configuration2/TestXMLConfiguration.java,,,,assert,unknown
conf_504_7,commons-configuration2-2.8.0-src,TestXMLConfiguration,testgetProperty_7_oe,src/test/java/org/apache/commons/configuration2/TestXMLConfiguration.java,,,,assert,unknown
conf_504_8,commons-configuration2-2.8.0-src,TestXMLConfiguration,testgetProperty_8_oe,src/test/java/org/apache/commons/configuration2/TestXMLConfiguration.java,,,,assert,unknown
conf_504_9,commons-configuration2-2.8.0-src,TestXMLConfiguration,testgetProperty_9_oe,src/test/java/org/apache/commons/configuration2/TestXMLConfiguration.java,,,,assert,unknown
conf_504_10,commons-configuration2-2.8.0-src,TestXMLConfiguration,testgetProperty_10_oe,src/test/java/org/apache/commons/configuration2/TestXMLConfiguration.java,,,,assert,unknown
conf_504_11,commons-configuration2-2.8.0-src,TestXMLConfiguration,testgetProperty_11_oe,src/test/java/org/apache/commons/configuration2/TestXMLConfiguration.java,,,,assert,unknown
conf_504_12,commons-configuration2-2.8.0-src,TestXMLConfiguration,testgetProperty_12_oe,src/test/java/org/apache/commons/configuration2/TestXMLConfiguration.java,,,,assert,unknown
conf_504_13,commons-configuration2-2.8.0-src,TestXMLConfiguration,testgetProperty_13_oe,src/test/java/org/apache/commons/configuration2/TestXMLConfiguration.java,,,,assert,unknown
conf_504_14,commons-configuration2-2.8.0-src,TestXMLConfiguration,testgetProperty_14_oe,src/test/java/org/apache/commons/configuration2/TestXMLConfiguration.java,,,,assert,unknown
conf_504_15,commons-configuration2-2.8.0-src,TestXMLConfiguration,testgetProperty_15_oe,src/test/java/org/apache/commons/configuration2/TestXMLConfiguration.java,,,,assert,unknown
conf_504_16,commons-configuration2-2.8.0-src,TestXMLConfiguration,testgetProperty_16_oe,src/test/java/org/apache/commons/configuration2/TestXMLConfiguration.java,,,,assert,unknown
conf_504_17,commons-configuration2-2.8.0-src,TestXMLConfiguration,testgetProperty_17_oe,src/test/java/org/apache/commons/configuration2/TestXMLConfiguration.java,,,,assert,unknown
conf_504_18,commons-configuration2-2.8.0-src,TestXMLConfiguration,testgetProperty_18_oe,src/test/java/org/apache/commons/configuration2/TestXMLConfiguration.java,,,,assert,unknown
conf_504_19,commons-configuration2-2.8.0-src,TestXMLConfiguration,testgetProperty_19_oe,src/test/java/org/apache/commons/configuration2/TestXMLConfiguration.java,,,,assert,unknown
conf_504_20,commons-configuration2-2.8.0-src,TestXMLConfiguration,testgetProperty_20_oe,src/test/java/org/apache/commons/configuration2/TestXMLConfiguration.java,,,,assert,unknown
conf_504_21,commons-configuration2-2.8.0-src,TestXMLConfiguration,testgetProperty_21_oe,src/test/java/org/apache/commons/configuration2/TestXMLConfiguration.java,,,,assert,unknown
conf_504_22,commons-configuration2-2.8.0-src,TestXMLConfiguration,testgetProperty_22_oe,src/test/java/org/apache/commons/configuration2/TestXMLConfiguration.java,,,,assert,unknown
conf_504_23,commons-configuration2-2.8.0-src,TestXMLConfiguration,testgetProperty_23_oe,src/test/java/org/apache/commons/configuration2/TestXMLConfiguration.java,,,,assert,unknown
conf_504_24,commons-configuration2-2.8.0-src,TestXMLConfiguration,testgetProperty_24_oe,src/test/java/org/apache/commons/configuration2/TestXMLConfiguration.java,,,,assert,unknown
conf_504_25,commons-configuration2-2.8.0-src,TestXMLConfiguration,testgetProperty_25_oe,src/test/java/org/apache/commons/configuration2/TestXMLConfiguration.java,,,,assert,unknown
conf_504_26,commons-configuration2-2.8.0-src,TestXMLConfiguration,testgetProperty_26_oe,src/test/java/org/apache/commons/configuration2/TestXMLConfiguration.java,,,,assert,unknown
conf_504_27,commons-configuration2-2.8.0-src,TestXMLConfiguration,testgetProperty_27_oe,src/test/java/org/apache/commons/configuration2/TestXMLConfiguration.java,,,,assert,unknown
conf_504_28,commons-configuration2-2.8.0-src,TestXMLConfiguration,testgetProperty_28_oe,src/test/java/org/apache/commons/configuration2/TestXMLConfiguration.java,,,,assert,unknown
conf_504_29,commons-configuration2-2.8.0-src,TestXMLConfiguration,testgetProperty_29_oe,src/test/java/org/apache/commons/configuration2/TestXMLConfiguration.java,,,,assert,unknown
conf_504_30,commons-configuration2-2.8.0-src,TestXMLConfiguration,testgetProperty_30_oe,src/test/java/org/apache/commons/configuration2/TestXMLConfiguration.java,,,,assert,unknown
conf_505_1,commons-configuration2-2.8.0-src,TestXMLConfiguration,testGetProperty_1_oe,src/test/java/org/apache/commons/configuration2/TestXMLConfiguration.java,,,,assert,unknown
conf_506_1,commons-configuration2-2.8.0-src,TestXMLConfiguration,testGetPropertyWithXMLEntity_1_oe,src/test/java/org/apache/commons/configuration2/TestXMLConfiguration.java,,,,assert,unknown
conf_507_1,commons-configuration2-2.8.0-src,TestXMLConfiguration,testInitCopy_1_oe,src/test/java/org/apache/commons/configuration2/TestXMLConfiguration.java,,,,assert,unknown
conf_507_2,commons-configuration2-2.8.0-src,TestXMLConfiguration,testInitCopy_2_oe,src/test/java/org/apache/commons/configuration2/TestXMLConfiguration.java,,,,assert,unknown
conf_508_1,commons-configuration2-2.8.0-src,TestXMLConfiguration,testListWithAttributes_1_oe,src/test/java/org/apache/commons/configuration2/TestXMLConfiguration.java,,,,assert,unknown
conf_508_2,commons-configuration2-2.8.0-src,TestXMLConfiguration,testListWithAttributes_2_oe,src/test/java/org/apache/commons/configuration2/TestXMLConfiguration.java,,,,assert,unknown
conf_508_3,commons-configuration2-2.8.0-src,TestXMLConfiguration,testListWithAttributes_3_oe,src/test/java/org/apache/commons/configuration2/TestXMLConfiguration.java,,,,assert,unknown
conf_508_4,commons-configuration2-2.8.0-src,TestXMLConfiguration,testListWithAttributes_4_oe,src/test/java/org/apache/commons/configuration2/TestXMLConfiguration.java,,,,assert,unknown
conf_509_1,commons-configuration2-2.8.0-src,TestXMLConfiguration,testListWithAttributesMultiValue_1_oe,src/test/java/org/apache/commons/configuration2/TestXMLConfiguration.java,,,,assert,unknown
conf_509_2,commons-configuration2-2.8.0-src,TestXMLConfiguration,testListWithAttributesMultiValue_2_oe,src/test/java/org/apache/commons/configuration2/TestXMLConfiguration.java,,,,assert,unknown
conf_509_3,commons-configuration2-2.8.0-src,TestXMLConfiguration,testListWithAttributesMultiValue_3_oe,src/test/java/org/apache/commons/configuration2/TestXMLConfiguration.java,,,,assert,unknown
conf_509_4,commons-configuration2-2.8.0-src,TestXMLConfiguration,testListWithAttributesMultiValue_4_oe,src/test/java/org/apache/commons/configuration2/TestXMLConfiguration.java,,,,assert,unknown
conf_510_1,commons-configuration2-2.8.0-src,TestXMLConfiguration,testListWithMultipleAttributesMultiValue_1_oe,src/test/java/org/apache/commons/configuration2/TestXMLConfiguration.java,,,,assert,unknown
conf_510_2,commons-configuration2-2.8.0-src,TestXMLConfiguration,testListWithMultipleAttributesMultiValue_2_oe,src/test/java/org/apache/commons/configuration2/TestXMLConfiguration.java,,,,assert,unknown
conf_510_3,commons-configuration2-2.8.0-src,TestXMLConfiguration,testListWithMultipleAttributesMultiValue_3_oe,src/test/java/org/apache/commons/configuration2/TestXMLConfiguration.java,,,,assert,unknown
conf_511_1,commons-configuration2-2.8.0-src,TestXMLConfiguration,testLoadAndSaveFromFile_1_oe,src/test/java/org/apache/commons/configuration2/TestXMLConfiguration.java,,,,assert,unknown
conf_511_2,commons-configuration2-2.8.0-src,TestXMLConfiguration,testLoadAndSaveFromFile_2_oe,src/test/java/org/apache/commons/configuration2/TestXMLConfiguration.java,,,,assert,unknown
conf_511_3,commons-configuration2-2.8.0-src,TestXMLConfiguration,testLoadAndSaveFromFile_3_oe,src/test/java/org/apache/commons/configuration2/TestXMLConfiguration.java,,,,assert,unknown
conf_512_1,commons-configuration2-2.8.0-src,TestXMLConfiguration,testLoadChildNamespace_1_oe,src/test/java/org/apache/commons/configuration2/TestXMLConfiguration.java,,,,assert,unknown
conf_513_1,commons-configuration2-2.8.0-src,TestXMLConfiguration,testLoadFromStream_1_oe,src/test/java/org/apache/commons/configuration2/TestXMLConfiguration.java,,,,assert,unknown
conf_513_2,commons-configuration2-2.8.0-src,TestXMLConfiguration,testLoadFromStream_2_oe,src/test/java/org/apache/commons/configuration2/TestXMLConfiguration.java,,,,assert,unknown
conf_514_1,commons-configuration2-2.8.0-src,TestXMLConfiguration,testLoadWithEncoding_1_oe,src/test/java/org/apache/commons/configuration2/TestXMLConfiguration.java,,,,assert,unknown
conf_515_1,commons-configuration2-2.8.0-src,TestXMLConfiguration,testLoadWithRootNamespace_1_oe,src/test/java/org/apache/commons/configuration2/TestXMLConfiguration.java,,,,assert,unknown
conf_516_1,commons-configuration2-2.8.0-src,TestXMLConfiguration,testNoDelimiterParsingInAttrValues_1_oe,src/test/java/org/apache/commons/configuration2/TestXMLConfiguration.java,,,,assert,unknown
conf_516_2,commons-configuration2-2.8.0-src,TestXMLConfiguration,testNoDelimiterParsingInAttrValues_2_oe,src/test/java/org/apache/commons/configuration2/TestXMLConfiguration.java,,,,assert,unknown
conf_517_1,commons-configuration2-2.8.0-src,TestXMLConfiguration,testOverrideAttribute_1_oe,src/test/java/org/apache/commons/configuration2/TestXMLConfiguration.java,,,,assert,unknown
conf_517_2,commons-configuration2-2.8.0-src,TestXMLConfiguration,testOverrideAttribute_2_oe,src/test/java/org/apache/commons/configuration2/TestXMLConfiguration.java,,,,assert,unknown
conf_517_3,commons-configuration2-2.8.0-src,TestXMLConfiguration,testOverrideAttribute_3_oe,src/test/java/org/apache/commons/configuration2/TestXMLConfiguration.java,,,,assert,unknown
conf_518_1,commons-configuration2-2.8.0-src,TestXMLConfiguration,testPreserveSpace_1_oe,src/test/java/org/apache/commons/configuration2/TestXMLConfiguration.java,,,,assert,unknown
conf_518_2,commons-configuration2-2.8.0-src,TestXMLConfiguration,testPreserveSpace_2_oe,src/test/java/org/apache/commons/configuration2/TestXMLConfiguration.java,,,,assert,unknown
conf_519_1,commons-configuration2-2.8.0-src,TestXMLConfiguration,testPreserveSpaceInvalid_1_oe,src/test/java/org/apache/commons/configuration2/TestXMLConfiguration.java,,,,assert,unknown
conf_520_1,commons-configuration2-2.8.0-src,TestXMLConfiguration,testPreserveSpaceOnElement_1_oe,src/test/java/org/apache/commons/configuration2/TestXMLConfiguration.java,,,,assert,unknown
conf_520_2,commons-configuration2-2.8.0-src,TestXMLConfiguration,testPreserveSpaceOnElement_2_oe,src/test/java/org/apache/commons/configuration2/TestXMLConfiguration.java,,,,assert,unknown
conf_521_1,commons-configuration2-2.8.0-src,TestXMLConfiguration,testPreserveSpaceOverride_1_oe,src/test/java/org/apache/commons/configuration2/TestXMLConfiguration.java,,,,assert,unknown
conf_522_1,commons-configuration2-2.8.0-src,TestXMLConfiguration,testPublicIdSynchronized_1_oe,src/test/java/org/apache/commons/configuration2/TestXMLConfiguration.java,,,,assert,unknown
conf_523_2,commons-configuration2-2.8.0-src,TestXMLConfiguration,testReadCalledDirectly_2_oe,src/test/java/org/apache/commons/configuration2/TestXMLConfiguration.java,,,,assert,unknown
conf_524_1,commons-configuration2-2.8.0-src,TestXMLConfiguration,testSaveAfterCreateWithCopyConstructor_1_oe,src/test/java/org/apache/commons/configuration2/TestXMLConfiguration.java,,,,assert,unknown
conf_525_1,commons-configuration2-2.8.0-src,TestXMLConfiguration,testSaveAttributes_1_oe,src/test/java/org/apache/commons/configuration2/TestXMLConfiguration.java,,,,assert,unknown
conf_526_1,commons-configuration2-2.8.0-src,TestXMLConfiguration,testSaveWindowsPath_1_oe,src/test/java/org/apache/commons/configuration2/TestXMLConfiguration.java,,,,assert,unknown
conf_526_2,commons-configuration2-2.8.0-src,TestXMLConfiguration,testSaveWindowsPath_2_oe,src/test/java/org/apache/commons/configuration2/TestXMLConfiguration.java,,,,assert,unknown
conf_527_1,commons-configuration2-2.8.0-src,TestXMLConfiguration,testSaveWithDelimiterParsingDisabled_1_oe,src/test/java/org/apache/commons/configuration2/TestXMLConfiguration.java,,,,assert,unknown
conf_527_2,commons-configuration2-2.8.0-src,TestXMLConfiguration,testSaveWithDelimiterParsingDisabled_2_oe,src/test/java/org/apache/commons/configuration2/TestXMLConfiguration.java,,,,assert,unknown
conf_527_3,commons-configuration2-2.8.0-src,TestXMLConfiguration,testSaveWithDelimiterParsingDisabled_3_oe,src/test/java/org/apache/commons/configuration2/TestXMLConfiguration.java,,,,assert,unknown
conf_527_4,commons-configuration2-2.8.0-src,TestXMLConfiguration,testSaveWithDelimiterParsingDisabled_4_oe,src/test/java/org/apache/commons/configuration2/TestXMLConfiguration.java,,,,assert,unknown
conf_527_5,commons-configuration2-2.8.0-src,TestXMLConfiguration,testSaveWithDelimiterParsingDisabled_5_oe,src/test/java/org/apache/commons/configuration2/TestXMLConfiguration.java,,,,assert,unknown
conf_527_6,commons-configuration2-2.8.0-src,TestXMLConfiguration,testSaveWithDelimiterParsingDisabled_6_oe,src/test/java/org/apache/commons/configuration2/TestXMLConfiguration.java,,,,assert,unknown
conf_527_7,commons-configuration2-2.8.0-src,TestXMLConfiguration,testSaveWithDelimiterParsingDisabled_7_oe,src/test/java/org/apache/commons/configuration2/TestXMLConfiguration.java,,,,assert,unknown
conf_527_8,commons-configuration2-2.8.0-src,TestXMLConfiguration,testSaveWithDelimiterParsingDisabled_8_oe,src/test/java/org/apache/commons/configuration2/TestXMLConfiguration.java,,,,assert,unknown
conf_527_9,commons-configuration2-2.8.0-src,TestXMLConfiguration,testSaveWithDelimiterParsingDisabled_9_oe,src/test/java/org/apache/commons/configuration2/TestXMLConfiguration.java,,,,assert,unknown
conf_527_10,commons-configuration2-2.8.0-src,TestXMLConfiguration,testSaveWithDelimiterParsingDisabled_10_oe,src/test/java/org/apache/commons/configuration2/TestXMLConfiguration.java,,,,assert,unknown
conf_527_11,commons-configuration2-2.8.0-src,TestXMLConfiguration,testSaveWithDelimiterParsingDisabled_11_oe,src/test/java/org/apache/commons/configuration2/TestXMLConfiguration.java,,,,assert,unknown
conf_527_12,commons-configuration2-2.8.0-src,TestXMLConfiguration,testSaveWithDelimiterParsingDisabled_12_oe,src/test/java/org/apache/commons/configuration2/TestXMLConfiguration.java,,,,assert,unknown
conf_527_13,commons-configuration2-2.8.0-src,TestXMLConfiguration,testSaveWithDelimiterParsingDisabled_13_oe,src/test/java/org/apache/commons/configuration2/TestXMLConfiguration.java,,,,assert,unknown
conf_527_14,commons-configuration2-2.8.0-src,TestXMLConfiguration,testSaveWithDelimiterParsingDisabled_14_oe,src/test/java/org/apache/commons/configuration2/TestXMLConfiguration.java,,,,assert,unknown
conf_527_15,commons-configuration2-2.8.0-src,TestXMLConfiguration,testSaveWithDelimiterParsingDisabled_15_oe,src/test/java/org/apache/commons/configuration2/TestXMLConfiguration.java,,,,assert,unknown
conf_528_1,commons-configuration2-2.8.0-src,TestXMLConfiguration,testSaveWithDoctype_1_oe,src/test/java/org/apache/commons/configuration2/TestXMLConfiguration.java,,,,assert,unknown
conf_528_2,commons-configuration2-2.8.0-src,TestXMLConfiguration,testSaveWithDoctype_2_oe,src/test/java/org/apache/commons/configuration2/TestXMLConfiguration.java,,,,assert,unknown
conf_528_3,commons-configuration2-2.8.0-src,TestXMLConfiguration,testSaveWithDoctype_3_oe,src/test/java/org/apache/commons/configuration2/TestXMLConfiguration.java,,,,assert,unknown
conf_529_1,commons-configuration2-2.8.0-src,TestXMLConfiguration,testSaveWithDoctypeIDs_1_oe,src/test/java/org/apache/commons/configuration2/TestXMLConfiguration.java,,,,assert,unknown
conf_529_2,commons-configuration2-2.8.0-src,TestXMLConfiguration,testSaveWithDoctypeIDs_2_oe,src/test/java/org/apache/commons/configuration2/TestXMLConfiguration.java,,,,assert,unknown
conf_529_3,commons-configuration2-2.8.0-src,TestXMLConfiguration,testSaveWithDoctypeIDs_3_oe,src/test/java/org/apache/commons/configuration2/TestXMLConfiguration.java,,,,assert,unknown
conf_530_1,commons-configuration2-2.8.0-src,TestXMLConfiguration,testSaveWithEncoding_1_oe,src/test/java/org/apache/commons/configuration2/TestXMLConfiguration.java,,,,assert,unknown
conf_532_1,commons-configuration2-2.8.0-src,TestXMLConfiguration,testSaveWithNullEncoding_1_oe,src/test/java/org/apache/commons/configuration2/TestXMLConfiguration.java,,,,assert,unknown
conf_533_1,commons-configuration2-2.8.0-src,TestXMLConfiguration,testSaveWithRootAttributes_1_oe,src/test/java/org/apache/commons/configuration2/TestXMLConfiguration.java,,,,assert,unknown
conf_533_2,commons-configuration2-2.8.0-src,TestXMLConfiguration,testSaveWithRootAttributes_2_oe,src/test/java/org/apache/commons/configuration2/TestXMLConfiguration.java,,,,assert,unknown
conf_534_1,commons-configuration2-2.8.0-src,TestXMLConfiguration,testSaveWithRootAttributes_ByHand_1_oe,src/test/java/org/apache/commons/configuration2/TestXMLConfiguration.java,,,,assert,unknown
conf_534_2,commons-configuration2-2.8.0-src,TestXMLConfiguration,testSaveWithRootAttributes_ByHand_2_oe,src/test/java/org/apache/commons/configuration2/TestXMLConfiguration.java,,,,assert,unknown
conf_535_1,commons-configuration2-2.8.0-src,TestXMLConfiguration,testSaveWithValidation_1_oe,src/test/java/org/apache/commons/configuration2/TestXMLConfiguration.java,,,,assert,unknown
conf_536_2,commons-configuration2-2.8.0-src,TestXMLConfiguration,testSaveWithValidationFailure_2_oe,src/test/java/org/apache/commons/configuration2/TestXMLConfiguration.java,,,,assert,unknown
conf_536_3,commons-configuration2-2.8.0-src,TestXMLConfiguration,testSaveWithValidationFailure_3_oe,src/test/java/org/apache/commons/configuration2/TestXMLConfiguration.java,,,,assert,unknown
conf_537_1,commons-configuration2-2.8.0-src,TestXMLConfiguration,testSetAttribute_1_oe,src/test/java/org/apache/commons/configuration2/TestXMLConfiguration.java,,,,assert,unknown
conf_537_2,commons-configuration2-2.8.0-src,TestXMLConfiguration,testSetAttribute_2_oe,src/test/java/org/apache/commons/configuration2/TestXMLConfiguration.java,,,,assert,unknown
conf_537_3,commons-configuration2-2.8.0-src,TestXMLConfiguration,testSetAttribute_3_oe,src/test/java/org/apache/commons/configuration2/TestXMLConfiguration.java,,,,assert,unknown
conf_538_1,commons-configuration2-2.8.0-src,TestXMLConfiguration,testSetProperty_1_oe,src/test/java/org/apache/commons/configuration2/TestXMLConfiguration.java,,,,assert,unknown
conf_538_2,commons-configuration2-2.8.0-src,TestXMLConfiguration,testSetProperty_2_oe,src/test/java/org/apache/commons/configuration2/TestXMLConfiguration.java,,,,assert,unknown
conf_539_1,commons-configuration2-2.8.0-src,TestXMLConfiguration,testSetPropertyListWithDelimiterParsingDisabled_1_oe,src/test/java/org/apache/commons/configuration2/TestXMLConfiguration.java,,,,assert,unknown
conf_540_1,commons-configuration2-2.8.0-src,TestXMLConfiguration,testSetRootAttribute_1_oe,src/test/java/org/apache/commons/configuration2/TestXMLConfiguration.java,,,,assert,unknown
conf_540_2,commons-configuration2-2.8.0-src,TestXMLConfiguration,testSetRootAttribute_2_oe,src/test/java/org/apache/commons/configuration2/TestXMLConfiguration.java,,,,assert,unknown
conf_540_3,commons-configuration2-2.8.0-src,TestXMLConfiguration,testSetRootAttribute_3_oe,src/test/java/org/apache/commons/configuration2/TestXMLConfiguration.java,,,,assert,unknown
conf_541_1,commons-configuration2-2.8.0-src,TestXMLConfiguration,testSetRootNamespace_1_oe,src/test/java/org/apache/commons/configuration2/TestXMLConfiguration.java,,,,assert,unknown
conf_541_2,commons-configuration2-2.8.0-src,TestXMLConfiguration,testSetRootNamespace_2_oe,src/test/java/org/apache/commons/configuration2/TestXMLConfiguration.java,,,,assert,unknown
conf_542_1,commons-configuration2-2.8.0-src,TestXMLConfiguration,testSplitLists_1_oe,src/test/java/org/apache/commons/configuration2/TestXMLConfiguration.java,,,,assert,unknown
conf_542_2,commons-configuration2-2.8.0-src,TestXMLConfiguration,testSplitLists_2_oe,src/test/java/org/apache/commons/configuration2/TestXMLConfiguration.java,,,,assert,unknown
conf_542_3,commons-configuration2-2.8.0-src,TestXMLConfiguration,testSplitLists_3_oe,src/test/java/org/apache/commons/configuration2/TestXMLConfiguration.java,,,,assert,unknown
conf_542_4,commons-configuration2-2.8.0-src,TestXMLConfiguration,testSplitLists_4_oe,src/test/java/org/apache/commons/configuration2/TestXMLConfiguration.java,,,,assert,unknown
conf_542_5,commons-configuration2-2.8.0-src,TestXMLConfiguration,testSplitLists_5_oe,src/test/java/org/apache/commons/configuration2/TestXMLConfiguration.java,,,,assert,unknown
conf_542_6,commons-configuration2-2.8.0-src,TestXMLConfiguration,testSplitLists_6_oe,src/test/java/org/apache/commons/configuration2/TestXMLConfiguration.java,,,,assert,unknown
conf_543_1,commons-configuration2-2.8.0-src,TestXMLConfiguration,testSubset_1_oe,src/test/java/org/apache/commons/configuration2/TestXMLConfiguration.java,,,,assert,unknown
conf_544_1,commons-configuration2-2.8.0-src,TestXMLConfiguration,testSystemIdSynchronized_1_oe,src/test/java/org/apache/commons/configuration2/TestXMLConfiguration.java,,,,assert,unknown
conf_545_1,commons-configuration2-2.8.0-src,TestXMLConfiguration,testValidating_1_oe,src/test/java/org/apache/commons/configuration2/TestXMLConfiguration.java,,,,assert,unknown
conf_545_2,commons-configuration2-2.8.0-src,TestXMLConfiguration,testValidating_2_oe,src/test/java/org/apache/commons/configuration2/TestXMLConfiguration.java,,,,assert,unknown
conf_545_3,commons-configuration2-2.8.0-src,TestXMLConfiguration,testValidating_3_oe,src/test/java/org/apache/commons/configuration2/TestXMLConfiguration.java,,,,assert,unknown
conf_546_1,commons-configuration2-2.8.0-src,TestXMLConfiguration,testWrite_1_oe,src/test/java/org/apache/commons/configuration2/TestXMLConfiguration.java,,,,assert,unknown
conf_547_1,commons-configuration2-2.8.0-src,TestXMLConfiguration,testWriteIndentSize_1_oe,src/test/java/org/apache/commons/configuration2/TestXMLConfiguration.java,,,,assert,unknown
conf_547_2,commons-configuration2-2.8.0-src,TestXMLConfiguration,testWriteIndentSize_2_oe,src/test/java/org/apache/commons/configuration2/TestXMLConfiguration.java,,,,assert,unknown
conf_548_1,commons-configuration2-2.8.0-src,TestXMLConfiguration,testWriteWithTransformer_1_oe,src/test/java/org/apache/commons/configuration2/TestXMLConfiguration.java,,,,assert,unknown
conf_548_2,commons-configuration2-2.8.0-src,TestXMLConfiguration,testWriteWithTransformer_2_oe,src/test/java/org/apache/commons/configuration2/TestXMLConfiguration.java,,,,assert,unknown
conf_549_1,commons-configuration2-2.8.0-src,TestXMLConfiguration,testXPathExpressionEngine_1_oe,src/test/java/org/apache/commons/configuration2/TestXMLConfiguration.java,,,,assert,unknown
conf_549_2,commons-configuration2-2.8.0-src,TestXMLConfiguration,testXPathExpressionEngine_2_oe,src/test/java/org/apache/commons/configuration2/TestXMLConfiguration.java,,,,assert,unknown
conf_550_1,commons-configuration2-2.8.0-src,TestXMLDocumentHelper,testCopyDocument_1_oe,src/test/java/org/apache/commons/configuration2/TestXMLDocumentHelper.java,,,,assert,unknown
conf_550_2,commons-configuration2-2.8.0-src,TestXMLDocumentHelper,testCopyDocument_2_oe,src/test/java/org/apache/commons/configuration2/TestXMLDocumentHelper.java,,,,assert,unknown
conf_551_2,commons-configuration2-2.8.0-src,TestXMLDocumentHelper,testCreateDocumentBuilderFromFactoryException_2_oe,src/test/java/org/apache/commons/configuration2/TestXMLDocumentHelper.java,,,,assert,unknown
conf_552_1,commons-configuration2-2.8.0-src,TestXMLDocumentHelper,testCreateTransformerFactory_1_oe,src/test/java/org/apache/commons/configuration2/TestXMLDocumentHelper.java,,,,assert,unknown
conf_553_2,commons-configuration2-2.8.0-src,TestXMLDocumentHelper,testCreateTransformerFactoryException_2_oe,src/test/java/org/apache/commons/configuration2/TestXMLDocumentHelper.java,,,,assert,unknown
conf_554_1,commons-configuration2-2.8.0-src,TestXMLDocumentHelper,testElementMappingForNewDocument_1_oe,src/test/java/org/apache/commons/configuration2/TestXMLDocumentHelper.java,,,,assert,unknown
conf_555_1,commons-configuration2-2.8.0-src,TestXMLDocumentHelper,testElementMappingForSourceDocument_1_oe,src/test/java/org/apache/commons/configuration2/TestXMLDocumentHelper.java,,,,assert,unknown
conf_556_1,commons-configuration2-2.8.0-src,TestXMLDocumentHelper,testInitForNewDocument_1_oe,src/test/java/org/apache/commons/configuration2/TestXMLDocumentHelper.java,,,,assert,unknown
conf_556_2,commons-configuration2-2.8.0-src,TestXMLDocumentHelper,testInitForNewDocument_2_oe,src/test/java/org/apache/commons/configuration2/TestXMLDocumentHelper.java,,,,assert,unknown
conf_556_3,commons-configuration2-2.8.0-src,TestXMLDocumentHelper,testInitForNewDocument_3_oe,src/test/java/org/apache/commons/configuration2/TestXMLDocumentHelper.java,,,,assert,unknown
conf_556_4,commons-configuration2-2.8.0-src,TestXMLDocumentHelper,testInitForNewDocument_4_oe,src/test/java/org/apache/commons/configuration2/TestXMLDocumentHelper.java,,,,assert,unknown
conf_557_1,commons-configuration2-2.8.0-src,TestXMLDocumentHelper,testInitForSourceDocument_1_oe,src/test/java/org/apache/commons/configuration2/TestXMLDocumentHelper.java,,,,assert,unknown
conf_557_2,commons-configuration2-2.8.0-src,TestXMLDocumentHelper,testInitForSourceDocument_2_oe,src/test/java/org/apache/commons/configuration2/TestXMLDocumentHelper.java,,,,assert,unknown
conf_558_2,commons-configuration2-2.8.0-src,TestXMLDocumentHelper,testTransformException_2_oe,src/test/java/org/apache/commons/configuration2/TestXMLDocumentHelper.java,,,,assert,unknown
conf_559_1,commons-configuration2-2.8.0-src,TestJNDIConfiguration,testChangePrefix_1_oe,src/test/java/org/apache/commons/configuration2/TestJNDIConfiguration.java,,,,assert,unknown
conf_559_2,commons-configuration2-2.8.0-src,TestJNDIConfiguration,testChangePrefix_2_oe,src/test/java/org/apache/commons/configuration2/TestJNDIConfiguration.java,,,,assert,unknown
conf_559_3,commons-configuration2-2.8.0-src,TestJNDIConfiguration,testChangePrefix_3_oe,src/test/java/org/apache/commons/configuration2/TestJNDIConfiguration.java,,,,assert,unknown
conf_559_4,commons-configuration2-2.8.0-src,TestJNDIConfiguration,testChangePrefix_4_oe,src/test/java/org/apache/commons/configuration2/TestJNDIConfiguration.java,,,,assert,unknown
conf_560_1,commons-configuration2-2.8.0-src,TestJNDIConfiguration,testConstructor_1_oe,src/test/java/org/apache/commons/configuration2/TestJNDIConfiguration.java,,,,assert,unknown
conf_560_2,commons-configuration2-2.8.0-src,TestJNDIConfiguration,testConstructor_2_oe,src/test/java/org/apache/commons/configuration2/TestJNDIConfiguration.java,,,,assert,unknown
conf_561_1,commons-configuration2-2.8.0-src,TestJNDIConfiguration,testContainsKey_1_oe,src/test/java/org/apache/commons/configuration2/TestJNDIConfiguration.java,,,,assert,unknown
conf_561_2,commons-configuration2-2.8.0-src,TestJNDIConfiguration,testContainsKey_2_oe,src/test/java/org/apache/commons/configuration2/TestJNDIConfiguration.java,,,,assert,unknown
conf_562_1,commons-configuration2-2.8.0-src,TestJNDIConfiguration,testContainsKeyError_1_oe,src/test/java/org/apache/commons/configuration2/TestJNDIConfiguration.java,,,,assert,unknown
conf_563_1,commons-configuration2-2.8.0-src,TestJNDIConfiguration,testGetKeysError_1_oe,src/test/java/org/apache/commons/configuration2/TestJNDIConfiguration.java,,,,assert,unknown
conf_564_1,commons-configuration2-2.8.0-src,TestJNDIConfiguration,testGetKeysNoData_1_oe,src/test/java/org/apache/commons/configuration2/TestJNDIConfiguration.java,,,,assert,unknown
conf_565_1,commons-configuration2-2.8.0-src,TestJNDIConfiguration,testGetPropertyError_1_oe,src/test/java/org/apache/commons/configuration2/TestJNDIConfiguration.java,,,,assert,unknown
conf_566_1,commons-configuration2-2.8.0-src,TestJNDIConfiguration,testIsEmptyError_1_oe,src/test/java/org/apache/commons/configuration2/TestJNDIConfiguration.java,,,,assert,unknown
conf_567_1,commons-configuration2-2.8.0-src,TestJNDIConfiguration,testLogListener_1_oe,src/test/java/org/apache/commons/configuration2/TestJNDIConfiguration.java,,,,assert,unknown
conf_568_1,commons-configuration2-2.8.0-src,TestJNDIConfiguration,testProperties_1_oe,src/test/java/org/apache/commons/configuration2/TestJNDIConfiguration.java,,,,assert,unknown
conf_568_2,commons-configuration2-2.8.0-src,TestJNDIConfiguration,testProperties_2_oe,src/test/java/org/apache/commons/configuration2/TestJNDIConfiguration.java,,,,assert,unknown
conf_569_1,commons-configuration2-2.8.0-src,TestJNDIConfiguration,testResetRemovedProperties_1_oe,src/test/java/org/apache/commons/configuration2/TestJNDIConfiguration.java,,,,assert,unknown
conf_569_2,commons-configuration2-2.8.0-src,TestJNDIConfiguration,testResetRemovedProperties_2_oe,src/test/java/org/apache/commons/configuration2/TestJNDIConfiguration.java,,,,assert,unknown
conf_569_3,commons-configuration2-2.8.0-src,TestJNDIConfiguration,testResetRemovedProperties_3_oe,src/test/java/org/apache/commons/configuration2/TestJNDIConfiguration.java,,,,assert,unknown
conf_570_1,commons-configuration2-2.8.0-src,TestBaseNullConfiguration,testCommaSeparatedString_1_oe,src/test/java/org/apache/commons/configuration2/TestBaseNullConfiguration.java,,,,assert,unknown
conf_570_2,commons-configuration2-2.8.0-src,TestBaseNullConfiguration,testCommaSeparatedString_2_oe,src/test/java/org/apache/commons/configuration2/TestBaseNullConfiguration.java,,,,assert,unknown
conf_571_1,commons-configuration2-2.8.0-src,TestBaseNullConfiguration,testCommaSeparatedStringEscaped_1_oe,src/test/java/org/apache/commons/configuration2/TestBaseNullConfiguration.java,,,,assert,unknown
conf_572_1,commons-configuration2-2.8.0-src,TestBaseNullConfiguration,testGetBigDecimal_1_oe,src/test/java/org/apache/commons/configuration2/TestBaseNullConfiguration.java,,,,assert,unknown
conf_572_2,commons-configuration2-2.8.0-src,TestBaseNullConfiguration,testGetBigDecimal_2_oe,src/test/java/org/apache/commons/configuration2/TestBaseNullConfiguration.java,,,,assert,unknown
conf_572_3,commons-configuration2-2.8.0-src,TestBaseNullConfiguration,testGetBigDecimal_3_oe,src/test/java/org/apache/commons/configuration2/TestBaseNullConfiguration.java,,,,assert,unknown
conf_573_1,commons-configuration2-2.8.0-src,TestBaseNullConfiguration,testGetBigDecimalUnknown_1_oe,src/test/java/org/apache/commons/configuration2/TestBaseNullConfiguration.java,,,,assert,unknown
conf_574_1,commons-configuration2-2.8.0-src,TestBaseNullConfiguration,testGetBigInteger_1_oe,src/test/java/org/apache/commons/configuration2/TestBaseNullConfiguration.java,,,,assert,unknown
conf_574_2,commons-configuration2-2.8.0-src,TestBaseNullConfiguration,testGetBigInteger_2_oe,src/test/java/org/apache/commons/configuration2/TestBaseNullConfiguration.java,,,,assert,unknown
conf_574_3,commons-configuration2-2.8.0-src,TestBaseNullConfiguration,testGetBigInteger_3_oe,src/test/java/org/apache/commons/configuration2/TestBaseNullConfiguration.java,,,,assert,unknown
conf_575_1,commons-configuration2-2.8.0-src,TestBaseNullConfiguration,testGetBigIntegerUnknown_1_oe,src/test/java/org/apache/commons/configuration2/TestBaseNullConfiguration.java,,,,assert,unknown
conf_576_1,commons-configuration2-2.8.0-src,TestBaseNullConfiguration,testGetBoolean_1_oe,src/test/java/org/apache/commons/configuration2/TestBaseNullConfiguration.java,,,,assert,unknown
conf_576_2,commons-configuration2-2.8.0-src,TestBaseNullConfiguration,testGetBoolean_2_oe,src/test/java/org/apache/commons/configuration2/TestBaseNullConfiguration.java,,,,assert,unknown
conf_576_3,commons-configuration2-2.8.0-src,TestBaseNullConfiguration,testGetBoolean_3_oe,src/test/java/org/apache/commons/configuration2/TestBaseNullConfiguration.java,,,,assert,unknown
conf_576_4,commons-configuration2-2.8.0-src,TestBaseNullConfiguration,testGetBoolean_4_oe,src/test/java/org/apache/commons/configuration2/TestBaseNullConfiguration.java,,,,assert,unknown
conf_577_1,commons-configuration2-2.8.0-src,TestBaseNullConfiguration,testGetByte_1_oe,src/test/java/org/apache/commons/configuration2/TestBaseNullConfiguration.java,,,,assert,unknown
conf_577_2,commons-configuration2-2.8.0-src,TestBaseNullConfiguration,testGetByte_2_oe,src/test/java/org/apache/commons/configuration2/TestBaseNullConfiguration.java,,,,assert,unknown
conf_577_3,commons-configuration2-2.8.0-src,TestBaseNullConfiguration,testGetByte_3_oe,src/test/java/org/apache/commons/configuration2/TestBaseNullConfiguration.java,,,,assert,unknown
conf_577_4,commons-configuration2-2.8.0-src,TestBaseNullConfiguration,testGetByte_4_oe,src/test/java/org/apache/commons/configuration2/TestBaseNullConfiguration.java,,,,assert,unknown
conf_578_1,commons-configuration2-2.8.0-src,TestBaseNullConfiguration,testGetDouble_1_oe,src/test/java/org/apache/commons/configuration2/TestBaseNullConfiguration.java,,,,assert,unknown
conf_578_2,commons-configuration2-2.8.0-src,TestBaseNullConfiguration,testGetDouble_2_oe,src/test/java/org/apache/commons/configuration2/TestBaseNullConfiguration.java,,,,assert,unknown
conf_578_3,commons-configuration2-2.8.0-src,TestBaseNullConfiguration,testGetDouble_3_oe,src/test/java/org/apache/commons/configuration2/TestBaseNullConfiguration.java,,,,assert,unknown
conf_578_4,commons-configuration2-2.8.0-src,TestBaseNullConfiguration,testGetDouble_4_oe,src/test/java/org/apache/commons/configuration2/TestBaseNullConfiguration.java,,,,assert,unknown
conf_579_1,commons-configuration2-2.8.0-src,TestBaseNullConfiguration,testGetFloat_1_oe,src/test/java/org/apache/commons/configuration2/TestBaseNullConfiguration.java,,,,assert,unknown
conf_579_2,commons-configuration2-2.8.0-src,TestBaseNullConfiguration,testGetFloat_2_oe,src/test/java/org/apache/commons/configuration2/TestBaseNullConfiguration.java,,,,assert,unknown
conf_579_3,commons-configuration2-2.8.0-src,TestBaseNullConfiguration,testGetFloat_3_oe,src/test/java/org/apache/commons/configuration2/TestBaseNullConfiguration.java,,,,assert,unknown
conf_579_4,commons-configuration2-2.8.0-src,TestBaseNullConfiguration,testGetFloat_4_oe,src/test/java/org/apache/commons/configuration2/TestBaseNullConfiguration.java,,,,assert,unknown
conf_580_1,commons-configuration2-2.8.0-src,TestBaseNullConfiguration,testGetList_1_oe,src/test/java/org/apache/commons/configuration2/TestBaseNullConfiguration.java,,,,assert,unknown
conf_580_2,commons-configuration2-2.8.0-src,TestBaseNullConfiguration,testGetList_2_oe,src/test/java/org/apache/commons/configuration2/TestBaseNullConfiguration.java,,,,assert,unknown
conf_580_3,commons-configuration2-2.8.0-src,TestBaseNullConfiguration,testGetList_3_oe,src/test/java/org/apache/commons/configuration2/TestBaseNullConfiguration.java,,,,assert,unknown
conf_580_4,commons-configuration2-2.8.0-src,TestBaseNullConfiguration,testGetList_4_oe,src/test/java/org/apache/commons/configuration2/TestBaseNullConfiguration.java,,,,assert,unknown
conf_581_1,commons-configuration2-2.8.0-src,TestBaseNullConfiguration,testGetListAsScalar_1_oe,src/test/java/org/apache/commons/configuration2/TestBaseNullConfiguration.java,,,,assert,unknown
conf_582_1,commons-configuration2-2.8.0-src,TestBaseNullConfiguration,testGetLong_1_oe,src/test/java/org/apache/commons/configuration2/TestBaseNullConfiguration.java,,,,assert,unknown
conf_582_2,commons-configuration2-2.8.0-src,TestBaseNullConfiguration,testGetLong_2_oe,src/test/java/org/apache/commons/configuration2/TestBaseNullConfiguration.java,,,,assert,unknown
conf_582_3,commons-configuration2-2.8.0-src,TestBaseNullConfiguration,testGetLong_3_oe,src/test/java/org/apache/commons/configuration2/TestBaseNullConfiguration.java,,,,assert,unknown
conf_582_4,commons-configuration2-2.8.0-src,TestBaseNullConfiguration,testGetLong_4_oe,src/test/java/org/apache/commons/configuration2/TestBaseNullConfiguration.java,,,,assert,unknown
conf_583_1,commons-configuration2-2.8.0-src,TestBaseNullConfiguration,testGetProperty_1_oe,src/test/java/org/apache/commons/configuration2/TestBaseNullConfiguration.java,,,,assert,unknown
conf_583_2,commons-configuration2-2.8.0-src,TestBaseNullConfiguration,testGetProperty_2_oe,src/test/java/org/apache/commons/configuration2/TestBaseNullConfiguration.java,,,,assert,unknown
conf_583_3,commons-configuration2-2.8.0-src,TestBaseNullConfiguration,testGetProperty_3_oe,src/test/java/org/apache/commons/configuration2/TestBaseNullConfiguration.java,,,,assert,unknown
conf_584_1,commons-configuration2-2.8.0-src,TestBaseNullConfiguration,testGetShort_1_oe,src/test/java/org/apache/commons/configuration2/TestBaseNullConfiguration.java,,,,assert,unknown
conf_584_2,commons-configuration2-2.8.0-src,TestBaseNullConfiguration,testGetShort_2_oe,src/test/java/org/apache/commons/configuration2/TestBaseNullConfiguration.java,,,,assert,unknown
conf_584_3,commons-configuration2-2.8.0-src,TestBaseNullConfiguration,testGetShort_3_oe,src/test/java/org/apache/commons/configuration2/TestBaseNullConfiguration.java,,,,assert,unknown
conf_584_4,commons-configuration2-2.8.0-src,TestBaseNullConfiguration,testGetShort_4_oe,src/test/java/org/apache/commons/configuration2/TestBaseNullConfiguration.java,,,,assert,unknown
conf_585_1,commons-configuration2-2.8.0-src,TestBaseNullConfiguration,testGetString_1_oe,src/test/java/org/apache/commons/configuration2/TestBaseNullConfiguration.java,,,,assert,unknown
conf_585_2,commons-configuration2-2.8.0-src,TestBaseNullConfiguration,testGetString_2_oe,src/test/java/org/apache/commons/configuration2/TestBaseNullConfiguration.java,,,,assert,unknown
conf_585_3,commons-configuration2-2.8.0-src,TestBaseNullConfiguration,testGetString_3_oe,src/test/java/org/apache/commons/configuration2/TestBaseNullConfiguration.java,,,,assert,unknown
conf_586_1,commons-configuration2-2.8.0-src,TestBaseNullConfiguration,testGetStringUnknown_1_oe,src/test/java/org/apache/commons/configuration2/TestBaseNullConfiguration.java,,,,assert,unknown
conf_587_1,commons-configuration2-2.8.0-src,TestBaseNullConfiguration,testInterpolation_1_oe,src/test/java/org/apache/commons/configuration2/TestBaseNullConfiguration.java,,,,assert,unknown
conf_587_2,commons-configuration2-2.8.0-src,TestBaseNullConfiguration,testInterpolation_2_oe,src/test/java/org/apache/commons/configuration2/TestBaseNullConfiguration.java,,,,assert,unknown
conf_587_3,commons-configuration2-2.8.0-src,TestBaseNullConfiguration,testInterpolation_3_oe,src/test/java/org/apache/commons/configuration2/TestBaseNullConfiguration.java,,,,assert,unknown
conf_588_1,commons-configuration2-2.8.0-src,TestBaseNullConfiguration,testMultipleInterpolation_1_oe,src/test/java/org/apache/commons/configuration2/TestBaseNullConfiguration.java,,,,assert,unknown
conf_589_1,commons-configuration2-2.8.0-src,TestBaseNullConfiguration,testPropertyAccess_1_oe,src/test/java/org/apache/commons/configuration2/TestBaseNullConfiguration.java,,,,assert,unknown
conf_589_2,commons-configuration2-2.8.0-src,TestBaseNullConfiguration,testPropertyAccess_2_oe,src/test/java/org/apache/commons/configuration2/TestBaseNullConfiguration.java,,,,assert,unknown
conf_590_1,commons-configuration2-2.8.0-src,TestBaseNullConfiguration,testSubset_1_oe,src/test/java/org/apache/commons/configuration2/TestBaseNullConfiguration.java,,,,assert,unknown
conf_590_2,commons-configuration2-2.8.0-src,TestBaseNullConfiguration,testSubset_2_oe,src/test/java/org/apache/commons/configuration2/TestBaseNullConfiguration.java,,,,assert,unknown
conf_590_3,commons-configuration2-2.8.0-src,TestBaseNullConfiguration,testSubset_3_oe,src/test/java/org/apache/commons/configuration2/TestBaseNullConfiguration.java,,,,assert,unknown
conf_590_4,commons-configuration2-2.8.0-src,TestBaseNullConfiguration,testSubset_4_oe,src/test/java/org/apache/commons/configuration2/TestBaseNullConfiguration.java,,,,assert,unknown
conf_591_1,commons-configuration2-2.8.0-src,TestBaseNullConfiguration,testThrowExceptionOnMissing_1_oe,src/test/java/org/apache/commons/configuration2/TestBaseNullConfiguration.java,,,,assert,unknown
conf_592_1,commons-configuration2-2.8.0-src,TestNullJNDIEnvironmentValues,testClearProperty_1_oe,src/test/java/org/apache/commons/configuration2/TestNullJNDIEnvironmentValues.java,,,,assert,unknown
conf_592_2,commons-configuration2-2.8.0-src,TestNullJNDIEnvironmentValues,testClearProperty_2_oe,src/test/java/org/apache/commons/configuration2/TestNullJNDIEnvironmentValues.java,,,,assert,unknown
conf_593_1,commons-configuration2-2.8.0-src,TestNullJNDIEnvironmentValues,testContainsKey_1_oe,src/test/java/org/apache/commons/configuration2/TestNullJNDIEnvironmentValues.java,,,,assert,unknown
conf_593_2,commons-configuration2-2.8.0-src,TestNullJNDIEnvironmentValues,testContainsKey_2_oe,src/test/java/org/apache/commons/configuration2/TestNullJNDIEnvironmentValues.java,,,,assert,unknown
conf_594_1,commons-configuration2-2.8.0-src,TestNullJNDIEnvironmentValues,testGetKeys_1_oe,src/test/java/org/apache/commons/configuration2/TestNullJNDIEnvironmentValues.java,,,,assert,unknown
conf_594_2,commons-configuration2-2.8.0-src,TestNullJNDIEnvironmentValues,testGetKeys_2_oe,src/test/java/org/apache/commons/configuration2/TestNullJNDIEnvironmentValues.java,,,,assert,unknown
conf_595_1,commons-configuration2-2.8.0-src,TestNullJNDIEnvironmentValues,testGetKeysWithExistingPrefix_1_oe,src/test/java/org/apache/commons/configuration2/TestNullJNDIEnvironmentValues.java,,,,assert,unknown
conf_596_1,commons-configuration2-2.8.0-src,TestNullJNDIEnvironmentValues,testGetKeysWithKeyAsPrefix_1_oe,src/test/java/org/apache/commons/configuration2/TestNullJNDIEnvironmentValues.java,,,,assert,unknown
conf_597_1,commons-configuration2-2.8.0-src,TestNullJNDIEnvironmentValues,testGetKeysWithUnknownPrefix_1_oe,src/test/java/org/apache/commons/configuration2/TestNullJNDIEnvironmentValues.java,,,,assert,unknown
conf_598_1,commons-configuration2-2.8.0-src,TestNullJNDIEnvironmentValues,testGetMissingKey_1_oe,src/test/java/org/apache/commons/configuration2/TestNullJNDIEnvironmentValues.java,,,,assert,unknown
conf_599_1,commons-configuration2-2.8.0-src,TestNullJNDIEnvironmentValues,testGetMissingKeyWithDefault_1_oe,src/test/java/org/apache/commons/configuration2/TestNullJNDIEnvironmentValues.java,,,,assert,unknown
conf_600_1,commons-configuration2-2.8.0-src,TestNullJNDIEnvironmentValues,testIsEmpty_1_oe,src/test/java/org/apache/commons/configuration2/TestNullJNDIEnvironmentValues.java,,,,assert,unknown
conf_601_1,commons-configuration2-2.8.0-src,TestNullJNDIEnvironmentValues,testMoreGets_1_oe,src/test/java/org/apache/commons/configuration2/TestNullJNDIEnvironmentValues.java,,,,assert,unknown
conf_601_2,commons-configuration2-2.8.0-src,TestNullJNDIEnvironmentValues,testMoreGets_2_oe,src/test/java/org/apache/commons/configuration2/TestNullJNDIEnvironmentValues.java,,,,assert,unknown
conf_601_3,commons-configuration2-2.8.0-src,TestNullJNDIEnvironmentValues,testMoreGets_3_oe,src/test/java/org/apache/commons/configuration2/TestNullJNDIEnvironmentValues.java,,,,assert,unknown
conf_602_1,commons-configuration2-2.8.0-src,TestNullJNDIEnvironmentValues,testSimpleGet_1_oe,src/test/java/org/apache/commons/configuration2/TestNullJNDIEnvironmentValues.java,,,,assert,unknown
conf_603_1,commons-configuration2-2.8.0-src,TestNullJNDIEnvironmentValues,testThrowExceptionOnMissing_1_oe,src/test/java/org/apache/commons/configuration2/TestNullJNDIEnvironmentValues.java,,,,assert,unknown
conf_604_1,commons-configuration2-2.8.0-src,TestThreesomeConfiguration,testList1_1_oe,src/test/java/org/apache/commons/configuration2/TestThreesomeConfiguration.java,,,,assert,unknown
conf_605_1,commons-configuration2-2.8.0-src,TestThreesomeConfiguration,testList2_1_oe,src/test/java/org/apache/commons/configuration2/TestThreesomeConfiguration.java,,,,assert,unknown
conf_606_1,commons-configuration2-2.8.0-src,TestThreesomeConfiguration,testList3_1_oe,src/test/java/org/apache/commons/configuration2/TestThreesomeConfiguration.java,,,,assert,unknown
conf_607_1,commons-configuration2-2.8.0-src,TestConfigurationSet,testIterator_1_oe,src/test/java/org/apache/commons/configuration2/TestConfigurationSet.java,,,,assert,unknown
conf_607_2,commons-configuration2-2.8.0-src,TestConfigurationSet,testIterator_2_oe,src/test/java/org/apache/commons/configuration2/TestConfigurationSet.java,,,,assert,unknown
conf_607_3,commons-configuration2-2.8.0-src,TestConfigurationSet,testIterator_3_oe,src/test/java/org/apache/commons/configuration2/TestConfigurationSet.java,,,,assert,unknown
conf_608_1,commons-configuration2-2.8.0-src,TestConfigurationSet,testSize_1_oe,src/test/java/org/apache/commons/configuration2/TestConfigurationSet.java,,,,assert,unknown
conf_609_1,commons-configuration2-2.8.0-src,TestConfigurationConverter,testConfigurationToMap_1_oe,src/test/java/org/apache/commons/configuration2/TestConfigurationConverter.java,,,,assert,unknown
conf_609_2,commons-configuration2-2.8.0-src,TestConfigurationConverter,testConfigurationToMap_2_oe,src/test/java/org/apache/commons/configuration2/TestConfigurationConverter.java,,,,assert,unknown
conf_610_1,commons-configuration2-2.8.0-src,TestConfigurationConverter,testConfigurationToPropertiesDefaultListHandling_1_oe,src/test/java/org/apache/commons/configuration2/TestConfigurationConverter.java,,,,assert,unknown
conf_610_2,commons-configuration2-2.8.0-src,TestConfigurationConverter,testConfigurationToPropertiesDefaultListHandling_2_oe,src/test/java/org/apache/commons/configuration2/TestConfigurationConverter.java,,,,assert,unknown
conf_610_3,commons-configuration2-2.8.0-src,TestConfigurationConverter,testConfigurationToPropertiesDefaultListHandling_3_oe,src/test/java/org/apache/commons/configuration2/TestConfigurationConverter.java,,,,assert,unknown
conf_610_4,commons-configuration2-2.8.0-src,TestConfigurationConverter,testConfigurationToPropertiesDefaultListHandling_4_oe,src/test/java/org/apache/commons/configuration2/TestConfigurationConverter.java,,,,assert,unknown
conf_610_5,commons-configuration2-2.8.0-src,TestConfigurationConverter,testConfigurationToPropertiesDefaultListHandling_5_oe,src/test/java/org/apache/commons/configuration2/TestConfigurationConverter.java,,,,assert,unknown
conf_611_1,commons-configuration2-2.8.0-src,TestConfigurationConverter,testConfigurationToPropertiesListDelimiterHandler_1_oe,src/test/java/org/apache/commons/configuration2/TestConfigurationConverter.java,,,,assert,unknown
conf_612_1,commons-configuration2-2.8.0-src,TestConfigurationConverter,testConfigurationToPropertiesNoAbstractConfiguration_1_oe,src/test/java/org/apache/commons/configuration2/TestConfigurationConverter.java,,,,assert,unknown
conf_613_1,commons-configuration2-2.8.0-src,TestConfigurationConverter,testConfigurationToPropertiesScalarValue_1_oe,src/test/java/org/apache/commons/configuration2/TestConfigurationConverter.java,,,,assert,unknown
conf_614_1,commons-configuration2-2.8.0-src,TestConfigurationConverter,testPropertiesToConfiguration_1_oe,src/test/java/org/apache/commons/configuration2/TestConfigurationConverter.java,,,,assert,unknown
conf_614_2,commons-configuration2-2.8.0-src,TestConfigurationConverter,testPropertiesToConfiguration_2_oe,src/test/java/org/apache/commons/configuration2/TestConfigurationConverter.java,,,,assert,unknown
conf_614_3,commons-configuration2-2.8.0-src,TestConfigurationConverter,testPropertiesToConfiguration_3_oe,src/test/java/org/apache/commons/configuration2/TestConfigurationConverter.java,,,,assert,unknown
conf_615_1,commons-configuration2-2.8.0-src,TestConfigurationUtils,testAppend_1_oe,src/test/java/org/apache/commons/configuration2/TestConfigurationUtils.java,,,,assert,unknown
conf_615_2,commons-configuration2-2.8.0-src,TestConfigurationUtils,testAppend_2_oe,src/test/java/org/apache/commons/configuration2/TestConfigurationUtils.java,,,,assert,unknown
conf_616_1,commons-configuration2-2.8.0-src,TestConfigurationUtils,testAsEventSourceSupported_1_oe,src/test/java/org/apache/commons/configuration2/TestConfigurationUtils.java,,,,assert,unknown
conf_617_1,commons-configuration2-2.8.0-src,TestConfigurationUtils,testAsEventSourceUnsupportedMock_1_oe,src/test/java/org/apache/commons/configuration2/TestConfigurationUtils.java,,,,assert,unknown
conf_618_1,commons-configuration2-2.8.0-src,TestConfigurationUtils,testCloneConfiguration_1_oe,src/test/java/org/apache/commons/configuration2/TestConfigurationUtils.java,,,,assert,unknown
conf_618_2,commons-configuration2-2.8.0-src,TestConfigurationUtils,testCloneConfiguration_2_oe,src/test/java/org/apache/commons/configuration2/TestConfigurationUtils.java,,,,assert,unknown
conf_619_1,commons-configuration2-2.8.0-src,TestConfigurationUtils,testCloneConfigurationNull_1_oe,src/test/java/org/apache/commons/configuration2/TestConfigurationUtils.java,,,,assert,unknown
conf_620_1,commons-configuration2-2.8.0-src,TestConfigurationUtils,testCloneIfPossibleError_1_oe,src/test/java/org/apache/commons/configuration2/TestConfigurationUtils.java,,,,assert,unknown
conf_621_1,commons-configuration2-2.8.0-src,TestConfigurationUtils,testCloneIfPossibleNotSupported_1_oe,src/test/java/org/apache/commons/configuration2/TestConfigurationUtils.java,,,,assert,unknown
conf_622_1,commons-configuration2-2.8.0-src,TestConfigurationUtils,testCloneIfPossibleNull_1_oe,src/test/java/org/apache/commons/configuration2/TestConfigurationUtils.java,,,,assert,unknown
conf_623_1,commons-configuration2-2.8.0-src,TestConfigurationUtils,testCloneIfPossibleSupported_1_oe,src/test/java/org/apache/commons/configuration2/TestConfigurationUtils.java,,,,assert,unknown
conf_623_2,commons-configuration2-2.8.0-src,TestConfigurationUtils,testCloneIfPossibleSupported_2_oe,src/test/java/org/apache/commons/configuration2/TestConfigurationUtils.java,,,,assert,unknown
conf_624_1,commons-configuration2-2.8.0-src,TestConfigurationUtils,testCloneSynchronizerClone_1_oe,src/test/java/org/apache/commons/configuration2/TestConfigurationUtils.java,,,,assert,unknown
conf_625_1,commons-configuration2-2.8.0-src,TestConfigurationUtils,testCloneSynchronizerNewInstance_1_oe,src/test/java/org/apache/commons/configuration2/TestConfigurationUtils.java,,,,assert,unknown
conf_625_2,commons-configuration2-2.8.0-src,TestConfigurationUtils,testCloneSynchronizerNewInstance_2_oe,src/test/java/org/apache/commons/configuration2/TestConfigurationUtils.java,,,,assert,unknown
conf_626_1,commons-configuration2-2.8.0-src,TestConfigurationUtils,testCloneSynchronizerNoOp_1_oe,src/test/java/org/apache/commons/configuration2/TestConfigurationUtils.java,,,,assert,unknown
conf_627_1,commons-configuration2-2.8.0-src,TestConfigurationUtils,testConvertHierarchicalToHierarchical_1_oe,src/test/java/org/apache/commons/configuration2/TestConfigurationUtils.java,,,,assert,unknown
conf_628_1,commons-configuration2-2.8.0-src,TestConfigurationUtils,testConvertHierarchicalToHierarchicalEngine_1_oe,src/test/java/org/apache/commons/configuration2/TestConfigurationUtils.java,,,,assert,unknown
conf_628_2,commons-configuration2-2.8.0-src,TestConfigurationUtils,testConvertHierarchicalToHierarchicalEngine_2_oe,src/test/java/org/apache/commons/configuration2/TestConfigurationUtils.java,,,,assert,unknown
conf_629_1,commons-configuration2-2.8.0-src,TestConfigurationUtils,testConvertHierarchicalToHierarchicalNullEngine_1_oe,src/test/java/org/apache/commons/configuration2/TestConfigurationUtils.java,,,,assert,unknown
conf_629_2,commons-configuration2-2.8.0-src,TestConfigurationUtils,testConvertHierarchicalToHierarchicalNullEngine_2_oe,src/test/java/org/apache/commons/configuration2/TestConfigurationUtils.java,,,,assert,unknown
conf_630_1,commons-configuration2-2.8.0-src,TestConfigurationUtils,testConvertNullToHierarchical_1_oe,src/test/java/org/apache/commons/configuration2/TestConfigurationUtils.java,,,,assert,unknown
conf_631_1,commons-configuration2-2.8.0-src,TestConfigurationUtils,testConvertToHierarchical_1_oe,src/test/java/org/apache/commons/configuration2/TestConfigurationUtils.java,,,,assert,unknown
conf_632_1,commons-configuration2-2.8.0-src,TestConfigurationUtils,testConvertToHierarchicalDelimiters_1_oe,src/test/java/org/apache/commons/configuration2/TestConfigurationUtils.java,,,,assert,unknown
conf_632_2,commons-configuration2-2.8.0-src,TestConfigurationUtils,testConvertToHierarchicalDelimiters_2_oe,src/test/java/org/apache/commons/configuration2/TestConfigurationUtils.java,,,,assert,unknown
conf_633_1,commons-configuration2-2.8.0-src,TestConfigurationUtils,testConvertToHierarchicalEngine_1_oe,src/test/java/org/apache/commons/configuration2/TestConfigurationUtils.java,,,,assert,unknown
conf_633_2,commons-configuration2-2.8.0-src,TestConfigurationUtils,testConvertToHierarchicalEngine_2_oe,src/test/java/org/apache/commons/configuration2/TestConfigurationUtils.java,,,,assert,unknown
conf_634_1,commons-configuration2-2.8.0-src,TestConfigurationUtils,testConvertToHierarchicalMultiValues_1_oe,src/test/java/org/apache/commons/configuration2/TestConfigurationUtils.java,,,,assert,unknown
conf_634_2,commons-configuration2-2.8.0-src,TestConfigurationUtils,testConvertToHierarchicalMultiValues_2_oe,src/test/java/org/apache/commons/configuration2/TestConfigurationUtils.java,,,,assert,unknown
conf_634_3,commons-configuration2-2.8.0-src,TestConfigurationUtils,testConvertToHierarchicalMultiValues_3_oe,src/test/java/org/apache/commons/configuration2/TestConfigurationUtils.java,,,,assert,unknown
conf_635_1,commons-configuration2-2.8.0-src,TestConfigurationUtils,testConvertToHierarchicalOrderOfProperties_1_oe,src/test/java/org/apache/commons/configuration2/TestConfigurationUtils.java,,,,assert,unknown
conf_636_1,commons-configuration2-2.8.0-src,TestConfigurationUtils,testCopy_1_oe,src/test/java/org/apache/commons/configuration2/TestConfigurationUtils.java,,,,assert,unknown
conf_636_2,commons-configuration2-2.8.0-src,TestConfigurationUtils,testCopy_2_oe,src/test/java/org/apache/commons/configuration2/TestConfigurationUtils.java,,,,assert,unknown
conf_637_1,commons-configuration2-2.8.0-src,TestConfigurationUtils,testLoadClassCCLNotFound_1_oe,src/test/java/org/apache/commons/configuration2/TestConfigurationUtils.java,,,,assert,unknown
conf_638_1,commons-configuration2-2.8.0-src,TestConfigurationUtils,testLoadClassCCLNull_1_oe,src/test/java/org/apache/commons/configuration2/TestConfigurationUtils.java,,,,assert,unknown
conf_639_1,commons-configuration2-2.8.0-src,TestConfigurationUtils,testLoadClassFromCCL_1_oe,src/test/java/org/apache/commons/configuration2/TestConfigurationUtils.java,,,,assert,unknown
conf_640_1,commons-configuration2-2.8.0-src,TestConfigurationUtils,testLoadClassNoExFound_1_oe,src/test/java/org/apache/commons/configuration2/TestConfigurationUtils.java,,,,assert,unknown
conf_641_1,commons-configuration2-2.8.0-src,TestConfigurationUtils,testToString_1_oe,src/test/java/org/apache/commons/configuration2/TestConfigurationUtils.java,,,,assert,unknown
conf_641_2,commons-configuration2-2.8.0-src,TestConfigurationUtils,testToString_2_oe,src/test/java/org/apache/commons/configuration2/TestConfigurationUtils.java,,,,assert,unknown
conf_641_3,commons-configuration2-2.8.0-src,TestConfigurationUtils,testToString_3_oe,src/test/java/org/apache/commons/configuration2/TestConfigurationUtils.java,,,,assert,unknown
conf_641_4,commons-configuration2-2.8.0-src,TestConfigurationUtils,testToString_4_oe,src/test/java/org/apache/commons/configuration2/TestConfigurationUtils.java,,,,assert,unknown
conf_641_5,commons-configuration2-2.8.0-src,TestConfigurationUtils,testToString_5_oe,src/test/java/org/apache/commons/configuration2/TestConfigurationUtils.java,,,,assert,unknown
conf_642_1,commons-configuration2-2.8.0-src,BaseNonStringProperties,testBooleanArrayValue_1_oe,src/test/java/org/apache/commons/configuration2/BaseNonStringProperties.java,,,,assert,unknown
conf_642_2,commons-configuration2-2.8.0-src,BaseNonStringProperties,testBooleanArrayValue_2_oe,src/test/java/org/apache/commons/configuration2/BaseNonStringProperties.java,,,,assert,unknown
conf_643_1,commons-configuration2-2.8.0-src,BaseNonStringProperties,testByteArrayValue_1_oe,src/test/java/org/apache/commons/configuration2/BaseNonStringProperties.java,,,,assert,unknown
conf_643_2,commons-configuration2-2.8.0-src,BaseNonStringProperties,testByteArrayValue_2_oe,src/test/java/org/apache/commons/configuration2/BaseNonStringProperties.java,,,,assert,unknown
conf_644_1,commons-configuration2-2.8.0-src,BaseNonStringProperties,testDoubleArrayValue_1_oe,src/test/java/org/apache/commons/configuration2/BaseNonStringProperties.java,,,,assert,unknown
conf_644_2,commons-configuration2-2.8.0-src,BaseNonStringProperties,testDoubleArrayValue_2_oe,src/test/java/org/apache/commons/configuration2/BaseNonStringProperties.java,,,,assert,unknown
conf_645_1,commons-configuration2-2.8.0-src,BaseNonStringProperties,testFloatArrayValue_1_oe,src/test/java/org/apache/commons/configuration2/BaseNonStringProperties.java,,,,assert,unknown
conf_645_2,commons-configuration2-2.8.0-src,BaseNonStringProperties,testFloatArrayValue_2_oe,src/test/java/org/apache/commons/configuration2/BaseNonStringProperties.java,,,,assert,unknown
conf_646_1,commons-configuration2-2.8.0-src,BaseNonStringProperties,testIntegerArrayValue_1_oe,src/test/java/org/apache/commons/configuration2/BaseNonStringProperties.java,,,,assert,unknown
conf_646_2,commons-configuration2-2.8.0-src,BaseNonStringProperties,testIntegerArrayValue_2_oe,src/test/java/org/apache/commons/configuration2/BaseNonStringProperties.java,,,,assert,unknown
conf_647_1,commons-configuration2-2.8.0-src,BaseNonStringProperties,testLongArrayValue_1_oe,src/test/java/org/apache/commons/configuration2/BaseNonStringProperties.java,,,,assert,unknown
conf_647_2,commons-configuration2-2.8.0-src,BaseNonStringProperties,testLongArrayValue_2_oe,src/test/java/org/apache/commons/configuration2/BaseNonStringProperties.java,,,,assert,unknown
conf_648_1,commons-configuration2-2.8.0-src,BaseNonStringProperties,testShortArrayValue_1_oe,src/test/java/org/apache/commons/configuration2/BaseNonStringProperties.java,,,,assert,unknown
conf_648_2,commons-configuration2-2.8.0-src,BaseNonStringProperties,testShortArrayValue_2_oe,src/test/java/org/apache/commons/configuration2/BaseNonStringProperties.java,,,,assert,unknown
conf_649_1,commons-configuration2-2.8.0-src,TestAbstractConfigurationSynchronization,testContainsKeySychronized_1_oe,src/test/java/org/apache/commons/configuration2/TestAbstractConfigurationSynchronization.java,,,,assert,unknown
conf_650_1,commons-configuration2-2.8.0-src,TestAbstractConfigurationSynchronization,testDefaultSynchronizer_1_oe,src/test/java/org/apache/commons/configuration2/TestAbstractConfigurationSynchronization.java,,,,assert,unknown
conf_651_1,commons-configuration2-2.8.0-src,TestAbstractConfigurationSynchronization,testGetKeysSynchronized_1_oe,src/test/java/org/apache/commons/configuration2/TestAbstractConfigurationSynchronization.java,,,,assert,unknown
conf_652_1,commons-configuration2-2.8.0-src,TestAbstractConfigurationSynchronization,testGetPropertySynchronized_1_oe,src/test/java/org/apache/commons/configuration2/TestAbstractConfigurationSynchronization.java,,,,assert,unknown
conf_652_2,commons-configuration2-2.8.0-src,TestAbstractConfigurationSynchronization,testGetPropertySynchronized_2_oe,src/test/java/org/apache/commons/configuration2/TestAbstractConfigurationSynchronization.java,,,,assert,unknown
conf_653_1,commons-configuration2-2.8.0-src,TestAbstractConfigurationSynchronization,testIsEmptySynchronized_1_oe,src/test/java/org/apache/commons/configuration2/TestAbstractConfigurationSynchronization.java,,,,assert,unknown
conf_654_1,commons-configuration2-2.8.0-src,TestAbstractConfigurationSynchronization,testSizeSynchronized_1_oe,src/test/java/org/apache/commons/configuration2/TestAbstractConfigurationSynchronization.java,,,,assert,unknown
conf_655_1,commons-configuration2-2.8.0-src,TestAbstractConfigurationSynchronization,testSubsetSynchronized_1_oe,src/test/java/org/apache/commons/configuration2/TestAbstractConfigurationSynchronization.java,,,,assert,unknown
conf_656_1,commons-configuration2-2.8.0-src,TestDatabaseConfiguration,testAddNonStringProperty_1_oe,src/test/java/org/apache/commons/configuration2/TestDatabaseConfiguration.java,,,,assert,unknown
conf_657_1,commons-configuration2-2.8.0-src,TestDatabaseConfiguration,testAddPropertyDirectCommit_1_oe,src/test/java/org/apache/commons/configuration2/TestDatabaseConfiguration.java,,,,assert,unknown
conf_658_1,commons-configuration2-2.8.0-src,TestDatabaseConfiguration,testAddPropertyDirectMultiple_1_oe,src/test/java/org/apache/commons/configuration2/TestDatabaseConfiguration.java,,,,assert,unknown
conf_659_1,commons-configuration2-2.8.0-src,TestDatabaseConfiguration,testAddPropertyDirectSingle_1_oe,src/test/java/org/apache/commons/configuration2/TestDatabaseConfiguration.java,,,,assert,unknown
conf_660_1,commons-configuration2-2.8.0-src,TestDatabaseConfiguration,testAddWithDelimiter_1_oe,src/test/java/org/apache/commons/configuration2/TestDatabaseConfiguration.java,,,,assert,unknown
conf_660_2,commons-configuration2-2.8.0-src,TestDatabaseConfiguration,testAddWithDelimiter_2_oe,src/test/java/org/apache/commons/configuration2/TestDatabaseConfiguration.java,,,,assert,unknown
conf_661_1,commons-configuration2-2.8.0-src,TestDatabaseConfiguration,testClearCommit_1_oe,src/test/java/org/apache/commons/configuration2/TestDatabaseConfiguration.java,,,,assert,unknown
conf_662_1,commons-configuration2-2.8.0-src,TestDatabaseConfiguration,testClearMultiple_1_oe,src/test/java/org/apache/commons/configuration2/TestDatabaseConfiguration.java,,,,assert,unknown
conf_663_1,commons-configuration2-2.8.0-src,TestDatabaseConfiguration,testClearPropertyCommit_1_oe,src/test/java/org/apache/commons/configuration2/TestDatabaseConfiguration.java,,,,assert,unknown
conf_664_1,commons-configuration2-2.8.0-src,TestDatabaseConfiguration,testClearPropertyMultiple_1_oe,src/test/java/org/apache/commons/configuration2/TestDatabaseConfiguration.java,,,,assert,unknown
conf_665_1,commons-configuration2-2.8.0-src,TestDatabaseConfiguration,testClearPropertyMultipleOtherConfig_1_oe,src/test/java/org/apache/commons/configuration2/TestDatabaseConfiguration.java,,,,assert,unknown
conf_665_2,commons-configuration2-2.8.0-src,TestDatabaseConfiguration,testClearPropertyMultipleOtherConfig_2_oe,src/test/java/org/apache/commons/configuration2/TestDatabaseConfiguration.java,,,,assert,unknown
conf_666_1,commons-configuration2-2.8.0-src,TestDatabaseConfiguration,testClearPropertySingle_1_oe,src/test/java/org/apache/commons/configuration2/TestDatabaseConfiguration.java,,,,assert,unknown
conf_667_1,commons-configuration2-2.8.0-src,TestDatabaseConfiguration,testClearSingle_1_oe,src/test/java/org/apache/commons/configuration2/TestDatabaseConfiguration.java,,,,assert,unknown
conf_668_1,commons-configuration2-2.8.0-src,TestDatabaseConfiguration,testClearSubset_1_oe,src/test/java/org/apache/commons/configuration2/TestDatabaseConfiguration.java,,,,assert,unknown
conf_668_2,commons-configuration2-2.8.0-src,TestDatabaseConfiguration,testClearSubset_2_oe,src/test/java/org/apache/commons/configuration2/TestDatabaseConfiguration.java,,,,assert,unknown
conf_669_1,commons-configuration2-2.8.0-src,TestDatabaseConfiguration,testContainsKeyError_1_oe,src/test/java/org/apache/commons/configuration2/TestDatabaseConfiguration.java,,,,assert,unknown
conf_670_1,commons-configuration2-2.8.0-src,TestDatabaseConfiguration,testContainsKeyMultiple_1_oe,src/test/java/org/apache/commons/configuration2/TestDatabaseConfiguration.java,,,,assert,unknown
conf_670_2,commons-configuration2-2.8.0-src,TestDatabaseConfiguration,testContainsKeyMultiple_2_oe,src/test/java/org/apache/commons/configuration2/TestDatabaseConfiguration.java,,,,assert,unknown
conf_671_1,commons-configuration2-2.8.0-src,TestDatabaseConfiguration,testContainsKeySingle_1_oe,src/test/java/org/apache/commons/configuration2/TestDatabaseConfiguration.java,,,,assert,unknown
conf_671_2,commons-configuration2-2.8.0-src,TestDatabaseConfiguration,testContainsKeySingle_2_oe,src/test/java/org/apache/commons/configuration2/TestDatabaseConfiguration.java,,,,assert,unknown
conf_672_1,commons-configuration2-2.8.0-src,TestDatabaseConfiguration,testExtractPropertyValueCLOB_1_oe,src/test/java/org/apache/commons/configuration2/TestDatabaseConfiguration.java,,,,assert,unknown
conf_673_1,commons-configuration2-2.8.0-src,TestDatabaseConfiguration,testExtractPropertyValueCLOBEmpty_1_oe,src/test/java/org/apache/commons/configuration2/TestDatabaseConfiguration.java,,,,assert,unknown
conf_674_1,commons-configuration2-2.8.0-src,TestDatabaseConfiguration,testGetKeys_1_oe,src/test/java/org/apache/commons/configuration2/TestDatabaseConfiguration.java,,,,assert,unknown
conf_674_2,commons-configuration2-2.8.0-src,TestDatabaseConfiguration,testGetKeys_2_oe,src/test/java/org/apache/commons/configuration2/TestDatabaseConfiguration.java,,,,assert,unknown
conf_674_3,commons-configuration2-2.8.0-src,TestDatabaseConfiguration,testGetKeys_3_oe,src/test/java/org/apache/commons/configuration2/TestDatabaseConfiguration.java,,,,assert,unknown
conf_675_1,commons-configuration2-2.8.0-src,TestDatabaseConfiguration,testGetKeysError_1_oe,src/test/java/org/apache/commons/configuration2/TestDatabaseConfiguration.java,,,,assert,unknown
conf_676_1,commons-configuration2-2.8.0-src,TestDatabaseConfiguration,testGetKeysMultiple_1_oe,src/test/java/org/apache/commons/configuration2/TestDatabaseConfiguration.java,,,,assert,unknown
conf_676_2,commons-configuration2-2.8.0-src,TestDatabaseConfiguration,testGetKeysMultiple_2_oe,src/test/java/org/apache/commons/configuration2/TestDatabaseConfiguration.java,,,,assert,unknown
conf_677_1,commons-configuration2-2.8.0-src,TestDatabaseConfiguration,testGetKeysSingle_1_oe,src/test/java/org/apache/commons/configuration2/TestDatabaseConfiguration.java,,,,assert,unknown
conf_677_2,commons-configuration2-2.8.0-src,TestDatabaseConfiguration,testGetKeysSingle_2_oe,src/test/java/org/apache/commons/configuration2/TestDatabaseConfiguration.java,,,,assert,unknown
conf_678_1,commons-configuration2-2.8.0-src,TestDatabaseConfiguration,testGetList_1_oe,src/test/java/org/apache/commons/configuration2/TestDatabaseConfiguration.java,,,,assert,unknown
conf_679_1,commons-configuration2-2.8.0-src,TestDatabaseConfiguration,testGetListWithDelimiter_1_oe,src/test/java/org/apache/commons/configuration2/TestDatabaseConfiguration.java,,,,assert,unknown
conf_679_2,commons-configuration2-2.8.0-src,TestDatabaseConfiguration,testGetListWithDelimiter_2_oe,src/test/java/org/apache/commons/configuration2/TestDatabaseConfiguration.java,,,,assert,unknown
conf_679_3,commons-configuration2-2.8.0-src,TestDatabaseConfiguration,testGetListWithDelimiter_3_oe,src/test/java/org/apache/commons/configuration2/TestDatabaseConfiguration.java,,,,assert,unknown
conf_680_1,commons-configuration2-2.8.0-src,TestDatabaseConfiguration,testGetListWithDelimiterParsingDisabled_1_oe,src/test/java/org/apache/commons/configuration2/TestDatabaseConfiguration.java,,,,assert,unknown
conf_681_1,commons-configuration2-2.8.0-src,TestDatabaseConfiguration,testGetPropertyDirectMultiple_1_oe,src/test/java/org/apache/commons/configuration2/TestDatabaseConfiguration.java,,,,assert,unknown
conf_681_2,commons-configuration2-2.8.0-src,TestDatabaseConfiguration,testGetPropertyDirectMultiple_2_oe,src/test/java/org/apache/commons/configuration2/TestDatabaseConfiguration.java,,,,assert,unknown
conf_681_3,commons-configuration2-2.8.0-src,TestDatabaseConfiguration,testGetPropertyDirectMultiple_3_oe,src/test/java/org/apache/commons/configuration2/TestDatabaseConfiguration.java,,,,assert,unknown
conf_682_1,commons-configuration2-2.8.0-src,TestDatabaseConfiguration,testGetPropertyDirectSingle_1_oe,src/test/java/org/apache/commons/configuration2/TestDatabaseConfiguration.java,,,,assert,unknown
conf_682_2,commons-configuration2-2.8.0-src,TestDatabaseConfiguration,testGetPropertyDirectSingle_2_oe,src/test/java/org/apache/commons/configuration2/TestDatabaseConfiguration.java,,,,assert,unknown
conf_682_3,commons-configuration2-2.8.0-src,TestDatabaseConfiguration,testGetPropertyDirectSingle_3_oe,src/test/java/org/apache/commons/configuration2/TestDatabaseConfiguration.java,,,,assert,unknown
conf_683_1,commons-configuration2-2.8.0-src,TestDatabaseConfiguration,testIsEmptyError_1_oe,src/test/java/org/apache/commons/configuration2/TestDatabaseConfiguration.java,,,,assert,unknown
conf_684_1,commons-configuration2-2.8.0-src,TestDatabaseConfiguration,testIsEmptyMultiple_1_oe,src/test/java/org/apache/commons/configuration2/TestDatabaseConfiguration.java,,,,assert,unknown
conf_684_2,commons-configuration2-2.8.0-src,TestDatabaseConfiguration,testIsEmptyMultiple_2_oe,src/test/java/org/apache/commons/configuration2/TestDatabaseConfiguration.java,,,,assert,unknown
conf_685_1,commons-configuration2-2.8.0-src,TestDatabaseConfiguration,testIsEmptySingle_1_oe,src/test/java/org/apache/commons/configuration2/TestDatabaseConfiguration.java,,,,assert,unknown
conf_686_1,commons-configuration2-2.8.0-src,TestDatabaseConfiguration,testLogErrorListener_1_oe,src/test/java/org/apache/commons/configuration2/TestDatabaseConfiguration.java,,,,assert,unknown
conf_687_1,commons-configuration2-2.8.0-src,TestDatabaseConfiguration,testSetPropertyWithDelimiter_1_oe,src/test/java/org/apache/commons/configuration2/TestDatabaseConfiguration.java,,,,assert,unknown
conf_687_2,commons-configuration2-2.8.0-src,TestDatabaseConfiguration,testSetPropertyWithDelimiter_2_oe,src/test/java/org/apache/commons/configuration2/TestDatabaseConfiguration.java,,,,assert,unknown
conf_688_1,commons-configuration2-2.8.0-src,TestDefaultImmutableConfiguration,testGetDuration_1_oe,src/test/java/org/apache/commons/configuration2/TestDefaultImmutableConfiguration.java,,,,assert,unknown
conf_688_2,commons-configuration2-2.8.0-src,TestDefaultImmutableConfiguration,testGetDuration_2_oe,src/test/java/org/apache/commons/configuration2/TestDefaultImmutableConfiguration.java,,,,assert,unknown
conf_688_3,commons-configuration2-2.8.0-src,TestDefaultImmutableConfiguration,testGetDuration_3_oe,src/test/java/org/apache/commons/configuration2/TestDefaultImmutableConfiguration.java,,,,assert,unknown
conf_688_4,commons-configuration2-2.8.0-src,TestDefaultImmutableConfiguration,testGetDuration_4_oe,src/test/java/org/apache/commons/configuration2/TestDefaultImmutableConfiguration.java,,,,assert,unknown
conf_689_1,commons-configuration2-2.8.0-src,TestPropertiesSequence,testConfigurationValuesInSameOrderFromFile_1_oe,src/test/java/org/apache/commons/configuration2/TestPropertiesSequence.java,,,,assert,unknown
conf_689_2,commons-configuration2-2.8.0-src,TestPropertiesSequence,testConfigurationValuesInSameOrderFromFile_2_oe,src/test/java/org/apache/commons/configuration2/TestPropertiesSequence.java,,,,assert,unknown
conf_689_3,commons-configuration2-2.8.0-src,TestPropertiesSequence,testConfigurationValuesInSameOrderFromFile_3_oe,src/test/java/org/apache/commons/configuration2/TestPropertiesSequence.java,,,,assert,unknown
conf_690_1,commons-configuration2-2.8.0-src,TestPropertiesSequence,testConfigurationValuesInSameOrderWithManualAdd_1_oe,src/test/java/org/apache/commons/configuration2/TestPropertiesSequence.java,,,,assert,unknown
conf_690_2,commons-configuration2-2.8.0-src,TestPropertiesSequence,testConfigurationValuesInSameOrderWithManualAdd_2_oe,src/test/java/org/apache/commons/configuration2/TestPropertiesSequence.java,,,,assert,unknown
conf_690_3,commons-configuration2-2.8.0-src,TestPropertiesSequence,testConfigurationValuesInSameOrderWithManualAdd_3_oe,src/test/java/org/apache/commons/configuration2/TestPropertiesSequence.java,,,,assert,unknown
conf_691_1,commons-configuration2-2.8.0-src,TestDynamicCombinedConfiguration,testConcurrentGetAndReload_1_oe,src/test/java/org/apache/commons/configuration2/TestDynamicCombinedConfiguration.java,,,,assert,unknown
conf_691_2,commons-configuration2-2.8.0-src,TestDynamicCombinedConfiguration,testConcurrentGetAndReload_2_oe,src/test/java/org/apache/commons/configuration2/TestDynamicCombinedConfiguration.java,,,,assert,unknown
conf_692_1,commons-configuration2-2.8.0-src,TestDynamicCombinedConfiguration,testConcurrentGetAndReload2_1_oe,src/test/java/org/apache/commons/configuration2/TestDynamicCombinedConfiguration.java,,,,assert,unknown
conf_692_2,commons-configuration2-2.8.0-src,TestDynamicCombinedConfiguration,testConcurrentGetAndReload2_2_oe,src/test/java/org/apache/commons/configuration2/TestDynamicCombinedConfiguration.java,,,,assert,unknown
conf_692_3,commons-configuration2-2.8.0-src,TestDynamicCombinedConfiguration,testConcurrentGetAndReload2_3_oe,src/test/java/org/apache/commons/configuration2/TestDynamicCombinedConfiguration.java,,,,assert,unknown
conf_693_1,commons-configuration2-2.8.0-src,TestDynamicCombinedConfiguration,testConcurrentGetAndReloadFile_1_oe,src/test/java/org/apache/commons/configuration2/TestDynamicCombinedConfiguration.java,,,,assert,unknown
conf_693_2,commons-configuration2-2.8.0-src,TestDynamicCombinedConfiguration,testConcurrentGetAndReloadFile_2_oe,src/test/java/org/apache/commons/configuration2/TestDynamicCombinedConfiguration.java,,,,assert,unknown
conf_693_3,commons-configuration2-2.8.0-src,TestDynamicCombinedConfiguration,testConcurrentGetAndReloadFile_3_oe,src/test/java/org/apache/commons/configuration2/TestDynamicCombinedConfiguration.java,,,,assert,unknown
conf_693_4,commons-configuration2-2.8.0-src,TestDynamicCombinedConfiguration,testConcurrentGetAndReloadFile_4_oe,src/test/java/org/apache/commons/configuration2/TestDynamicCombinedConfiguration.java,,,,assert,unknown
conf_693_5,commons-configuration2-2.8.0-src,TestDynamicCombinedConfiguration,testConcurrentGetAndReloadFile_5_oe,src/test/java/org/apache/commons/configuration2/TestDynamicCombinedConfiguration.java,,,,assert,unknown
conf_693_6,commons-configuration2-2.8.0-src,TestDynamicCombinedConfiguration,testConcurrentGetAndReloadFile_6_oe,src/test/java/org/apache/commons/configuration2/TestDynamicCombinedConfiguration.java,,,,assert,unknown
conf_694_1,commons-configuration2-2.8.0-src,TestDynamicCombinedConfiguration,testConcurrentGetAndReloadMultipleClients_1_oe,src/test/java/org/apache/commons/configuration2/TestDynamicCombinedConfiguration.java,,,,assert,unknown
conf_694_2,commons-configuration2-2.8.0-src,TestDynamicCombinedConfiguration,testConcurrentGetAndReloadMultipleClients_2_oe,src/test/java/org/apache/commons/configuration2/TestDynamicCombinedConfiguration.java,,,,assert,unknown
conf_695_1,commons-configuration2-2.8.0-src,TestDynamicCombinedConfiguration,testConfiguration_1_oe,src/test/java/org/apache/commons/configuration2/TestDynamicCombinedConfiguration.java,,,,assert,unknown
conf_695_2,commons-configuration2-2.8.0-src,TestDynamicCombinedConfiguration,testConfiguration_2_oe,src/test/java/org/apache/commons/configuration2/TestDynamicCombinedConfiguration.java,,,,assert,unknown
conf_695_3,commons-configuration2-2.8.0-src,TestDynamicCombinedConfiguration,testConfiguration_3_oe,src/test/java/org/apache/commons/configuration2/TestDynamicCombinedConfiguration.java,,,,assert,unknown
conf_695_4,commons-configuration2-2.8.0-src,TestDynamicCombinedConfiguration,testConfiguration_4_oe,src/test/java/org/apache/commons/configuration2/TestDynamicCombinedConfiguration.java,,,,assert,unknown
conf_695_5,commons-configuration2-2.8.0-src,TestDynamicCombinedConfiguration,testConfiguration_5_oe,src/test/java/org/apache/commons/configuration2/TestDynamicCombinedConfiguration.java,,,,assert,unknown
conf_695_6,commons-configuration2-2.8.0-src,TestDynamicCombinedConfiguration,testConfiguration_6_oe,src/test/java/org/apache/commons/configuration2/TestDynamicCombinedConfiguration.java,,,,assert,unknown
conf_695_7,commons-configuration2-2.8.0-src,TestDynamicCombinedConfiguration,testConfiguration_7_oe,src/test/java/org/apache/commons/configuration2/TestDynamicCombinedConfiguration.java,,,,assert,unknown
conf_695_8,commons-configuration2-2.8.0-src,TestDynamicCombinedConfiguration,testConfiguration_8_oe,src/test/java/org/apache/commons/configuration2/TestDynamicCombinedConfiguration.java,,,,assert,unknown
conf_696_1,commons-configuration2-2.8.0-src,TestDynamicCombinedConfiguration,testGetConfigurationByIdxSynchronized_1_oe,src/test/java/org/apache/commons/configuration2/TestDynamicCombinedConfiguration.java,,,,assert,unknown
conf_697_1,commons-configuration2-2.8.0-src,TestDynamicCombinedConfiguration,testGetConfigurationByNameSynchronized_1_oe,src/test/java/org/apache/commons/configuration2/TestDynamicCombinedConfiguration.java,,,,assert,unknown
conf_698_1,commons-configuration2-2.8.0-src,TestDynamicCombinedConfiguration,testUpdateConfiguration_1_oe,src/test/java/org/apache/commons/configuration2/TestDynamicCombinedConfiguration.java,,,,assert,unknown
conf_699_1,commons-configuration2-2.8.0-src,TestPropertiesConfigurationLayout,testBlankLines_1_oe,src/test/java/org/apache/commons/configuration2/TestPropertiesConfigurationLayout.java,,,,assert,unknown
conf_699_2,commons-configuration2-2.8.0-src,TestPropertiesConfigurationLayout,testBlankLines_2_oe,src/test/java/org/apache/commons/configuration2/TestPropertiesConfigurationLayout.java,,,,assert,unknown
conf_699_3,commons-configuration2-2.8.0-src,TestPropertiesConfigurationLayout,testBlankLines_3_oe,src/test/java/org/apache/commons/configuration2/TestPropertiesConfigurationLayout.java,,,,assert,unknown
conf_700_1,commons-configuration2-2.8.0-src,TestPropertiesConfigurationLayout,testBlankLinesWithHeaderComment_1_oe,src/test/java/org/apache/commons/configuration2/TestPropertiesConfigurationLayout.java,,,,assert,unknown
conf_700_2,commons-configuration2-2.8.0-src,TestPropertiesConfigurationLayout,testBlankLinesWithHeaderComment_2_oe,src/test/java/org/apache/commons/configuration2/TestPropertiesConfigurationLayout.java,,,,assert,unknown
conf_700_3,commons-configuration2-2.8.0-src,TestPropertiesConfigurationLayout,testBlankLinesWithHeaderComment_3_oe,src/test/java/org/apache/commons/configuration2/TestPropertiesConfigurationLayout.java,,,,assert,unknown
conf_701_1,commons-configuration2-2.8.0-src,TestPropertiesConfigurationLayout,testCombineComments_1_oe,src/test/java/org/apache/commons/configuration2/TestPropertiesConfigurationLayout.java,,,,assert,unknown
conf_701_2,commons-configuration2-2.8.0-src,TestPropertiesConfigurationLayout,testCombineComments_2_oe,src/test/java/org/apache/commons/configuration2/TestPropertiesConfigurationLayout.java,,,,assert,unknown
conf_702_1,commons-configuration2-2.8.0-src,TestPropertiesConfigurationLayout,testEventAdd_1_oe,src/test/java/org/apache/commons/configuration2/TestPropertiesConfigurationLayout.java,,,,assert,unknown
conf_702_2,commons-configuration2-2.8.0-src,TestPropertiesConfigurationLayout,testEventAdd_2_oe,src/test/java/org/apache/commons/configuration2/TestPropertiesConfigurationLayout.java,,,,assert,unknown
conf_702_3,commons-configuration2-2.8.0-src,TestPropertiesConfigurationLayout,testEventAdd_3_oe,src/test/java/org/apache/commons/configuration2/TestPropertiesConfigurationLayout.java,,,,assert,unknown
conf_702_4,commons-configuration2-2.8.0-src,TestPropertiesConfigurationLayout,testEventAdd_4_oe,src/test/java/org/apache/commons/configuration2/TestPropertiesConfigurationLayout.java,,,,assert,unknown
conf_703_1,commons-configuration2-2.8.0-src,TestPropertiesConfigurationLayout,testEventAddBefore_1_oe,src/test/java/org/apache/commons/configuration2/TestPropertiesConfigurationLayout.java,,,,assert,unknown
conf_704_1,commons-configuration2-2.8.0-src,TestPropertiesConfigurationLayout,testEventAddExisting_1_oe,src/test/java/org/apache/commons/configuration2/TestPropertiesConfigurationLayout.java,,,,assert,unknown
conf_704_2,commons-configuration2-2.8.0-src,TestPropertiesConfigurationLayout,testEventAddExisting_2_oe,src/test/java/org/apache/commons/configuration2/TestPropertiesConfigurationLayout.java,,,,assert,unknown
conf_705_1,commons-configuration2-2.8.0-src,TestPropertiesConfigurationLayout,testEventAddMultiple_1_oe,src/test/java/org/apache/commons/configuration2/TestPropertiesConfigurationLayout.java,,,,assert,unknown
conf_706_1,commons-configuration2-2.8.0-src,TestPropertiesConfigurationLayout,testEventClearConfig_1_oe,src/test/java/org/apache/commons/configuration2/TestPropertiesConfigurationLayout.java,,,,assert,unknown
conf_706_2,commons-configuration2-2.8.0-src,TestPropertiesConfigurationLayout,testEventClearConfig_2_oe,src/test/java/org/apache/commons/configuration2/TestPropertiesConfigurationLayout.java,,,,assert,unknown
conf_707_1,commons-configuration2-2.8.0-src,TestPropertiesConfigurationLayout,testEventDelete_1_oe,src/test/java/org/apache/commons/configuration2/TestPropertiesConfigurationLayout.java,,,,assert,unknown
conf_708_1,commons-configuration2-2.8.0-src,TestPropertiesConfigurationLayout,testEventSetNonExisting_1_oe,src/test/java/org/apache/commons/configuration2/TestPropertiesConfigurationLayout.java,,,,assert,unknown
conf_709_1,commons-configuration2-2.8.0-src,TestPropertiesConfigurationLayout,testGetNonExistingLayouData_1_oe,src/test/java/org/apache/commons/configuration2/TestPropertiesConfigurationLayout.java,,,,assert,unknown
conf_709_2,commons-configuration2-2.8.0-src,TestPropertiesConfigurationLayout,testGetNonExistingLayouData_2_oe,src/test/java/org/apache/commons/configuration2/TestPropertiesConfigurationLayout.java,,,,assert,unknown
conf_709_3,commons-configuration2-2.8.0-src,TestPropertiesConfigurationLayout,testGetNonExistingLayouData_3_oe,src/test/java/org/apache/commons/configuration2/TestPropertiesConfigurationLayout.java,,,,assert,unknown
conf_710_1,commons-configuration2-2.8.0-src,TestPropertiesConfigurationLayout,testHeaderComment_1_oe,src/test/java/org/apache/commons/configuration2/TestPropertiesConfigurationLayout.java,,,,assert,unknown
conf_710_2,commons-configuration2-2.8.0-src,TestPropertiesConfigurationLayout,testHeaderComment_2_oe,src/test/java/org/apache/commons/configuration2/TestPropertiesConfigurationLayout.java,,,,assert,unknown
conf_711_1,commons-configuration2-2.8.0-src,TestPropertiesConfigurationLayout,testHeaderCommentNull_1_oe,src/test/java/org/apache/commons/configuration2/TestPropertiesConfigurationLayout.java,,,,assert,unknown
conf_711_2,commons-configuration2-2.8.0-src,TestPropertiesConfigurationLayout,testHeaderCommentNull_2_oe,src/test/java/org/apache/commons/configuration2/TestPropertiesConfigurationLayout.java,,,,assert,unknown
conf_712_1,commons-configuration2-2.8.0-src,TestPropertiesConfigurationLayout,testHeaderCommentWithBlanks_1_oe,src/test/java/org/apache/commons/configuration2/TestPropertiesConfigurationLayout.java,,,,assert,unknown
conf_712_2,commons-configuration2-2.8.0-src,TestPropertiesConfigurationLayout,testHeaderCommentWithBlanks_2_oe,src/test/java/org/apache/commons/configuration2/TestPropertiesConfigurationLayout.java,,,,assert,unknown
conf_713_1,commons-configuration2-2.8.0-src,TestPropertiesConfigurationLayout,testHeaderCommentWithBlanksAndPresetHeaderComment_1_oe,src/test/java/org/apache/commons/configuration2/TestPropertiesConfigurationLayout.java,,,,assert,unknown
conf_713_2,commons-configuration2-2.8.0-src,TestPropertiesConfigurationLayout,testHeaderCommentWithBlanksAndPresetHeaderComment_2_oe,src/test/java/org/apache/commons/configuration2/TestPropertiesConfigurationLayout.java,,,,assert,unknown
conf_714_1,commons-configuration2-2.8.0-src,TestPropertiesConfigurationLayout,testHeaderCommentWithBlanksAndPropComment_1_oe,src/test/java/org/apache/commons/configuration2/TestPropertiesConfigurationLayout.java,,,,assert,unknown
conf_714_2,commons-configuration2-2.8.0-src,TestPropertiesConfigurationLayout,testHeaderCommentWithBlanksAndPropComment_2_oe,src/test/java/org/apache/commons/configuration2/TestPropertiesConfigurationLayout.java,,,,assert,unknown
conf_715_1,commons-configuration2-2.8.0-src,TestPropertiesConfigurationLayout,testInit_1_oe,src/test/java/org/apache/commons/configuration2/TestPropertiesConfigurationLayout.java,,,,assert,unknown
conf_715_2,commons-configuration2-2.8.0-src,TestPropertiesConfigurationLayout,testInit_2_oe,src/test/java/org/apache/commons/configuration2/TestPropertiesConfigurationLayout.java,,,,assert,unknown
conf_715_3,commons-configuration2-2.8.0-src,TestPropertiesConfigurationLayout,testInit_3_oe,src/test/java/org/apache/commons/configuration2/TestPropertiesConfigurationLayout.java,,,,assert,unknown
conf_715_4,commons-configuration2-2.8.0-src,TestPropertiesConfigurationLayout,testInit_4_oe,src/test/java/org/apache/commons/configuration2/TestPropertiesConfigurationLayout.java,,,,assert,unknown
conf_715_5,commons-configuration2-2.8.0-src,TestPropertiesConfigurationLayout,testInit_5_oe,src/test/java/org/apache/commons/configuration2/TestPropertiesConfigurationLayout.java,,,,assert,unknown
conf_715_6,commons-configuration2-2.8.0-src,TestPropertiesConfigurationLayout,testInit_6_oe,src/test/java/org/apache/commons/configuration2/TestPropertiesConfigurationLayout.java,,,,assert,unknown
conf_715_7,commons-configuration2-2.8.0-src,TestPropertiesConfigurationLayout,testInit_7_oe,src/test/java/org/apache/commons/configuration2/TestPropertiesConfigurationLayout.java,,,,assert,unknown
conf_716_1,commons-configuration2-2.8.0-src,TestPropertiesConfigurationLayout,testInitCopy_1_oe,src/test/java/org/apache/commons/configuration2/TestPropertiesConfigurationLayout.java,,,,assert,unknown
conf_716_2,commons-configuration2-2.8.0-src,TestPropertiesConfigurationLayout,testInitCopy_2_oe,src/test/java/org/apache/commons/configuration2/TestPropertiesConfigurationLayout.java,,,,assert,unknown
conf_716_3,commons-configuration2-2.8.0-src,TestPropertiesConfigurationLayout,testInitCopy_3_oe,src/test/java/org/apache/commons/configuration2/TestPropertiesConfigurationLayout.java,,,,assert,unknown
conf_716_4,commons-configuration2-2.8.0-src,TestPropertiesConfigurationLayout,testInitCopy_4_oe,src/test/java/org/apache/commons/configuration2/TestPropertiesConfigurationLayout.java,,,,assert,unknown
conf_717_1,commons-configuration2-2.8.0-src,TestPropertiesConfigurationLayout,testInitCopyModify_1_oe,src/test/java/org/apache/commons/configuration2/TestPropertiesConfigurationLayout.java,,,,assert,unknown
conf_717_2,commons-configuration2-2.8.0-src,TestPropertiesConfigurationLayout,testInitCopyModify_2_oe,src/test/java/org/apache/commons/configuration2/TestPropertiesConfigurationLayout.java,,,,assert,unknown
conf_717_3,commons-configuration2-2.8.0-src,TestPropertiesConfigurationLayout,testInitCopyModify_3_oe,src/test/java/org/apache/commons/configuration2/TestPropertiesConfigurationLayout.java,,,,assert,unknown
conf_718_1,commons-configuration2-2.8.0-src,TestPropertiesConfigurationLayout,testInitNull_1_oe,src/test/java/org/apache/commons/configuration2/TestPropertiesConfigurationLayout.java,,,,assert,unknown
conf_719_1,commons-configuration2-2.8.0-src,TestPropertiesConfigurationLayout,testIsSingleLine_1_oe,src/test/java/org/apache/commons/configuration2/TestPropertiesConfigurationLayout.java,,,,assert,unknown
conf_719_2,commons-configuration2-2.8.0-src,TestPropertiesConfigurationLayout,testIsSingleLine_2_oe,src/test/java/org/apache/commons/configuration2/TestPropertiesConfigurationLayout.java,,,,assert,unknown
conf_720_1,commons-configuration2-2.8.0-src,TestPropertiesConfigurationLayout,testIsSingleLineMulti_1_oe,src/test/java/org/apache/commons/configuration2/TestPropertiesConfigurationLayout.java,,,,assert,unknown
conf_720_2,commons-configuration2-2.8.0-src,TestPropertiesConfigurationLayout,testIsSingleLineMulti_2_oe,src/test/java/org/apache/commons/configuration2/TestPropertiesConfigurationLayout.java,,,,assert,unknown
conf_721_1,commons-configuration2-2.8.0-src,TestPropertiesConfigurationLayout,testLineWithBlank_1_oe,src/test/java/org/apache/commons/configuration2/TestPropertiesConfigurationLayout.java,,,,assert,unknown
conf_722_1,commons-configuration2-2.8.0-src,TestPropertiesConfigurationLayout,testReadSimple_1_oe,src/test/java/org/apache/commons/configuration2/TestPropertiesConfigurationLayout.java,,,,assert,unknown
conf_722_2,commons-configuration2-2.8.0-src,TestPropertiesConfigurationLayout,testReadSimple_2_oe,src/test/java/org/apache/commons/configuration2/TestPropertiesConfigurationLayout.java,,,,assert,unknown
conf_722_3,commons-configuration2-2.8.0-src,TestPropertiesConfigurationLayout,testReadSimple_3_oe,src/test/java/org/apache/commons/configuration2/TestPropertiesConfigurationLayout.java,,,,assert,unknown
conf_722_4,commons-configuration2-2.8.0-src,TestPropertiesConfigurationLayout,testReadSimple_4_oe,src/test/java/org/apache/commons/configuration2/TestPropertiesConfigurationLayout.java,,,,assert,unknown
conf_722_5,commons-configuration2-2.8.0-src,TestPropertiesConfigurationLayout,testReadSimple_5_oe,src/test/java/org/apache/commons/configuration2/TestPropertiesConfigurationLayout.java,,,,assert,unknown
conf_722_6,commons-configuration2-2.8.0-src,TestPropertiesConfigurationLayout,testReadSimple_6_oe,src/test/java/org/apache/commons/configuration2/TestPropertiesConfigurationLayout.java,,,,assert,unknown
conf_722_7,commons-configuration2-2.8.0-src,TestPropertiesConfigurationLayout,testReadSimple_7_oe,src/test/java/org/apache/commons/configuration2/TestPropertiesConfigurationLayout.java,,,,assert,unknown
conf_723_1,commons-configuration2-2.8.0-src,TestPropertiesConfigurationLayout,testRecursiveLoadCall_1_oe,src/test/java/org/apache/commons/configuration2/TestPropertiesConfigurationLayout.java,,,,assert,unknown
conf_723_2,commons-configuration2-2.8.0-src,TestPropertiesConfigurationLayout,testRecursiveLoadCall_2_oe,src/test/java/org/apache/commons/configuration2/TestPropertiesConfigurationLayout.java,,,,assert,unknown
conf_723_3,commons-configuration2-2.8.0-src,TestPropertiesConfigurationLayout,testRecursiveLoadCall_3_oe,src/test/java/org/apache/commons/configuration2/TestPropertiesConfigurationLayout.java,,,,assert,unknown
conf_724_1,commons-configuration2-2.8.0-src,TestPropertiesConfigurationLayout,testSaveCommentForUnexistingProperty_1_oe,src/test/java/org/apache/commons/configuration2/TestPropertiesConfigurationLayout.java,,,,assert,unknown
conf_724_2,commons-configuration2-2.8.0-src,TestPropertiesConfigurationLayout,testSaveCommentForUnexistingProperty_2_oe,src/test/java/org/apache/commons/configuration2/TestPropertiesConfigurationLayout.java,,,,assert,unknown
conf_725_1,commons-configuration2-2.8.0-src,TestPropertiesConfigurationLayout,testSetNullComment_1_oe,src/test/java/org/apache/commons/configuration2/TestPropertiesConfigurationLayout.java,,,,assert,unknown
conf_726_1,commons-configuration2-2.8.0-src,TestPropertiesConfigurationLayout,testTrimComment_1_oe,src/test/java/org/apache/commons/configuration2/TestPropertiesConfigurationLayout.java,,,,assert,unknown
conf_727_1,commons-configuration2-2.8.0-src,TestPropertiesConfigurationLayout,testTrimCommentFalse_1_oe,src/test/java/org/apache/commons/configuration2/TestPropertiesConfigurationLayout.java,,,,assert,unknown
conf_728_1,commons-configuration2-2.8.0-src,TestPropertiesConfigurationLayout,testTrimCommentTrainlingCR_1_oe,src/test/java/org/apache/commons/configuration2/TestPropertiesConfigurationLayout.java,,,,assert,unknown
conf_729_1,commons-configuration2-2.8.0-src,TestMapConfiguration,testAddProperty_1_oe,src/test/java/org/apache/commons/configuration2/TestMapConfiguration.java,,,,assert,unknown
conf_730_1,commons-configuration2-2.8.0-src,TestMapConfiguration,testClone_1_oe,src/test/java/org/apache/commons/configuration2/TestMapConfiguration.java,,,,assert,unknown
conf_731_1,commons-configuration2-2.8.0-src,TestMapConfiguration,testCloneInterpolation_1_oe,src/test/java/org/apache/commons/configuration2/TestMapConfiguration.java,,,,assert,unknown
conf_731_2,commons-configuration2-2.8.0-src,TestMapConfiguration,testCloneInterpolation_2_oe,src/test/java/org/apache/commons/configuration2/TestMapConfiguration.java,,,,assert,unknown
conf_732_1,commons-configuration2-2.8.0-src,TestMapConfiguration,testCloneModify_1_oe,src/test/java/org/apache/commons/configuration2/TestMapConfiguration.java,,,,assert,unknown
conf_732_2,commons-configuration2-2.8.0-src,TestMapConfiguration,testCloneModify_2_oe,src/test/java/org/apache/commons/configuration2/TestMapConfiguration.java,,,,assert,unknown
conf_732_3,commons-configuration2-2.8.0-src,TestMapConfiguration,testCloneModify_3_oe,src/test/java/org/apache/commons/configuration2/TestMapConfiguration.java,,,,assert,unknown
conf_733_1,commons-configuration2-2.8.0-src,TestMapConfiguration,testGetMap_1_oe,src/test/java/org/apache/commons/configuration2/TestMapConfiguration.java,,,,assert,unknown
conf_734_1,commons-configuration2-2.8.0-src,TestMapConfiguration,testGetPropertyTrim_1_oe,src/test/java/org/apache/commons/configuration2/TestMapConfiguration.java,,,,assert,unknown
conf_735_1,commons-configuration2-2.8.0-src,TestMapConfiguration,testGetPropertyTrimDisabled_1_oe,src/test/java/org/apache/commons/configuration2/TestMapConfiguration.java,,,,assert,unknown
conf_736_1,commons-configuration2-2.8.0-src,TestMapConfiguration,testGetPropertyTrimNoSplit_1_oe,src/test/java/org/apache/commons/configuration2/TestMapConfiguration.java,,,,assert,unknown
conf_737_1,commons-configuration2-2.8.0-src,TestSubsetConfiguration,testClear_1_oe,src/test/java/org/apache/commons/configuration2/TestSubsetConfiguration.java,,,,assert,unknown
conf_737_2,commons-configuration2-2.8.0-src,TestSubsetConfiguration,testClear_2_oe,src/test/java/org/apache/commons/configuration2/TestSubsetConfiguration.java,,,,assert,unknown
conf_738_1,commons-configuration2-2.8.0-src,TestSubsetConfiguration,testGetChildKey_1_oe,src/test/java/org/apache/commons/configuration2/TestSubsetConfiguration.java,,,,assert,unknown
conf_738_2,commons-configuration2-2.8.0-src,TestSubsetConfiguration,testGetChildKey_2_oe,src/test/java/org/apache/commons/configuration2/TestSubsetConfiguration.java,,,,assert,unknown
conf_738_3,commons-configuration2-2.8.0-src,TestSubsetConfiguration,testGetChildKey_3_oe,src/test/java/org/apache/commons/configuration2/TestSubsetConfiguration.java,,,,assert,unknown
conf_738_4,commons-configuration2-2.8.0-src,TestSubsetConfiguration,testGetChildKey_4_oe,src/test/java/org/apache/commons/configuration2/TestSubsetConfiguration.java,,,,assert,unknown
conf_739_1,commons-configuration2-2.8.0-src,TestSubsetConfiguration,testGetKeys_1_oe,src/test/java/org/apache/commons/configuration2/TestSubsetConfiguration.java,,,,assert,unknown
conf_739_2,commons-configuration2-2.8.0-src,TestSubsetConfiguration,testGetKeys_2_oe,src/test/java/org/apache/commons/configuration2/TestSubsetConfiguration.java,,,,assert,unknown
conf_739_3,commons-configuration2-2.8.0-src,TestSubsetConfiguration,testGetKeys_3_oe,src/test/java/org/apache/commons/configuration2/TestSubsetConfiguration.java,,,,assert,unknown
conf_740_1,commons-configuration2-2.8.0-src,TestSubsetConfiguration,testGetKeysWithPrefix_1_oe,src/test/java/org/apache/commons/configuration2/TestSubsetConfiguration.java,,,,assert,unknown
conf_740_2,commons-configuration2-2.8.0-src,TestSubsetConfiguration,testGetKeysWithPrefix_2_oe,src/test/java/org/apache/commons/configuration2/TestSubsetConfiguration.java,,,,assert,unknown
conf_740_3,commons-configuration2-2.8.0-src,TestSubsetConfiguration,testGetKeysWithPrefix_3_oe,src/test/java/org/apache/commons/configuration2/TestSubsetConfiguration.java,,,,assert,unknown
conf_741_1,commons-configuration2-2.8.0-src,TestSubsetConfiguration,testGetList_1_oe,src/test/java/org/apache/commons/configuration2/TestSubsetConfiguration.java,,,,assert,unknown
conf_742_1,commons-configuration2-2.8.0-src,TestSubsetConfiguration,testGetListDelimiterHandlerFromParent_1_oe,src/test/java/org/apache/commons/configuration2/TestSubsetConfiguration.java,,,,assert,unknown
conf_743_1,commons-configuration2-2.8.0-src,TestSubsetConfiguration,testGetParent_1_oe,src/test/java/org/apache/commons/configuration2/TestSubsetConfiguration.java,,,,assert,unknown
conf_744_1,commons-configuration2-2.8.0-src,TestSubsetConfiguration,testGetParentKey_1_oe,src/test/java/org/apache/commons/configuration2/TestSubsetConfiguration.java,,,,assert,unknown
conf_744_2,commons-configuration2-2.8.0-src,TestSubsetConfiguration,testGetParentKey_2_oe,src/test/java/org/apache/commons/configuration2/TestSubsetConfiguration.java,,,,assert,unknown
conf_744_3,commons-configuration2-2.8.0-src,TestSubsetConfiguration,testGetParentKey_3_oe,src/test/java/org/apache/commons/configuration2/TestSubsetConfiguration.java,,,,assert,unknown
conf_744_4,commons-configuration2-2.8.0-src,TestSubsetConfiguration,testGetParentKey_4_oe,src/test/java/org/apache/commons/configuration2/TestSubsetConfiguration.java,,,,assert,unknown
conf_745_1,commons-configuration2-2.8.0-src,TestSubsetConfiguration,testGetPrefix_1_oe,src/test/java/org/apache/commons/configuration2/TestSubsetConfiguration.java,,,,assert,unknown
conf_746_1,commons-configuration2-2.8.0-src,TestSubsetConfiguration,testGetProperty_1_oe,src/test/java/org/apache/commons/configuration2/TestSubsetConfiguration.java,,,,assert,unknown
conf_746_2,commons-configuration2-2.8.0-src,TestSubsetConfiguration,testGetProperty_2_oe,src/test/java/org/apache/commons/configuration2/TestSubsetConfiguration.java,,,,assert,unknown
conf_746_3,commons-configuration2-2.8.0-src,TestSubsetConfiguration,testGetProperty_3_oe,src/test/java/org/apache/commons/configuration2/TestSubsetConfiguration.java,,,,assert,unknown
conf_747_1,commons-configuration2-2.8.0-src,TestSubsetConfiguration,testInterpolationForKeysOfTheParent_1_oe,src/test/java/org/apache/commons/configuration2/TestSubsetConfiguration.java,,,,assert,unknown
conf_748_1,commons-configuration2-2.8.0-src,TestSubsetConfiguration,testListDelimiterHandling_1_oe,src/test/java/org/apache/commons/configuration2/TestSubsetConfiguration.java,,,,assert,unknown
conf_748_2,commons-configuration2-2.8.0-src,TestSubsetConfiguration,testListDelimiterHandling_2_oe,src/test/java/org/apache/commons/configuration2/TestSubsetConfiguration.java,,,,assert,unknown
conf_749_1,commons-configuration2-2.8.0-src,TestSubsetConfiguration,testLocalLookupsInInterpolatorAreInherited_1_oe,src/test/java/org/apache/commons/configuration2/TestSubsetConfiguration.java,,,,assert,unknown
conf_750_1,commons-configuration2-2.8.0-src,TestSubsetConfiguration,testNested_1_oe,src/test/java/org/apache/commons/configuration2/TestSubsetConfiguration.java,,,,assert,unknown
conf_750_2,commons-configuration2-2.8.0-src,TestSubsetConfiguration,testNested_2_oe,src/test/java/org/apache/commons/configuration2/TestSubsetConfiguration.java,,,,assert,unknown
conf_750_3,commons-configuration2-2.8.0-src,TestSubsetConfiguration,testNested_3_oe,src/test/java/org/apache/commons/configuration2/TestSubsetConfiguration.java,,,,assert,unknown
conf_751_1,commons-configuration2-2.8.0-src,TestSubsetConfiguration,testSetListDelimiterHandlerInParent_1_oe,src/test/java/org/apache/commons/configuration2/TestSubsetConfiguration.java,,,,assert,unknown
conf_752_1,commons-configuration2-2.8.0-src,TestSubsetConfiguration,testSetListDelimiterHandlerParentNotSupported_1_oe,src/test/java/org/apache/commons/configuration2/TestSubsetConfiguration.java,,,,assert,unknown
conf_753_1,commons-configuration2-2.8.0-src,TestSubsetConfiguration,testSetPrefix_1_oe,src/test/java/org/apache/commons/configuration2/TestSubsetConfiguration.java,,,,assert,unknown
conf_754_1,commons-configuration2-2.8.0-src,TestSubsetConfiguration,testSetProperty_1_oe,src/test/java/org/apache/commons/configuration2/TestSubsetConfiguration.java,,,,assert,unknown
conf_754_2,commons-configuration2-2.8.0-src,TestSubsetConfiguration,testSetProperty_2_oe,src/test/java/org/apache/commons/configuration2/TestSubsetConfiguration.java,,,,assert,unknown
conf_754_3,commons-configuration2-2.8.0-src,TestSubsetConfiguration,testSetProperty_3_oe,src/test/java/org/apache/commons/configuration2/TestSubsetConfiguration.java,,,,assert,unknown
conf_754_4,commons-configuration2-2.8.0-src,TestSubsetConfiguration,testSetProperty_4_oe,src/test/java/org/apache/commons/configuration2/TestSubsetConfiguration.java,,,,assert,unknown
conf_755_2,commons-configuration2-2.8.0-src,TestSubsetConfiguration,testThrowExceptionOnMissing_2_oe,src/test/java/org/apache/commons/configuration2/TestSubsetConfiguration.java,,,,assert,unknown
conf_756_1,commons-configuration2-2.8.0-src,TestPatternSubtreeConfiguration,testMultiConfiguration_1_oe,src/test/java/org/apache/commons/configuration2/TestPatternSubtreeConfiguration.java,,,,assert,unknown
conf_756_2,commons-configuration2-2.8.0-src,TestPatternSubtreeConfiguration,testMultiConfiguration_2_oe,src/test/java/org/apache/commons/configuration2/TestPatternSubtreeConfiguration.java,,,,assert,unknown
conf_756_3,commons-configuration2-2.8.0-src,TestPatternSubtreeConfiguration,testMultiConfiguration_3_oe,src/test/java/org/apache/commons/configuration2/TestPatternSubtreeConfiguration.java,,,,assert,unknown
conf_757_2,commons-configuration2-2.8.0-src,TestImmutableConfiguration,testExceptionHandling_2_oe,src/test/java/org/apache/commons/configuration2/TestImmutableConfiguration.java,,,,assert,unknown
conf_758_1,commons-configuration2-2.8.0-src,TestImmutableConfiguration,testImmutableSubset_1_oe,src/test/java/org/apache/commons/configuration2/TestImmutableConfiguration.java,,,,assert,unknown
conf_758_2,commons-configuration2-2.8.0-src,TestImmutableConfiguration,testImmutableSubset_2_oe,src/test/java/org/apache/commons/configuration2/TestImmutableConfiguration.java,,,,assert,unknown
conf_759_1,commons-configuration2-2.8.0-src,TestImmutableConfiguration,testUnmodifiableConfigurationAccess_1_oe,src/test/java/org/apache/commons/configuration2/TestImmutableConfiguration.java,,,,assert,unknown
conf_759_2,commons-configuration2-2.8.0-src,TestImmutableConfiguration,testUnmodifiableConfigurationAccess_2_oe,src/test/java/org/apache/commons/configuration2/TestImmutableConfiguration.java,,,,assert,unknown
conf_759_3,commons-configuration2-2.8.0-src,TestImmutableConfiguration,testUnmodifiableConfigurationAccess_3_oe,src/test/java/org/apache/commons/configuration2/TestImmutableConfiguration.java,,,,assert,unknown
conf_760_1,commons-configuration2-2.8.0-src,TestImmutableConfiguration,testUnmodifiableConfigurationIterate_1_oe,src/test/java/org/apache/commons/configuration2/TestImmutableConfiguration.java,,,,assert,unknown
conf_761_1,commons-configuration2-2.8.0-src,TestImmutableConfiguration,testUnmodifiableConfigurationLiveUpdate_1_oe,src/test/java/org/apache/commons/configuration2/TestImmutableConfiguration.java,,,,assert,unknown
conf_762_1,commons-configuration2-2.8.0-src,TestImmutableConfiguration,testUnmodifiableConfigurationOtherTypes_1_oe,src/test/java/org/apache/commons/configuration2/TestImmutableConfiguration.java,,,,assert,unknown
conf_762_2,commons-configuration2-2.8.0-src,TestImmutableConfiguration,testUnmodifiableConfigurationOtherTypes_2_oe,src/test/java/org/apache/commons/configuration2/TestImmutableConfiguration.java,,,,assert,unknown
conf_762_3,commons-configuration2-2.8.0-src,TestImmutableConfiguration,testUnmodifiableConfigurationOtherTypes_3_oe,src/test/java/org/apache/commons/configuration2/TestImmutableConfiguration.java,,,,assert,unknown
conf_762_4,commons-configuration2-2.8.0-src,TestImmutableConfiguration,testUnmodifiableConfigurationOtherTypes_4_oe,src/test/java/org/apache/commons/configuration2/TestImmutableConfiguration.java,,,,assert,unknown
conf_762_5,commons-configuration2-2.8.0-src,TestImmutableConfiguration,testUnmodifiableConfigurationOtherTypes_5_oe,src/test/java/org/apache/commons/configuration2/TestImmutableConfiguration.java,,,,assert,unknown
conf_762_6,commons-configuration2-2.8.0-src,TestImmutableConfiguration,testUnmodifiableConfigurationOtherTypes_6_oe,src/test/java/org/apache/commons/configuration2/TestImmutableConfiguration.java,,,,assert,unknown
conf_762_7,commons-configuration2-2.8.0-src,TestImmutableConfiguration,testUnmodifiableConfigurationOtherTypes_7_oe,src/test/java/org/apache/commons/configuration2/TestImmutableConfiguration.java,,,,assert,unknown
conf_763_1,commons-configuration2-2.8.0-src,TestImmutableConfiguration,testUnmodifiableHierarchicalConfiguration_1_oe,src/test/java/org/apache/commons/configuration2/TestImmutableConfiguration.java,,,,assert,unknown
conf_763_2,commons-configuration2-2.8.0-src,TestImmutableConfiguration,testUnmodifiableHierarchicalConfiguration_2_oe,src/test/java/org/apache/commons/configuration2/TestImmutableConfiguration.java,,,,assert,unknown
conf_764_1,commons-configuration2-2.8.0-src,TestJNDIEnvironmentValues,testClearProperty_1_oe,src/test/java/org/apache/commons/configuration2/TestJNDIEnvironmentValues.java,,,,assert,unknown
conf_764_2,commons-configuration2-2.8.0-src,TestJNDIEnvironmentValues,testClearProperty_2_oe,src/test/java/org/apache/commons/configuration2/TestJNDIEnvironmentValues.java,,,,assert,unknown
conf_765_1,commons-configuration2-2.8.0-src,TestJNDIEnvironmentValues,testContainsKey_1_oe,src/test/java/org/apache/commons/configuration2/TestJNDIEnvironmentValues.java,,,,assert,unknown
conf_765_2,commons-configuration2-2.8.0-src,TestJNDIEnvironmentValues,testContainsKey_2_oe,src/test/java/org/apache/commons/configuration2/TestJNDIEnvironmentValues.java,,,,assert,unknown
conf_766_1,commons-configuration2-2.8.0-src,TestJNDIEnvironmentValues,testGetKeys_1_oe,src/test/java/org/apache/commons/configuration2/TestJNDIEnvironmentValues.java,,,,assert,unknown
conf_766_2,commons-configuration2-2.8.0-src,TestJNDIEnvironmentValues,testGetKeys_2_oe,src/test/java/org/apache/commons/configuration2/TestJNDIEnvironmentValues.java,,,,assert,unknown
conf_767_1,commons-configuration2-2.8.0-src,TestJNDIEnvironmentValues,testGetKeysWithExistingPrefix_1_oe,src/test/java/org/apache/commons/configuration2/TestJNDIEnvironmentValues.java,,,,assert,unknown
conf_768_1,commons-configuration2-2.8.0-src,TestJNDIEnvironmentValues,testGetKeysWithKeyAsPrefix_1_oe,src/test/java/org/apache/commons/configuration2/TestJNDIEnvironmentValues.java,,,,assert,unknown
conf_769_1,commons-configuration2-2.8.0-src,TestJNDIEnvironmentValues,testGetKeysWithUnknownPrefix_1_oe,src/test/java/org/apache/commons/configuration2/TestJNDIEnvironmentValues.java,,,,assert,unknown
conf_770_1,commons-configuration2-2.8.0-src,TestJNDIEnvironmentValues,testGetMissingKeyWithDefault_1_oe,src/test/java/org/apache/commons/configuration2/TestJNDIEnvironmentValues.java,,,,assert,unknown
conf_771_1,commons-configuration2-2.8.0-src,TestJNDIEnvironmentValues,testIsEmpty_1_oe,src/test/java/org/apache/commons/configuration2/TestJNDIEnvironmentValues.java,,,,assert,unknown
conf_772_1,commons-configuration2-2.8.0-src,TestJNDIEnvironmentValues,testMoreGets_1_oe,src/test/java/org/apache/commons/configuration2/TestJNDIEnvironmentValues.java,,,,assert,unknown
conf_772_2,commons-configuration2-2.8.0-src,TestJNDIEnvironmentValues,testMoreGets_2_oe,src/test/java/org/apache/commons/configuration2/TestJNDIEnvironmentValues.java,,,,assert,unknown
conf_772_3,commons-configuration2-2.8.0-src,TestJNDIEnvironmentValues,testMoreGets_3_oe,src/test/java/org/apache/commons/configuration2/TestJNDIEnvironmentValues.java,,,,assert,unknown
conf_773_1,commons-configuration2-2.8.0-src,TestJNDIEnvironmentValues,testSimpleGet_1_oe,src/test/java/org/apache/commons/configuration2/TestJNDIEnvironmentValues.java,,,,assert,unknown
conf_774_1,commons-configuration2-2.8.0-src,TestJNDIEnvironmentValues,testThrowExceptionOnMissing_1_oe,src/test/java/org/apache/commons/configuration2/TestJNDIEnvironmentValues.java,,,,assert,unknown
conf_775_1,commons-configuration2-2.8.0-src,TestXMLListHandling,testMixedList_1_oe,src/test/java/org/apache/commons/configuration2/TestXMLListHandling.java,,,,assert,unknown
conf_775_2,commons-configuration2-2.8.0-src,TestXMLListHandling,testMixedList_2_oe,src/test/java/org/apache/commons/configuration2/TestXMLListHandling.java,,,,assert,unknown
conf_776_1,commons-configuration2-2.8.0-src,NonStringTestHolder,testBoolean_1_oe,src/test/java/org/apache/commons/configuration2/NonStringTestHolder.java,,,,assert,unknown
conf_776_2,commons-configuration2-2.8.0-src,NonStringTestHolder,testBoolean_2_oe,src/test/java/org/apache/commons/configuration2/NonStringTestHolder.java,,,,assert,unknown
conf_777_1,commons-configuration2-2.8.0-src,NonStringTestHolder,testBooleanDefaultValue_1_oe,src/test/java/org/apache/commons/configuration2/NonStringTestHolder.java,,,,assert,unknown
conf_777_2,commons-configuration2-2.8.0-src,NonStringTestHolder,testBooleanDefaultValue_2_oe,src/test/java/org/apache/commons/configuration2/NonStringTestHolder.java,,,,assert,unknown
conf_778_1,commons-configuration2-2.8.0-src,NonStringTestHolder,testByte_1_oe,src/test/java/org/apache/commons/configuration2/NonStringTestHolder.java,,,,assert,unknown
conf_778_2,commons-configuration2-2.8.0-src,NonStringTestHolder,testByte_2_oe,src/test/java/org/apache/commons/configuration2/NonStringTestHolder.java,,,,assert,unknown
conf_779_1,commons-configuration2-2.8.0-src,NonStringTestHolder,testDouble_1_oe,src/test/java/org/apache/commons/configuration2/NonStringTestHolder.java,,,,assert,unknown
conf_779_2,commons-configuration2-2.8.0-src,NonStringTestHolder,testDouble_2_oe,src/test/java/org/apache/commons/configuration2/NonStringTestHolder.java,,,,assert,unknown
conf_780_1,commons-configuration2-2.8.0-src,NonStringTestHolder,testDoubleDefaultValue_1_oe,src/test/java/org/apache/commons/configuration2/NonStringTestHolder.java,,,,assert,unknown
conf_781_1,commons-configuration2-2.8.0-src,NonStringTestHolder,testFloat_1_oe,src/test/java/org/apache/commons/configuration2/NonStringTestHolder.java,,,,assert,unknown
conf_781_2,commons-configuration2-2.8.0-src,NonStringTestHolder,testFloat_2_oe,src/test/java/org/apache/commons/configuration2/NonStringTestHolder.java,,,,assert,unknown
conf_782_1,commons-configuration2-2.8.0-src,NonStringTestHolder,testFloatDefaultValue_1_oe,src/test/java/org/apache/commons/configuration2/NonStringTestHolder.java,,,,assert,unknown
conf_783_1,commons-configuration2-2.8.0-src,NonStringTestHolder,testInteger_1_oe,src/test/java/org/apache/commons/configuration2/NonStringTestHolder.java,,,,assert,unknown
conf_783_2,commons-configuration2-2.8.0-src,NonStringTestHolder,testInteger_2_oe,src/test/java/org/apache/commons/configuration2/NonStringTestHolder.java,,,,assert,unknown
conf_784_1,commons-configuration2-2.8.0-src,NonStringTestHolder,testIntegerDefaultValue_1_oe,src/test/java/org/apache/commons/configuration2/NonStringTestHolder.java,,,,assert,unknown
conf_785_1,commons-configuration2-2.8.0-src,NonStringTestHolder,testIsEmpty_1_oe,src/test/java/org/apache/commons/configuration2/NonStringTestHolder.java,,,,assert,unknown
conf_786_1,commons-configuration2-2.8.0-src,NonStringTestHolder,testListMissing_1_oe,src/test/java/org/apache/commons/configuration2/NonStringTestHolder.java,,,,assert,unknown
conf_787_1,commons-configuration2-2.8.0-src,NonStringTestHolder,testLong_1_oe,src/test/java/org/apache/commons/configuration2/NonStringTestHolder.java,,,,assert,unknown
conf_787_2,commons-configuration2-2.8.0-src,NonStringTestHolder,testLong_2_oe,src/test/java/org/apache/commons/configuration2/NonStringTestHolder.java,,,,assert,unknown
conf_788_1,commons-configuration2-2.8.0-src,NonStringTestHolder,testLongDefaultValue_1_oe,src/test/java/org/apache/commons/configuration2/NonStringTestHolder.java,,,,assert,unknown
conf_789_1,commons-configuration2-2.8.0-src,NonStringTestHolder,testShort_1_oe,src/test/java/org/apache/commons/configuration2/NonStringTestHolder.java,,,,assert,unknown
conf_789_2,commons-configuration2-2.8.0-src,NonStringTestHolder,testShort_2_oe,src/test/java/org/apache/commons/configuration2/NonStringTestHolder.java,,,,assert,unknown
conf_790_1,commons-configuration2-2.8.0-src,NonStringTestHolder,testShortDefaultValue_1_oe,src/test/java/org/apache/commons/configuration2/NonStringTestHolder.java,,,,assert,unknown
conf_791_1,commons-configuration2-2.8.0-src,NonStringTestHolder,testSubset_1_oe,src/test/java/org/apache/commons/configuration2/NonStringTestHolder.java,,,,assert,unknown
conf_793_1,commons-configuration2-2.8.0-src,TestSystemConfiguration,testChangeSystemProperties_1_oe,src/test/java/org/apache/commons/configuration2/TestSystemConfiguration.java,,,,assert,unknown
conf_794_1,commons-configuration2-2.8.0-src,TestSystemConfiguration,testSetSystemProperties_1_oe,src/test/java/org/apache/commons/configuration2/TestSystemConfiguration.java,,,,assert,unknown
conf_795_1,commons-configuration2-2.8.0-src,TestSystemConfiguration,testSetSystemPropertiesFromPropertiesFile_1_oe,src/test/java/org/apache/commons/configuration2/TestSystemConfiguration.java,,,,assert,unknown
conf_796_1,commons-configuration2-2.8.0-src,TestSystemConfiguration,testSystemConfiguration_1_oe,src/test/java/org/apache/commons/configuration2/TestSystemConfiguration.java,,,,assert,unknown
conf_797_1,commons-configuration2-2.8.0-src,TestAbstractHierarchicalConfiguration,testAddNodes_1_oe,src/test/java/org/apache/commons/configuration2/TestAbstractHierarchicalConfiguration.java,,,,assert,unknown
conf_797_2,commons-configuration2-2.8.0-src,TestAbstractHierarchicalConfiguration,testAddNodes_2_oe,src/test/java/org/apache/commons/configuration2/TestAbstractHierarchicalConfiguration.java,,,,assert,unknown
conf_797_3,commons-configuration2-2.8.0-src,TestAbstractHierarchicalConfiguration,testAddNodes_3_oe,src/test/java/org/apache/commons/configuration2/TestAbstractHierarchicalConfiguration.java,,,,assert,unknown
conf_797_4,commons-configuration2-2.8.0-src,TestAbstractHierarchicalConfiguration,testAddNodes_4_oe,src/test/java/org/apache/commons/configuration2/TestAbstractHierarchicalConfiguration.java,,,,assert,unknown
conf_798_1,commons-configuration2-2.8.0-src,TestAbstractHierarchicalConfiguration,testAddNodesCopy_1_oe,src/test/java/org/apache/commons/configuration2/TestAbstractHierarchicalConfiguration.java,,,,assert,unknown
conf_798_2,commons-configuration2-2.8.0-src,TestAbstractHierarchicalConfiguration,testAddNodesCopy_2_oe,src/test/java/org/apache/commons/configuration2/TestAbstractHierarchicalConfiguration.java,,,,assert,unknown
conf_798_3,commons-configuration2-2.8.0-src,TestAbstractHierarchicalConfiguration,testAddNodesCopy_3_oe,src/test/java/org/apache/commons/configuration2/TestAbstractHierarchicalConfiguration.java,,,,assert,unknown
conf_799_1,commons-configuration2-2.8.0-src,TestAbstractHierarchicalConfiguration,testAddNodesForNonExistingKey_1_oe,src/test/java/org/apache/commons/configuration2/TestAbstractHierarchicalConfiguration.java,,,,assert,unknown
conf_799_2,commons-configuration2-2.8.0-src,TestAbstractHierarchicalConfiguration,testAddNodesForNonExistingKey_2_oe,src/test/java/org/apache/commons/configuration2/TestAbstractHierarchicalConfiguration.java,,,,assert,unknown
conf_800_1,commons-configuration2-2.8.0-src,TestAbstractHierarchicalConfiguration,testAddProperty_1_oe,src/test/java/org/apache/commons/configuration2/TestAbstractHierarchicalConfiguration.java,,,,assert,unknown
conf_800_2,commons-configuration2-2.8.0-src,TestAbstractHierarchicalConfiguration,testAddProperty_2_oe,src/test/java/org/apache/commons/configuration2/TestAbstractHierarchicalConfiguration.java,,,,assert,unknown
conf_800_3,commons-configuration2-2.8.0-src,TestAbstractHierarchicalConfiguration,testAddProperty_3_oe,src/test/java/org/apache/commons/configuration2/TestAbstractHierarchicalConfiguration.java,,,,assert,unknown
conf_800_4,commons-configuration2-2.8.0-src,TestAbstractHierarchicalConfiguration,testAddProperty_4_oe,src/test/java/org/apache/commons/configuration2/TestAbstractHierarchicalConfiguration.java,,,,assert,unknown
conf_800_5,commons-configuration2-2.8.0-src,TestAbstractHierarchicalConfiguration,testAddProperty_5_oe,src/test/java/org/apache/commons/configuration2/TestAbstractHierarchicalConfiguration.java,,,,assert,unknown
conf_800_6,commons-configuration2-2.8.0-src,TestAbstractHierarchicalConfiguration,testAddProperty_6_oe,src/test/java/org/apache/commons/configuration2/TestAbstractHierarchicalConfiguration.java,,,,assert,unknown
conf_800_7,commons-configuration2-2.8.0-src,TestAbstractHierarchicalConfiguration,testAddProperty_7_oe,src/test/java/org/apache/commons/configuration2/TestAbstractHierarchicalConfiguration.java,,,,assert,unknown
conf_800_8,commons-configuration2-2.8.0-src,TestAbstractHierarchicalConfiguration,testAddProperty_8_oe,src/test/java/org/apache/commons/configuration2/TestAbstractHierarchicalConfiguration.java,,,,assert,unknown
conf_800_9,commons-configuration2-2.8.0-src,TestAbstractHierarchicalConfiguration,testAddProperty_9_oe,src/test/java/org/apache/commons/configuration2/TestAbstractHierarchicalConfiguration.java,,,,assert,unknown
conf_800_10,commons-configuration2-2.8.0-src,TestAbstractHierarchicalConfiguration,testAddProperty_10_oe,src/test/java/org/apache/commons/configuration2/TestAbstractHierarchicalConfiguration.java,,,,assert,unknown
conf_800_11,commons-configuration2-2.8.0-src,TestAbstractHierarchicalConfiguration,testAddProperty_11_oe,src/test/java/org/apache/commons/configuration2/TestAbstractHierarchicalConfiguration.java,,,,assert,unknown
conf_800_12,commons-configuration2-2.8.0-src,TestAbstractHierarchicalConfiguration,testAddProperty_12_oe,src/test/java/org/apache/commons/configuration2/TestAbstractHierarchicalConfiguration.java,,,,assert,unknown
conf_800_13,commons-configuration2-2.8.0-src,TestAbstractHierarchicalConfiguration,testAddProperty_13_oe,src/test/java/org/apache/commons/configuration2/TestAbstractHierarchicalConfiguration.java,,,,assert,unknown
conf_800_14,commons-configuration2-2.8.0-src,TestAbstractHierarchicalConfiguration,testAddProperty_14_oe,src/test/java/org/apache/commons/configuration2/TestAbstractHierarchicalConfiguration.java,,,,assert,unknown
conf_800_15,commons-configuration2-2.8.0-src,TestAbstractHierarchicalConfiguration,testAddProperty_15_oe,src/test/java/org/apache/commons/configuration2/TestAbstractHierarchicalConfiguration.java,,,,assert,unknown
conf_800_16,commons-configuration2-2.8.0-src,TestAbstractHierarchicalConfiguration,testAddProperty_16_oe,src/test/java/org/apache/commons/configuration2/TestAbstractHierarchicalConfiguration.java,,,,assert,unknown
conf_801_1,commons-configuration2-2.8.0-src,TestAbstractHierarchicalConfiguration,testAddPropertyWithListHandling_1_oe,src/test/java/org/apache/commons/configuration2/TestAbstractHierarchicalConfiguration.java,,,,assert,unknown
conf_801_2,commons-configuration2-2.8.0-src,TestAbstractHierarchicalConfiguration,testAddPropertyWithListHandling_2_oe,src/test/java/org/apache/commons/configuration2/TestAbstractHierarchicalConfiguration.java,,,,assert,unknown
conf_802_1,commons-configuration2-2.8.0-src,TestAbstractHierarchicalConfiguration,testClear_1_oe,src/test/java/org/apache/commons/configuration2/TestAbstractHierarchicalConfiguration.java,,,,assert,unknown
conf_803_1,commons-configuration2-2.8.0-src,TestAbstractHierarchicalConfiguration,testClearProperty_1_oe,src/test/java/org/apache/commons/configuration2/TestAbstractHierarchicalConfiguration.java,,,,assert,unknown
conf_803_2,commons-configuration2-2.8.0-src,TestAbstractHierarchicalConfiguration,testClearProperty_2_oe,src/test/java/org/apache/commons/configuration2/TestAbstractHierarchicalConfiguration.java,,,,assert,unknown
conf_803_3,commons-configuration2-2.8.0-src,TestAbstractHierarchicalConfiguration,testClearProperty_3_oe,src/test/java/org/apache/commons/configuration2/TestAbstractHierarchicalConfiguration.java,,,,assert,unknown
conf_803_4,commons-configuration2-2.8.0-src,TestAbstractHierarchicalConfiguration,testClearProperty_4_oe,src/test/java/org/apache/commons/configuration2/TestAbstractHierarchicalConfiguration.java,,,,assert,unknown
conf_803_5,commons-configuration2-2.8.0-src,TestAbstractHierarchicalConfiguration,testClearProperty_5_oe,src/test/java/org/apache/commons/configuration2/TestAbstractHierarchicalConfiguration.java,,,,assert,unknown
conf_803_6,commons-configuration2-2.8.0-src,TestAbstractHierarchicalConfiguration,testClearProperty_6_oe,src/test/java/org/apache/commons/configuration2/TestAbstractHierarchicalConfiguration.java,,,,assert,unknown
conf_803_7,commons-configuration2-2.8.0-src,TestAbstractHierarchicalConfiguration,testClearProperty_7_oe,src/test/java/org/apache/commons/configuration2/TestAbstractHierarchicalConfiguration.java,,,,assert,unknown
conf_804_1,commons-configuration2-2.8.0-src,TestAbstractHierarchicalConfiguration,testClearTree_1_oe,src/test/java/org/apache/commons/configuration2/TestAbstractHierarchicalConfiguration.java,,,,assert,unknown
conf_804_2,commons-configuration2-2.8.0-src,TestAbstractHierarchicalConfiguration,testClearTree_2_oe,src/test/java/org/apache/commons/configuration2/TestAbstractHierarchicalConfiguration.java,,,,assert,unknown
conf_804_3,commons-configuration2-2.8.0-src,TestAbstractHierarchicalConfiguration,testClearTree_3_oe,src/test/java/org/apache/commons/configuration2/TestAbstractHierarchicalConfiguration.java,,,,assert,unknown
conf_804_4,commons-configuration2-2.8.0-src,TestAbstractHierarchicalConfiguration,testClearTree_4_oe,src/test/java/org/apache/commons/configuration2/TestAbstractHierarchicalConfiguration.java,,,,assert,unknown
conf_804_5,commons-configuration2-2.8.0-src,TestAbstractHierarchicalConfiguration,testClearTree_5_oe,src/test/java/org/apache/commons/configuration2/TestAbstractHierarchicalConfiguration.java,,,,assert,unknown
conf_804_6,commons-configuration2-2.8.0-src,TestAbstractHierarchicalConfiguration,testClearTree_6_oe,src/test/java/org/apache/commons/configuration2/TestAbstractHierarchicalConfiguration.java,,,,assert,unknown
conf_804_7,commons-configuration2-2.8.0-src,TestAbstractHierarchicalConfiguration,testClearTree_7_oe,src/test/java/org/apache/commons/configuration2/TestAbstractHierarchicalConfiguration.java,,,,assert,unknown
conf_804_8,commons-configuration2-2.8.0-src,TestAbstractHierarchicalConfiguration,testClearTree_8_oe,src/test/java/org/apache/commons/configuration2/TestAbstractHierarchicalConfiguration.java,,,,assert,unknown
conf_804_9,commons-configuration2-2.8.0-src,TestAbstractHierarchicalConfiguration,testClearTree_9_oe,src/test/java/org/apache/commons/configuration2/TestAbstractHierarchicalConfiguration.java,,,,assert,unknown
conf_805_1,commons-configuration2-2.8.0-src,TestAbstractHierarchicalConfiguration,testClearTreeComplex_1_oe,src/test/java/org/apache/commons/configuration2/TestAbstractHierarchicalConfiguration.java,,,,assert,unknown
conf_805_2,commons-configuration2-2.8.0-src,TestAbstractHierarchicalConfiguration,testClearTreeComplex_2_oe,src/test/java/org/apache/commons/configuration2/TestAbstractHierarchicalConfiguration.java,,,,assert,unknown
conf_805_3,commons-configuration2-2.8.0-src,TestAbstractHierarchicalConfiguration,testClearTreeComplex_3_oe,src/test/java/org/apache/commons/configuration2/TestAbstractHierarchicalConfiguration.java,,,,assert,unknown
conf_805_4,commons-configuration2-2.8.0-src,TestAbstractHierarchicalConfiguration,testClearTreeComplex_4_oe,src/test/java/org/apache/commons/configuration2/TestAbstractHierarchicalConfiguration.java,,,,assert,unknown
conf_805_5,commons-configuration2-2.8.0-src,TestAbstractHierarchicalConfiguration,testClearTreeComplex_5_oe,src/test/java/org/apache/commons/configuration2/TestAbstractHierarchicalConfiguration.java,,,,assert,unknown
conf_805_6,commons-configuration2-2.8.0-src,TestAbstractHierarchicalConfiguration,testClearTreeComplex_6_oe,src/test/java/org/apache/commons/configuration2/TestAbstractHierarchicalConfiguration.java,,,,assert,unknown
conf_806_1,commons-configuration2-2.8.0-src,TestAbstractHierarchicalConfiguration,testClearTreeHierarchy_1_oe,src/test/java/org/apache/commons/configuration2/TestAbstractHierarchicalConfiguration.java,,,,assert,unknown
conf_806_2,commons-configuration2-2.8.0-src,TestAbstractHierarchicalConfiguration,testClearTreeHierarchy_2_oe,src/test/java/org/apache/commons/configuration2/TestAbstractHierarchicalConfiguration.java,,,,assert,unknown
conf_807_1,commons-configuration2-2.8.0-src,TestAbstractHierarchicalConfiguration,testClone_1_oe,src/test/java/org/apache/commons/configuration2/TestAbstractHierarchicalConfiguration.java,,,,assert,unknown
conf_808_1,commons-configuration2-2.8.0-src,TestAbstractHierarchicalConfiguration,testCloneInterpolation_1_oe,src/test/java/org/apache/commons/configuration2/TestAbstractHierarchicalConfiguration.java,,,,assert,unknown
conf_808_2,commons-configuration2-2.8.0-src,TestAbstractHierarchicalConfiguration,testCloneInterpolation_2_oe,src/test/java/org/apache/commons/configuration2/TestAbstractHierarchicalConfiguration.java,,,,assert,unknown
conf_809_1,commons-configuration2-2.8.0-src,TestAbstractHierarchicalConfiguration,testCloneWithEventListeners_1_oe,src/test/java/org/apache/commons/configuration2/TestAbstractHierarchicalConfiguration.java,,,,assert,unknown
conf_810_1,commons-configuration2-2.8.0-src,TestAbstractHierarchicalConfiguration,testContainsKey_1_oe,src/test/java/org/apache/commons/configuration2/TestAbstractHierarchicalConfiguration.java,,,,assert,unknown
conf_810_2,commons-configuration2-2.8.0-src,TestAbstractHierarchicalConfiguration,testContainsKey_2_oe,src/test/java/org/apache/commons/configuration2/TestAbstractHierarchicalConfiguration.java,,,,assert,unknown
conf_810_3,commons-configuration2-2.8.0-src,TestAbstractHierarchicalConfiguration,testContainsKey_3_oe,src/test/java/org/apache/commons/configuration2/TestAbstractHierarchicalConfiguration.java,,,,assert,unknown
conf_810_4,commons-configuration2-2.8.0-src,TestAbstractHierarchicalConfiguration,testContainsKey_4_oe,src/test/java/org/apache/commons/configuration2/TestAbstractHierarchicalConfiguration.java,,,,assert,unknown
conf_810_5,commons-configuration2-2.8.0-src,TestAbstractHierarchicalConfiguration,testContainsKey_5_oe,src/test/java/org/apache/commons/configuration2/TestAbstractHierarchicalConfiguration.java,,,,assert,unknown
conf_810_6,commons-configuration2-2.8.0-src,TestAbstractHierarchicalConfiguration,testContainsKey_6_oe,src/test/java/org/apache/commons/configuration2/TestAbstractHierarchicalConfiguration.java,,,,assert,unknown
conf_810_7,commons-configuration2-2.8.0-src,TestAbstractHierarchicalConfiguration,testContainsKey_7_oe,src/test/java/org/apache/commons/configuration2/TestAbstractHierarchicalConfiguration.java,,,,assert,unknown
conf_811_1,commons-configuration2-2.8.0-src,TestAbstractHierarchicalConfiguration,testGetKeys_1_oe,src/test/java/org/apache/commons/configuration2/TestAbstractHierarchicalConfiguration.java,,,,assert,unknown
conf_811_2,commons-configuration2-2.8.0-src,TestAbstractHierarchicalConfiguration,testGetKeys_2_oe,src/test/java/org/apache/commons/configuration2/TestAbstractHierarchicalConfiguration.java,,,,assert,unknown
conf_811_3,commons-configuration2-2.8.0-src,TestAbstractHierarchicalConfiguration,testGetKeys_3_oe,src/test/java/org/apache/commons/configuration2/TestAbstractHierarchicalConfiguration.java,,,,assert,unknown
conf_812_1,commons-configuration2-2.8.0-src,TestAbstractHierarchicalConfiguration,testGetKeysAttribute_1_oe,src/test/java/org/apache/commons/configuration2/TestAbstractHierarchicalConfiguration.java,,,,assert,unknown
conf_813_1,commons-configuration2-2.8.0-src,TestAbstractHierarchicalConfiguration,testGetKeysAttributePrefix_1_oe,src/test/java/org/apache/commons/configuration2/TestAbstractHierarchicalConfiguration.java,,,,assert,unknown
conf_813_2,commons-configuration2-2.8.0-src,TestAbstractHierarchicalConfiguration,testGetKeysAttributePrefix_2_oe,src/test/java/org/apache/commons/configuration2/TestAbstractHierarchicalConfiguration.java,,,,assert,unknown
conf_814_1,commons-configuration2-2.8.0-src,TestAbstractHierarchicalConfiguration,testGetKeysOrder_1_oe,src/test/java/org/apache/commons/configuration2/TestAbstractHierarchicalConfiguration.java,,,,assert,unknown
conf_814_2,commons-configuration2-2.8.0-src,TestAbstractHierarchicalConfiguration,testGetKeysOrder_2_oe,src/test/java/org/apache/commons/configuration2/TestAbstractHierarchicalConfiguration.java,,,,assert,unknown
conf_814_3,commons-configuration2-2.8.0-src,TestAbstractHierarchicalConfiguration,testGetKeysOrder_3_oe,src/test/java/org/apache/commons/configuration2/TestAbstractHierarchicalConfiguration.java,,,,assert,unknown
conf_815_1,commons-configuration2-2.8.0-src,TestAbstractHierarchicalConfiguration,testGetKeysWithKeyAsPrefix_1_oe,src/test/java/org/apache/commons/configuration2/TestAbstractHierarchicalConfiguration.java,,,,assert,unknown
conf_815_2,commons-configuration2-2.8.0-src,TestAbstractHierarchicalConfiguration,testGetKeysWithKeyAsPrefix_2_oe,src/test/java/org/apache/commons/configuration2/TestAbstractHierarchicalConfiguration.java,,,,assert,unknown
conf_815_3,commons-configuration2-2.8.0-src,TestAbstractHierarchicalConfiguration,testGetKeysWithKeyAsPrefix_3_oe,src/test/java/org/apache/commons/configuration2/TestAbstractHierarchicalConfiguration.java,,,,assert,unknown
conf_816_1,commons-configuration2-2.8.0-src,TestAbstractHierarchicalConfiguration,testGetKeysWithKeyAsPrefixMultiple_1_oe,src/test/java/org/apache/commons/configuration2/TestAbstractHierarchicalConfiguration.java,,,,assert,unknown
conf_816_2,commons-configuration2-2.8.0-src,TestAbstractHierarchicalConfiguration,testGetKeysWithKeyAsPrefixMultiple_2_oe,src/test/java/org/apache/commons/configuration2/TestAbstractHierarchicalConfiguration.java,,,,assert,unknown
conf_816_3,commons-configuration2-2.8.0-src,TestAbstractHierarchicalConfiguration,testGetKeysWithKeyAsPrefixMultiple_3_oe,src/test/java/org/apache/commons/configuration2/TestAbstractHierarchicalConfiguration.java,,,,assert,unknown
conf_816_4,commons-configuration2-2.8.0-src,TestAbstractHierarchicalConfiguration,testGetKeysWithKeyAsPrefixMultiple_4_oe,src/test/java/org/apache/commons/configuration2/TestAbstractHierarchicalConfiguration.java,,,,assert,unknown
conf_817_1,commons-configuration2-2.8.0-src,TestAbstractHierarchicalConfiguration,testGetMaxIndex_1_oe,src/test/java/org/apache/commons/configuration2/TestAbstractHierarchicalConfiguration.java,,,,assert,unknown
conf_817_2,commons-configuration2-2.8.0-src,TestAbstractHierarchicalConfiguration,testGetMaxIndex_2_oe,src/test/java/org/apache/commons/configuration2/TestAbstractHierarchicalConfiguration.java,,,,assert,unknown
conf_817_3,commons-configuration2-2.8.0-src,TestAbstractHierarchicalConfiguration,testGetMaxIndex_3_oe,src/test/java/org/apache/commons/configuration2/TestAbstractHierarchicalConfiguration.java,,,,assert,unknown
conf_817_4,commons-configuration2-2.8.0-src,TestAbstractHierarchicalConfiguration,testGetMaxIndex_4_oe,src/test/java/org/apache/commons/configuration2/TestAbstractHierarchicalConfiguration.java,,,,assert,unknown
conf_817_5,commons-configuration2-2.8.0-src,TestAbstractHierarchicalConfiguration,testGetMaxIndex_5_oe,src/test/java/org/apache/commons/configuration2/TestAbstractHierarchicalConfiguration.java,,,,assert,unknown
conf_817_6,commons-configuration2-2.8.0-src,TestAbstractHierarchicalConfiguration,testGetMaxIndex_6_oe,src/test/java/org/apache/commons/configuration2/TestAbstractHierarchicalConfiguration.java,,,,assert,unknown
conf_817_7,commons-configuration2-2.8.0-src,TestAbstractHierarchicalConfiguration,testGetMaxIndex_7_oe,src/test/java/org/apache/commons/configuration2/TestAbstractHierarchicalConfiguration.java,,,,assert,unknown
conf_817_8,commons-configuration2-2.8.0-src,TestAbstractHierarchicalConfiguration,testGetMaxIndex_8_oe,src/test/java/org/apache/commons/configuration2/TestAbstractHierarchicalConfiguration.java,,,,assert,unknown
conf_818_1,commons-configuration2-2.8.0-src,TestAbstractHierarchicalConfiguration,testGetNodeModel_1_oe,src/test/java/org/apache/commons/configuration2/TestAbstractHierarchicalConfiguration.java,,,,assert,unknown
conf_818_2,commons-configuration2-2.8.0-src,TestAbstractHierarchicalConfiguration,testGetNodeModel_2_oe,src/test/java/org/apache/commons/configuration2/TestAbstractHierarchicalConfiguration.java,,,,assert,unknown
conf_818_3,commons-configuration2-2.8.0-src,TestAbstractHierarchicalConfiguration,testGetNodeModel_3_oe,src/test/java/org/apache/commons/configuration2/TestAbstractHierarchicalConfiguration.java,,,,assert,unknown
conf_819_1,commons-configuration2-2.8.0-src,TestAbstractHierarchicalConfiguration,testGetPropertyKeyWithBrackets_1_oe,src/test/java/org/apache/commons/configuration2/TestAbstractHierarchicalConfiguration.java,,,,assert,unknown
conf_820_1,commons-configuration2-2.8.0-src,TestAbstractHierarchicalConfiguration,testInitCopyNull_1_oe,src/test/java/org/apache/commons/configuration2/TestAbstractHierarchicalConfiguration.java,,,,assert,unknown
conf_821_1,commons-configuration2-2.8.0-src,TestAbstractHierarchicalConfiguration,testInterpolation_1_oe,src/test/java/org/apache/commons/configuration2/TestAbstractHierarchicalConfiguration.java,,,,assert,unknown
conf_821_2,commons-configuration2-2.8.0-src,TestAbstractHierarchicalConfiguration,testInterpolation_2_oe,src/test/java/org/apache/commons/configuration2/TestAbstractHierarchicalConfiguration.java,,,,assert,unknown
conf_822_1,commons-configuration2-2.8.0-src,TestAbstractHierarchicalConfiguration,testInterpolationSubsetMultipleLayers_1_oe,src/test/java/org/apache/commons/configuration2/TestAbstractHierarchicalConfiguration.java,,,,assert,unknown
conf_823_1,commons-configuration2-2.8.0-src,TestAbstractHierarchicalConfiguration,testIsEmptyFalse_1_oe,src/test/java/org/apache/commons/configuration2/TestAbstractHierarchicalConfiguration.java,,,,assert,unknown
conf_824_1,commons-configuration2-2.8.0-src,TestAbstractHierarchicalConfiguration,testIsEmptyNodesWithNoValues_1_oe,src/test/java/org/apache/commons/configuration2/TestAbstractHierarchicalConfiguration.java,,,,assert,unknown
conf_825_1,commons-configuration2-2.8.0-src,TestAbstractHierarchicalConfiguration,testIsEmptyRootOnly_1_oe,src/test/java/org/apache/commons/configuration2/TestAbstractHierarchicalConfiguration.java,,,,assert,unknown
conf_826_1,commons-configuration2-2.8.0-src,TestAbstractHierarchicalConfiguration,testNodeKeyCacheHit_1_oe,src/test/java/org/apache/commons/configuration2/TestAbstractHierarchicalConfiguration.java,,,,assert,unknown
conf_827_1,commons-configuration2-2.8.0-src,TestAbstractHierarchicalConfiguration,testNodeKeyCachePopulated_1_oe,src/test/java/org/apache/commons/configuration2/TestAbstractHierarchicalConfiguration.java,,,,assert,unknown
conf_827_2,commons-configuration2-2.8.0-src,TestAbstractHierarchicalConfiguration,testNodeKeyCachePopulated_2_oe,src/test/java/org/apache/commons/configuration2/TestAbstractHierarchicalConfiguration.java,,,,assert,unknown
conf_827_3,commons-configuration2-2.8.0-src,TestAbstractHierarchicalConfiguration,testNodeKeyCachePopulated_3_oe,src/test/java/org/apache/commons/configuration2/TestAbstractHierarchicalConfiguration.java,,,,assert,unknown
conf_827_4,commons-configuration2-2.8.0-src,TestAbstractHierarchicalConfiguration,testNodeKeyCachePopulated_4_oe,src/test/java/org/apache/commons/configuration2/TestAbstractHierarchicalConfiguration.java,,,,assert,unknown
conf_827_5,commons-configuration2-2.8.0-src,TestAbstractHierarchicalConfiguration,testNodeKeyCachePopulated_5_oe,src/test/java/org/apache/commons/configuration2/TestAbstractHierarchicalConfiguration.java,,,,assert,unknown
conf_828_1,commons-configuration2-2.8.0-src,TestAbstractHierarchicalConfiguration,testNodeKeyCacheUsage_1_oe,src/test/java/org/apache/commons/configuration2/TestAbstractHierarchicalConfiguration.java,,,,assert,unknown
conf_829_1,commons-configuration2-2.8.0-src,TestAbstractHierarchicalConfiguration,testNodeKeyEmptyCache_1_oe,src/test/java/org/apache/commons/configuration2/TestAbstractHierarchicalConfiguration.java,,,,assert,unknown
conf_829_2,commons-configuration2-2.8.0-src,TestAbstractHierarchicalConfiguration,testNodeKeyEmptyCache_2_oe,src/test/java/org/apache/commons/configuration2/TestAbstractHierarchicalConfiguration.java,,,,assert,unknown
conf_830_1,commons-configuration2-2.8.0-src,TestAbstractHierarchicalConfiguration,testNodeKeyRootNode_1_oe,src/test/java/org/apache/commons/configuration2/TestAbstractHierarchicalConfiguration.java,,,,assert,unknown
conf_831_1,commons-configuration2-2.8.0-src,TestAbstractHierarchicalConfiguration,testResolveNodeKey_1_oe,src/test/java/org/apache/commons/configuration2/TestAbstractHierarchicalConfiguration.java,,,,assert,unknown
conf_831_2,commons-configuration2-2.8.0-src,TestAbstractHierarchicalConfiguration,testResolveNodeKey_2_oe,src/test/java/org/apache/commons/configuration2/TestAbstractHierarchicalConfiguration.java,,,,assert,unknown
conf_832_1,commons-configuration2-2.8.0-src,TestAbstractHierarchicalConfiguration,testResolveNodeKeyAttribute_1_oe,src/test/java/org/apache/commons/configuration2/TestAbstractHierarchicalConfiguration.java,,,,assert,unknown
conf_833_1,commons-configuration2-2.8.0-src,TestAbstractHierarchicalConfiguration,testSetExpressionEngine_1_oe,src/test/java/org/apache/commons/configuration2/TestAbstractHierarchicalConfiguration.java,,,,assert,unknown
conf_833_2,commons-configuration2-2.8.0-src,TestAbstractHierarchicalConfiguration,testSetExpressionEngine_2_oe,src/test/java/org/apache/commons/configuration2/TestAbstractHierarchicalConfiguration.java,,,,assert,unknown
conf_834_1,commons-configuration2-2.8.0-src,TestAbstractHierarchicalConfiguration,testSetProperty_1_oe,src/test/java/org/apache/commons/configuration2/TestAbstractHierarchicalConfiguration.java,,,,assert,unknown
conf_834_2,commons-configuration2-2.8.0-src,TestAbstractHierarchicalConfiguration,testSetProperty_2_oe,src/test/java/org/apache/commons/configuration2/TestAbstractHierarchicalConfiguration.java,,,,assert,unknown
conf_834_3,commons-configuration2-2.8.0-src,TestAbstractHierarchicalConfiguration,testSetProperty_3_oe,src/test/java/org/apache/commons/configuration2/TestAbstractHierarchicalConfiguration.java,,,,assert,unknown
conf_834_4,commons-configuration2-2.8.0-src,TestAbstractHierarchicalConfiguration,testSetProperty_4_oe,src/test/java/org/apache/commons/configuration2/TestAbstractHierarchicalConfiguration.java,,,,assert,unknown
conf_834_5,commons-configuration2-2.8.0-src,TestAbstractHierarchicalConfiguration,testSetProperty_5_oe,src/test/java/org/apache/commons/configuration2/TestAbstractHierarchicalConfiguration.java,,,,assert,unknown
conf_834_6,commons-configuration2-2.8.0-src,TestAbstractHierarchicalConfiguration,testSetProperty_6_oe,src/test/java/org/apache/commons/configuration2/TestAbstractHierarchicalConfiguration.java,,,,assert,unknown
conf_834_7,commons-configuration2-2.8.0-src,TestAbstractHierarchicalConfiguration,testSetProperty_7_oe,src/test/java/org/apache/commons/configuration2/TestAbstractHierarchicalConfiguration.java,,,,assert,unknown
conf_834_8,commons-configuration2-2.8.0-src,TestAbstractHierarchicalConfiguration,testSetProperty_8_oe,src/test/java/org/apache/commons/configuration2/TestAbstractHierarchicalConfiguration.java,,,,assert,unknown
conf_834_9,commons-configuration2-2.8.0-src,TestAbstractHierarchicalConfiguration,testSetProperty_9_oe,src/test/java/org/apache/commons/configuration2/TestAbstractHierarchicalConfiguration.java,,,,assert,unknown
conf_834_10,commons-configuration2-2.8.0-src,TestAbstractHierarchicalConfiguration,testSetProperty_10_oe,src/test/java/org/apache/commons/configuration2/TestAbstractHierarchicalConfiguration.java,,,,assert,unknown
conf_834_11,commons-configuration2-2.8.0-src,TestAbstractHierarchicalConfiguration,testSetProperty_11_oe,src/test/java/org/apache/commons/configuration2/TestAbstractHierarchicalConfiguration.java,,,,assert,unknown
conf_834_12,commons-configuration2-2.8.0-src,TestAbstractHierarchicalConfiguration,testSetProperty_12_oe,src/test/java/org/apache/commons/configuration2/TestAbstractHierarchicalConfiguration.java,,,,assert,unknown
conf_835_1,commons-configuration2-2.8.0-src,TestAbstractHierarchicalConfiguration,testSize_1_oe,src/test/java/org/apache/commons/configuration2/TestAbstractHierarchicalConfiguration.java,,,,assert,unknown
conf_836_1,commons-configuration2-2.8.0-src,TestSubnodeConfiguration,testAddProperty_1_oe,src/test/java/org/apache/commons/configuration2/TestSubnodeConfiguration.java,,,,assert,unknown
conf_836_2,commons-configuration2-2.8.0-src,TestSubnodeConfiguration,testAddProperty_2_oe,src/test/java/org/apache/commons/configuration2/TestSubnodeConfiguration.java,,,,assert,unknown
conf_836_3,commons-configuration2-2.8.0-src,TestSubnodeConfiguration,testAddProperty_3_oe,src/test/java/org/apache/commons/configuration2/TestSubnodeConfiguration.java,,,,assert,unknown
conf_837_1,commons-configuration2-2.8.0-src,TestSubnodeConfiguration,testClone_1_oe,src/test/java/org/apache/commons/configuration2/TestSubnodeConfiguration.java,,,,assert,unknown
conf_837_2,commons-configuration2-2.8.0-src,TestSubnodeConfiguration,testClone_2_oe,src/test/java/org/apache/commons/configuration2/TestSubnodeConfiguration.java,,,,assert,unknown
conf_837_3,commons-configuration2-2.8.0-src,TestSubnodeConfiguration,testClone_3_oe,src/test/java/org/apache/commons/configuration2/TestSubnodeConfiguration.java,,,,assert,unknown
conf_837_4,commons-configuration2-2.8.0-src,TestSubnodeConfiguration,testClone_4_oe,src/test/java/org/apache/commons/configuration2/TestSubnodeConfiguration.java,,,,assert,unknown
conf_838_1,commons-configuration2-2.8.0-src,TestSubnodeConfiguration,testConfiguarationAtNoUpdates_1_oe,src/test/java/org/apache/commons/configuration2/TestSubnodeConfiguration.java,,,,assert,unknown
conf_838_2,commons-configuration2-2.8.0-src,TestSubnodeConfiguration,testConfiguarationAtNoUpdates_2_oe,src/test/java/org/apache/commons/configuration2/TestSubnodeConfiguration.java,,,,assert,unknown
conf_839_1,commons-configuration2-2.8.0-src,TestSubnodeConfiguration,testConfigurationAtWithUpdateSupport_1_oe,src/test/java/org/apache/commons/configuration2/TestSubnodeConfiguration.java,,,,assert,unknown
conf_839_2,commons-configuration2-2.8.0-src,TestSubnodeConfiguration,testConfigurationAtWithUpdateSupport_2_oe,src/test/java/org/apache/commons/configuration2/TestSubnodeConfiguration.java,,,,assert,unknown
conf_840_1,commons-configuration2-2.8.0-src,TestSubnodeConfiguration,testGetKeys_1_oe,src/test/java/org/apache/commons/configuration2/TestSubnodeConfiguration.java,,,,assert,unknown
conf_840_2,commons-configuration2-2.8.0-src,TestSubnodeConfiguration,testGetKeys_2_oe,src/test/java/org/apache/commons/configuration2/TestSubnodeConfiguration.java,,,,assert,unknown
conf_840_3,commons-configuration2-2.8.0-src,TestSubnodeConfiguration,testGetKeys_3_oe,src/test/java/org/apache/commons/configuration2/TestSubnodeConfiguration.java,,,,assert,unknown
conf_841_1,commons-configuration2-2.8.0-src,TestSubnodeConfiguration,testGetNodeModel_1_oe,src/test/java/org/apache/commons/configuration2/TestSubnodeConfiguration.java,,,,assert,unknown
conf_842_1,commons-configuration2-2.8.0-src,TestSubnodeConfiguration,testInitSubNodeConfig_1_oe,src/test/java/org/apache/commons/configuration2/TestSubnodeConfiguration.java,,,,assert,unknown
conf_842_2,commons-configuration2-2.8.0-src,TestSubnodeConfiguration,testInitSubNodeConfig_2_oe,src/test/java/org/apache/commons/configuration2/TestSubnodeConfiguration.java,,,,assert,unknown
conf_843_1,commons-configuration2-2.8.0-src,TestSubnodeConfiguration,testInterpolation_1_oe,src/test/java/org/apache/commons/configuration2/TestSubnodeConfiguration.java,,,,assert,unknown
conf_843_2,commons-configuration2-2.8.0-src,TestSubnodeConfiguration,testInterpolation_2_oe,src/test/java/org/apache/commons/configuration2/TestSubnodeConfiguration.java,,,,assert,unknown
conf_844_1,commons-configuration2-2.8.0-src,TestSubnodeConfiguration,testLocalInterpolationFromConfigurationAt_1_oe,src/test/java/org/apache/commons/configuration2/TestSubnodeConfiguration.java,,,,assert,unknown
conf_844_2,commons-configuration2-2.8.0-src,TestSubnodeConfiguration,testLocalInterpolationFromConfigurationAt_2_oe,src/test/java/org/apache/commons/configuration2/TestSubnodeConfiguration.java,,,,assert,unknown
conf_845_1,commons-configuration2-2.8.0-src,TestSubnodeConfiguration,testLocalLookupsInInterpolatorAreInherited_1_oe,src/test/java/org/apache/commons/configuration2/TestSubnodeConfiguration.java,,,,assert,unknown
conf_846_1,commons-configuration2-2.8.0-src,TestSubnodeConfiguration,testSetExpressionEngine_1_oe,src/test/java/org/apache/commons/configuration2/TestSubnodeConfiguration.java,,,,assert,unknown
conf_846_2,commons-configuration2-2.8.0-src,TestSubnodeConfiguration,testSetExpressionEngine_2_oe,src/test/java/org/apache/commons/configuration2/TestSubnodeConfiguration.java,,,,assert,unknown
conf_846_3,commons-configuration2-2.8.0-src,TestSubnodeConfiguration,testSetExpressionEngine_3_oe,src/test/java/org/apache/commons/configuration2/TestSubnodeConfiguration.java,,,,assert,unknown
conf_846_4,commons-configuration2-2.8.0-src,TestSubnodeConfiguration,testSetExpressionEngine_4_oe,src/test/java/org/apache/commons/configuration2/TestSubnodeConfiguration.java,,,,assert,unknown
conf_846_5,commons-configuration2-2.8.0-src,TestSubnodeConfiguration,testSetExpressionEngine_5_oe,src/test/java/org/apache/commons/configuration2/TestSubnodeConfiguration.java,,,,assert,unknown
conf_847_1,commons-configuration2-2.8.0-src,TestSubnodeConfiguration,testSetListDelimiterHandler_1_oe,src/test/java/org/apache/commons/configuration2/TestSubnodeConfiguration.java,,,,assert,unknown
conf_847_2,commons-configuration2-2.8.0-src,TestSubnodeConfiguration,testSetListDelimiterHandler_2_oe,src/test/java/org/apache/commons/configuration2/TestSubnodeConfiguration.java,,,,assert,unknown
conf_847_3,commons-configuration2-2.8.0-src,TestSubnodeConfiguration,testSetListDelimiterHandler_3_oe,src/test/java/org/apache/commons/configuration2/TestSubnodeConfiguration.java,,,,assert,unknown
conf_848_1,commons-configuration2-2.8.0-src,TestSubnodeConfiguration,testSetProperty_1_oe,src/test/java/org/apache/commons/configuration2/TestSubnodeConfiguration.java,,,,assert,unknown
conf_848_2,commons-configuration2-2.8.0-src,TestSubnodeConfiguration,testSetProperty_2_oe,src/test/java/org/apache/commons/configuration2/TestSubnodeConfiguration.java,,,,assert,unknown
conf_848_3,commons-configuration2-2.8.0-src,TestSubnodeConfiguration,testSetProperty_3_oe,src/test/java/org/apache/commons/configuration2/TestSubnodeConfiguration.java,,,,assert,unknown
conf_849_1,commons-configuration2-2.8.0-src,TestSubnodeConfiguration,testSetThrowExceptionOnMissing_1_oe,src/test/java/org/apache/commons/configuration2/TestSubnodeConfiguration.java,,,,assert,unknown
conf_850_1,commons-configuration2-2.8.0-src,TestSubnodeConfiguration,testSetThrowExceptionOnMissingAffectsParent_1_oe,src/test/java/org/apache/commons/configuration2/TestSubnodeConfiguration.java,,,,assert,unknown
conf_851_1,commons-configuration2-2.8.0-src,TestCombinedReloadingController,testCheckForReloadingFalse_1_oe,src/test/java/org/apache/commons/configuration2/reloading/TestCombinedReloadingController.java,,,,assert,unknown
conf_852_1,commons-configuration2-2.8.0-src,TestCombinedReloadingController,testCheckForReloadingTrue_1_oe,src/test/java/org/apache/commons/configuration2/reloading/TestCombinedReloadingController.java,,,,assert,unknown
conf_853_1,commons-configuration2-2.8.0-src,TestCombinedReloadingController,testGetSubControllers_1_oe,src/test/java/org/apache/commons/configuration2/reloading/TestCombinedReloadingController.java,,,,assert,unknown
conf_853_2,commons-configuration2-2.8.0-src,TestCombinedReloadingController,testGetSubControllers_2_oe,src/test/java/org/apache/commons/configuration2/reloading/TestCombinedReloadingController.java,,,,assert,unknown
conf_854_1,commons-configuration2-2.8.0-src,TestVFSFileHandlerReloadingDetector,testGetRefreshDelay_1_oe,src/test/java/org/apache/commons/configuration2/reloading/TestVFSFileHandlerReloadingDetector.java,,,,assert,unknown
conf_854_2,commons-configuration2-2.8.0-src,TestVFSFileHandlerReloadingDetector,testGetRefreshDelay_2_oe,src/test/java/org/apache/commons/configuration2/reloading/TestVFSFileHandlerReloadingDetector.java,,,,assert,unknown
conf_855_1,commons-configuration2-2.8.0-src,TestVFSFileHandlerReloadingDetector,testLastModificationDateExisting_1_oe,src/test/java/org/apache/commons/configuration2/reloading/TestVFSFileHandlerReloadingDetector.java,,,,assert,unknown
conf_856_1,commons-configuration2-2.8.0-src,TestVFSFileHandlerReloadingDetector,testLastModificationDateFileSystemEx_1_oe,src/test/java/org/apache/commons/configuration2/reloading/TestVFSFileHandlerReloadingDetector.java,,,,assert,unknown
conf_857_1,commons-configuration2-2.8.0-src,TestVFSFileHandlerReloadingDetector,testLastModificationDateNonExisting_1_oe,src/test/java/org/apache/commons/configuration2/reloading/TestVFSFileHandlerReloadingDetector.java,,,,assert,unknown
conf_858_1,commons-configuration2-2.8.0-src,TestVFSFileHandlerReloadingDetector,testLastModificationDateUndefinedHandler_1_oe,src/test/java/org/apache/commons/configuration2/reloading/TestVFSFileHandlerReloadingDetector.java,,,,assert,unknown
conf_859_1,commons-configuration2-2.8.0-src,TestManagedReloadingDetector,testRefresh_1_oe,src/test/java/org/apache/commons/configuration2/reloading/TestManagedReloadingDetector.java,,,,assert,unknown
conf_859_2,commons-configuration2-2.8.0-src,TestManagedReloadingDetector,testRefresh_2_oe,src/test/java/org/apache/commons/configuration2/reloading/TestManagedReloadingDetector.java,,,,assert,unknown
conf_860_1,commons-configuration2-2.8.0-src,TestManagedReloadingDetector,testReloadingPerformed_1_oe,src/test/java/org/apache/commons/configuration2/reloading/TestManagedReloadingDetector.java,,,,assert,unknown
conf_861_1,commons-configuration2-2.8.0-src,TestManagedReloadingDetector,testReloadingRequiredInitial_1_oe,src/test/java/org/apache/commons/configuration2/reloading/TestManagedReloadingDetector.java,,,,assert,unknown
conf_862_1,commons-configuration2-2.8.0-src,TestPeriodicReloadingTrigger,testDefaultExecutor_1_oe,src/test/java/org/apache/commons/configuration2/reloading/TestPeriodicReloadingTrigger.java,,,,assert,unknown
conf_863_1,commons-configuration2-2.8.0-src,TestPeriodicReloadingTrigger,testIsRunningAfterInit_1_oe,src/test/java/org/apache/commons/configuration2/reloading/TestPeriodicReloadingTrigger.java,,,,assert,unknown
conf_864_1,commons-configuration2-2.8.0-src,TestPeriodicReloadingTrigger,testStart_1_oe,src/test/java/org/apache/commons/configuration2/reloading/TestPeriodicReloadingTrigger.java,,,,assert,unknown
conf_865_1,commons-configuration2-2.8.0-src,TestPeriodicReloadingTrigger,testStop_1_oe,src/test/java/org/apache/commons/configuration2/reloading/TestPeriodicReloadingTrigger.java,,,,assert,unknown
conf_866_1,commons-configuration2-2.8.0-src,TestFileHandlerReloadingDetector,testDefaultRefreshDelay_1_oe,src/test/java/org/apache/commons/configuration2/reloading/TestFileHandlerReloadingDetector.java,,,,assert,unknown
conf_867_1,commons-configuration2-2.8.0-src,TestFileHandlerReloadingDetector,testGetFileJarURL_1_oe,src/test/java/org/apache/commons/configuration2/reloading/TestFileHandlerReloadingDetector.java,,,,assert,unknown
conf_867_2,commons-configuration2-2.8.0-src,TestFileHandlerReloadingDetector,testGetFileJarURL_2_oe,src/test/java/org/apache/commons/configuration2/reloading/TestFileHandlerReloadingDetector.java,,,,assert,unknown
conf_868_1,commons-configuration2-2.8.0-src,TestFileHandlerReloadingDetector,testInitWithFileHandler_1_oe,src/test/java/org/apache/commons/configuration2/reloading/TestFileHandlerReloadingDetector.java,,,,assert,unknown
conf_869_1,commons-configuration2-2.8.0-src,TestFileHandlerReloadingDetector,testIsReloadingRequiredFileDoesNotExist_1_oe,src/test/java/org/apache/commons/configuration2/reloading/TestFileHandlerReloadingDetector.java,,,,assert,unknown
conf_870_1,commons-configuration2-2.8.0-src,TestFileHandlerReloadingDetector,testIsReloadingRequiredNoLocation_1_oe,src/test/java/org/apache/commons/configuration2/reloading/TestFileHandlerReloadingDetector.java,,,,assert,unknown
conf_871_1,commons-configuration2-2.8.0-src,TestFileHandlerReloadingDetector,testIsReloadingRequiredTrue_1_oe,src/test/java/org/apache/commons/configuration2/reloading/TestFileHandlerReloadingDetector.java,,,,assert,unknown
conf_871_2,commons-configuration2-2.8.0-src,TestFileHandlerReloadingDetector,testIsReloadingRequiredTrue_2_oe,src/test/java/org/apache/commons/configuration2/reloading/TestFileHandlerReloadingDetector.java,,,,assert,unknown
conf_872_1,commons-configuration2-2.8.0-src,TestFileHandlerReloadingDetector,testLocationAfterInit_1_oe,src/test/java/org/apache/commons/configuration2/reloading/TestFileHandlerReloadingDetector.java,,,,assert,unknown
conf_873_1,commons-configuration2-2.8.0-src,TestFileHandlerReloadingDetector,testRefreshDelay_1_oe,src/test/java/org/apache/commons/configuration2/reloading/TestFileHandlerReloadingDetector.java,,,,assert,unknown
conf_873_2,commons-configuration2-2.8.0-src,TestFileHandlerReloadingDetector,testRefreshDelay_2_oe,src/test/java/org/apache/commons/configuration2/reloading/TestFileHandlerReloadingDetector.java,,,,assert,unknown
conf_874_1,commons-configuration2-2.8.0-src,TestFileHandlerReloadingDetector,testRefreshIsReloadingRequiredTrue_1_oe,src/test/java/org/apache/commons/configuration2/reloading/TestFileHandlerReloadingDetector.java,,,,assert,unknown
conf_875_1,commons-configuration2-2.8.0-src,TestFileHandlerReloadingDetector,testRefreshReloadingAndReset_1_oe,src/test/java/org/apache/commons/configuration2/reloading/TestFileHandlerReloadingDetector.java,,,,assert,unknown
conf_875_2,commons-configuration2-2.8.0-src,TestFileHandlerReloadingDetector,testRefreshReloadingAndReset_2_oe,src/test/java/org/apache/commons/configuration2/reloading/TestFileHandlerReloadingDetector.java,,,,assert,unknown
conf_875_3,commons-configuration2-2.8.0-src,TestFileHandlerReloadingDetector,testRefreshReloadingAndReset_3_oe,src/test/java/org/apache/commons/configuration2/reloading/TestFileHandlerReloadingDetector.java,,,,assert,unknown
conf_875_4,commons-configuration2-2.8.0-src,TestFileHandlerReloadingDetector,testRefreshReloadingAndReset_4_oe,src/test/java/org/apache/commons/configuration2/reloading/TestFileHandlerReloadingDetector.java,,,,assert,unknown
conf_876_1,commons-configuration2-2.8.0-src,TestFileHandlerReloadingDetector,testReloadingAndReset_1_oe,src/test/java/org/apache/commons/configuration2/reloading/TestFileHandlerReloadingDetector.java,,,,assert,unknown
conf_876_2,commons-configuration2-2.8.0-src,TestFileHandlerReloadingDetector,testReloadingAndReset_2_oe,src/test/java/org/apache/commons/configuration2/reloading/TestFileHandlerReloadingDetector.java,,,,assert,unknown
conf_876_3,commons-configuration2-2.8.0-src,TestFileHandlerReloadingDetector,testReloadingAndReset_3_oe,src/test/java/org/apache/commons/configuration2/reloading/TestFileHandlerReloadingDetector.java,,,,assert,unknown
conf_876_4,commons-configuration2-2.8.0-src,TestFileHandlerReloadingDetector,testReloadingAndReset_4_oe,src/test/java/org/apache/commons/configuration2/reloading/TestFileHandlerReloadingDetector.java,,,,assert,unknown
conf_877_1,commons-configuration2-2.8.0-src,TestReloadingController,testCheckForReloadingFalse_1_oe,src/test/java/org/apache/commons/configuration2/reloading/TestReloadingController.java,,,,assert,unknown
conf_877_2,commons-configuration2-2.8.0-src,TestReloadingController,testCheckForReloadingFalse_2_oe,src/test/java/org/apache/commons/configuration2/reloading/TestReloadingController.java,,,,assert,unknown
conf_878_1,commons-configuration2-2.8.0-src,TestReloadingController,testCheckForReloadingInReloadingState_1_oe,src/test/java/org/apache/commons/configuration2/reloading/TestReloadingController.java,,,,assert,unknown
conf_878_2,commons-configuration2-2.8.0-src,TestReloadingController,testCheckForReloadingInReloadingState_2_oe,src/test/java/org/apache/commons/configuration2/reloading/TestReloadingController.java,,,,assert,unknown
conf_879_1,commons-configuration2-2.8.0-src,TestReloadingController,testCheckForReloadingTrue_1_oe,src/test/java/org/apache/commons/configuration2/reloading/TestReloadingController.java,,,,assert,unknown
conf_879_2,commons-configuration2-2.8.0-src,TestReloadingController,testCheckForReloadingTrue_2_oe,src/test/java/org/apache/commons/configuration2/reloading/TestReloadingController.java,,,,assert,unknown
conf_879_3,commons-configuration2-2.8.0-src,TestReloadingController,testCheckForReloadingTrue_3_oe,src/test/java/org/apache/commons/configuration2/reloading/TestReloadingController.java,,,,assert,unknown
conf_879_4,commons-configuration2-2.8.0-src,TestReloadingController,testCheckForReloadingTrue_4_oe,src/test/java/org/apache/commons/configuration2/reloading/TestReloadingController.java,,,,assert,unknown
conf_879_5,commons-configuration2-2.8.0-src,TestReloadingController,testCheckForReloadingTrue_5_oe,src/test/java/org/apache/commons/configuration2/reloading/TestReloadingController.java,,,,assert,unknown
conf_879_6,commons-configuration2-2.8.0-src,TestReloadingController,testCheckForReloadingTrue_6_oe,src/test/java/org/apache/commons/configuration2/reloading/TestReloadingController.java,,,,assert,unknown
conf_880_1,commons-configuration2-2.8.0-src,TestReloadingController,testReloadingEventType_1_oe,src/test/java/org/apache/commons/configuration2/reloading/TestReloadingController.java,,,,assert,unknown
conf_881_1,commons-configuration2-2.8.0-src,TestReloadingController,testReloadingStateAfterInit_1_oe,src/test/java/org/apache/commons/configuration2/reloading/TestReloadingController.java,,,,assert,unknown
conf_882_1,commons-configuration2-2.8.0-src,TestReloadingController,testResetReloadingState_1_oe,src/test/java/org/apache/commons/configuration2/reloading/TestReloadingController.java,,,,assert,unknown
conf_883_1,commons-configuration2-2.8.0-src,TestBasePathLocationStrategy,testNullBasePath_1_oe,src/test/java/org/apache/commons/configuration2/io/TestBasePathLocationStrategy.java,,,,assert,unknown
conf_884_1,commons-configuration2-2.8.0-src,TestBasePathLocationStrategy,testNullFileName_1_oe,src/test/java/org/apache/commons/configuration2/io/TestBasePathLocationStrategy.java,,,,assert,unknown
conf_885_1,commons-configuration2-2.8.0-src,TestFileLocatorUtils,testConvertToURIException_1_oe,src/test/java/org/apache/commons/configuration2/io/TestFileLocatorUtils.java,,,,assert,unknown
conf_886_1,commons-configuration2-2.8.0-src,TestFileLocatorUtils,testDefaultFileLocationStrategy_1_oe,src/test/java/org/apache/commons/configuration2/io/TestFileLocatorUtils.java,,,,assert,unknown
conf_886_2,commons-configuration2-2.8.0-src,TestFileLocatorUtils,testDefaultFileLocationStrategy_2_oe,src/test/java/org/apache/commons/configuration2/io/TestFileLocatorUtils.java,,,,assert,unknown
conf_886_3,commons-configuration2-2.8.0-src,TestFileLocatorUtils,testDefaultFileLocationStrategy_3_oe,src/test/java/org/apache/commons/configuration2/io/TestFileLocatorUtils.java,,,,assert,unknown
conf_886_4,commons-configuration2-2.8.0-src,TestFileLocatorUtils,testDefaultFileLocationStrategy_4_oe,src/test/java/org/apache/commons/configuration2/io/TestFileLocatorUtils.java,,,,assert,unknown
conf_886_5,commons-configuration2-2.8.0-src,TestFileLocatorUtils,testDefaultFileLocationStrategy_5_oe,src/test/java/org/apache/commons/configuration2/io/TestFileLocatorUtils.java,,,,assert,unknown
conf_886_6,commons-configuration2-2.8.0-src,TestFileLocatorUtils,testDefaultFileLocationStrategy_6_oe,src/test/java/org/apache/commons/configuration2/io/TestFileLocatorUtils.java,,,,assert,unknown
conf_886_7,commons-configuration2-2.8.0-src,TestFileLocatorUtils,testDefaultFileLocationStrategy_7_oe,src/test/java/org/apache/commons/configuration2/io/TestFileLocatorUtils.java,,,,assert,unknown
conf_886_8,commons-configuration2-2.8.0-src,TestFileLocatorUtils,testDefaultFileLocationStrategy_8_oe,src/test/java/org/apache/commons/configuration2/io/TestFileLocatorUtils.java,,,,assert,unknown
conf_886_9,commons-configuration2-2.8.0-src,TestFileLocatorUtils,testDefaultFileLocationStrategy_9_oe,src/test/java/org/apache/commons/configuration2/io/TestFileLocatorUtils.java,,,,assert,unknown
conf_887_1,commons-configuration2-2.8.0-src,TestFileLocatorUtils,testFileFromURLNull_1_oe,src/test/java/org/apache/commons/configuration2/io/TestFileLocatorUtils.java,,,,assert,unknown
conf_888_1,commons-configuration2-2.8.0-src,TestFileLocatorUtils,testFileFromURLWithEncodedPercent_1_oe,src/test/java/org/apache/commons/configuration2/io/TestFileLocatorUtils.java,,,,assert,unknown
conf_889_1,commons-configuration2-2.8.0-src,TestFileLocatorUtils,testFileFromURLWithPlus_1_oe,src/test/java/org/apache/commons/configuration2/io/TestFileLocatorUtils.java,,,,assert,unknown
conf_890_1,commons-configuration2-2.8.0-src,TestFileLocatorUtils,testFromMapNoMap_1_oe,src/test/java/org/apache/commons/configuration2/io/TestFileLocatorUtils.java,,,,assert,unknown
conf_891_1,commons-configuration2-2.8.0-src,TestFileLocatorUtils,testFullyInitializedLocatorAlreadyComplete_1_oe,src/test/java/org/apache/commons/configuration2/io/TestFileLocatorUtils.java,,,,assert,unknown
conf_892_1,commons-configuration2-2.8.0-src,TestFileLocatorUtils,testFullyInitializedLocatorLocateFails_1_oe,src/test/java/org/apache/commons/configuration2/io/TestFileLocatorUtils.java,,,,assert,unknown
conf_893_1,commons-configuration2-2.8.0-src,TestFileLocatorUtils,testFullyInitializedLocatorUndefined_1_oe,src/test/java/org/apache/commons/configuration2/io/TestFileLocatorUtils.java,,,,assert,unknown
conf_894_1,commons-configuration2-2.8.0-src,TestFileLocatorUtils,testGetBasePath_1_oe,src/test/java/org/apache/commons/configuration2/io/TestFileLocatorUtils.java,,,,assert,unknown
conf_894_2,commons-configuration2-2.8.0-src,TestFileLocatorUtils,testGetBasePath_2_oe,src/test/java/org/apache/commons/configuration2/io/TestFileLocatorUtils.java,,,,assert,unknown
conf_894_3,commons-configuration2-2.8.0-src,TestFileLocatorUtils,testGetBasePath_3_oe,src/test/java/org/apache/commons/configuration2/io/TestFileLocatorUtils.java,,,,assert,unknown
conf_894_4,commons-configuration2-2.8.0-src,TestFileLocatorUtils,testGetBasePath_4_oe,src/test/java/org/apache/commons/configuration2/io/TestFileLocatorUtils.java,,,,assert,unknown
conf_894_5,commons-configuration2-2.8.0-src,TestFileLocatorUtils,testGetBasePath_5_oe,src/test/java/org/apache/commons/configuration2/io/TestFileLocatorUtils.java,,,,assert,unknown
conf_895_1,commons-configuration2-2.8.0-src,TestFileLocatorUtils,testGetFile_1_oe,src/test/java/org/apache/commons/configuration2/io/TestFileLocatorUtils.java,,,,assert,unknown
conf_895_2,commons-configuration2-2.8.0-src,TestFileLocatorUtils,testGetFile_2_oe,src/test/java/org/apache/commons/configuration2/io/TestFileLocatorUtils.java,,,,assert,unknown
conf_895_3,commons-configuration2-2.8.0-src,TestFileLocatorUtils,testGetFile_3_oe,src/test/java/org/apache/commons/configuration2/io/TestFileLocatorUtils.java,,,,assert,unknown
conf_895_4,commons-configuration2-2.8.0-src,TestFileLocatorUtils,testGetFile_4_oe,src/test/java/org/apache/commons/configuration2/io/TestFileLocatorUtils.java,,,,assert,unknown
conf_895_5,commons-configuration2-2.8.0-src,TestFileLocatorUtils,testGetFile_5_oe,src/test/java/org/apache/commons/configuration2/io/TestFileLocatorUtils.java,,,,assert,unknown
conf_895_6,commons-configuration2-2.8.0-src,TestFileLocatorUtils,testGetFile_6_oe,src/test/java/org/apache/commons/configuration2/io/TestFileLocatorUtils.java,,,,assert,unknown
conf_896_1,commons-configuration2-2.8.0-src,TestFileLocatorUtils,testGetFileName_1_oe,src/test/java/org/apache/commons/configuration2/io/TestFileLocatorUtils.java,,,,assert,unknown
conf_896_2,commons-configuration2-2.8.0-src,TestFileLocatorUtils,testGetFileName_2_oe,src/test/java/org/apache/commons/configuration2/io/TestFileLocatorUtils.java,,,,assert,unknown
conf_896_3,commons-configuration2-2.8.0-src,TestFileLocatorUtils,testGetFileName_3_oe,src/test/java/org/apache/commons/configuration2/io/TestFileLocatorUtils.java,,,,assert,unknown
conf_897_1,commons-configuration2-2.8.0-src,TestFileLocatorUtils,testIsFullyInitializedNoBasePath_1_oe,src/test/java/org/apache/commons/configuration2/io/TestFileLocatorUtils.java,,,,assert,unknown
conf_898_1,commons-configuration2-2.8.0-src,TestFileLocatorUtils,testIsFullyInitializedNull_1_oe,src/test/java/org/apache/commons/configuration2/io/TestFileLocatorUtils.java,,,,assert,unknown
conf_899_1,commons-configuration2-2.8.0-src,TestFileLocatorUtils,testIsLocationDefinedFalse_1_oe,src/test/java/org/apache/commons/configuration2/io/TestFileLocatorUtils.java,,,,assert,unknown
conf_900_1,commons-configuration2-2.8.0-src,TestFileLocatorUtils,testIsLocationDefinedFileName_1_oe,src/test/java/org/apache/commons/configuration2/io/TestFileLocatorUtils.java,,,,assert,unknown
conf_901_1,commons-configuration2-2.8.0-src,TestFileLocatorUtils,testIsLocationDefinedNull_1_oe,src/test/java/org/apache/commons/configuration2/io/TestFileLocatorUtils.java,,,,assert,unknown
conf_902_1,commons-configuration2-2.8.0-src,TestFileLocatorUtils,testIsLocationDefinedURL_1_oe,src/test/java/org/apache/commons/configuration2/io/TestFileLocatorUtils.java,,,,assert,unknown
conf_903_1,commons-configuration2-2.8.0-src,TestFileLocatorUtils,testLocateNullLocator_1_oe,src/test/java/org/apache/commons/configuration2/io/TestFileLocatorUtils.java,,,,assert,unknown
conf_904_1,commons-configuration2-2.8.0-src,TestFileLocatorUtils,testLocateSuccessWithDefaults_1_oe,src/test/java/org/apache/commons/configuration2/io/TestFileLocatorUtils.java,,,,assert,unknown
conf_905_1,commons-configuration2-2.8.0-src,TestFileLocatorUtils,testLocateSuccessWithStrategyAndFileSystem_1_oe,src/test/java/org/apache/commons/configuration2/io/TestFileLocatorUtils.java,,,,assert,unknown
conf_906_1,commons-configuration2-2.8.0-src,TestFileLocatorUtils,testLocateSuccessWithStrategyDefaultFileSystem_1_oe,src/test/java/org/apache/commons/configuration2/io/TestFileLocatorUtils.java,,,,assert,unknown
conf_908_1,commons-configuration2-2.8.0-src,TestFileLocatorUtils,testObtainFileSystemNotSetInLocator_1_oe,src/test/java/org/apache/commons/configuration2/io/TestFileLocatorUtils.java,,,,assert,unknown
conf_909_1,commons-configuration2-2.8.0-src,TestFileLocatorUtils,testObtainFileSystemNullLocator_1_oe,src/test/java/org/apache/commons/configuration2/io/TestFileLocatorUtils.java,,,,assert,unknown
conf_910_1,commons-configuration2-2.8.0-src,TestFileLocatorUtils,testObtainFileSystemSetInLocator_1_oe,src/test/java/org/apache/commons/configuration2/io/TestFileLocatorUtils.java,,,,assert,unknown
conf_911_1,commons-configuration2-2.8.0-src,TestFileLocatorUtils,testObtainLocationStrategyNotSetInLocator_1_oe,src/test/java/org/apache/commons/configuration2/io/TestFileLocatorUtils.java,,,,assert,unknown
conf_912_1,commons-configuration2-2.8.0-src,TestFileLocatorUtils,testObtainLocationStrategyNullLocator_1_oe,src/test/java/org/apache/commons/configuration2/io/TestFileLocatorUtils.java,,,,assert,unknown
conf_913_1,commons-configuration2-2.8.0-src,TestFileLocatorUtils,testObtainLocationStrategySetInLocator_1_oe,src/test/java/org/apache/commons/configuration2/io/TestFileLocatorUtils.java,,,,assert,unknown
conf_914_1,commons-configuration2-2.8.0-src,TestFileLocatorUtils,testPutNoLocator_1_oe,src/test/java/org/apache/commons/configuration2/io/TestFileLocatorUtils.java,,,,assert,unknown
conf_915_1,commons-configuration2-2.8.0-src,TestFileLocatorUtils,testStoreFileLocatorInMap_1_oe,src/test/java/org/apache/commons/configuration2/io/TestFileLocatorUtils.java,,,,assert,unknown
conf_916_1,commons-configuration2-2.8.0-src,TestAbsoluteNameLocationStrategy,testExistingAbsoluteFile_1_oe,src/test/java/org/apache/commons/configuration2/io/TestAbsoluteNameLocationStrategy.java,,,,assert,unknown
conf_917_1,commons-configuration2-2.8.0-src,TestAbsoluteNameLocationStrategy,testNoAbsoluteFileName_1_oe,src/test/java/org/apache/commons/configuration2/io/TestAbsoluteNameLocationStrategy.java,,,,assert,unknown
conf_918_1,commons-configuration2-2.8.0-src,TestAbsoluteNameLocationStrategy,testNoFileName_1_oe,src/test/java/org/apache/commons/configuration2/io/TestAbsoluteNameLocationStrategy.java,,,,assert,unknown
conf_919_1,commons-configuration2-2.8.0-src,TestAbsoluteNameLocationStrategy,testNonExistingAbsoluteFile_1_oe,src/test/java/org/apache/commons/configuration2/io/TestAbsoluteNameLocationStrategy.java,,,,assert,unknown
conf_920_1,commons-configuration2-2.8.0-src,TestDefaultFileSystem,testDefaultLogger_1_oe,src/test/java/org/apache/commons/configuration2/io/TestDefaultFileSystem.java,,,,assert,unknown
conf_921_1,commons-configuration2-2.8.0-src,TestDefaultFileSystem,testSetLogger_1_oe,src/test/java/org/apache/commons/configuration2/io/TestDefaultFileSystem.java,,,,assert,unknown
conf_922_1,commons-configuration2-2.8.0-src,TestClasspathLocationStrategy,testLocateFailed_1_oe,src/test/java/org/apache/commons/configuration2/io/TestClasspathLocationStrategy.java,,,,assert,unknown
conf_923_1,commons-configuration2-2.8.0-src,TestClasspathLocationStrategy,testLocateNoFileName_1_oe,src/test/java/org/apache/commons/configuration2/io/TestClasspathLocationStrategy.java,,,,assert,unknown
conf_924_1,commons-configuration2-2.8.0-src,TestFileSystemLocationStrategy,testLocate_1_oe,src/test/java/org/apache/commons/configuration2/io/TestFileSystemLocationStrategy.java,,,,assert,unknown
conf_925_1,commons-configuration2-2.8.0-src,TestConfigurationLogger,testAbstractConfigurationDefaultLogger_1_oe,src/test/java/org/apache/commons/configuration2/io/TestConfigurationLogger.java,,,,assert,unknown
conf_926_1,commons-configuration2-2.8.0-src,TestConfigurationLogger,testAbstractConfigurationSetLogger_1_oe,src/test/java/org/apache/commons/configuration2/io/TestConfigurationLogger.java,,,,assert,unknown
conf_927_1,commons-configuration2-2.8.0-src,TestConfigurationLogger,testAbstractConfigurationSetLoggerNull_1_oe,src/test/java/org/apache/commons/configuration2/io/TestConfigurationLogger.java,,,,assert,unknown
conf_928_1,commons-configuration2-2.8.0-src,TestConfigurationLogger,testDummyLogger_1_oe,src/test/java/org/apache/commons/configuration2/io/TestConfigurationLogger.java,,,,assert,unknown
conf_929_1,commons-configuration2-2.8.0-src,TestConfigurationLogger,testInitWithLoggerSpec_1_oe,src/test/java/org/apache/commons/configuration2/io/TestConfigurationLogger.java,,,,assert,unknown
conf_929_2,commons-configuration2-2.8.0-src,TestConfigurationLogger,testInitWithLoggerSpec_2_oe,src/test/java/org/apache/commons/configuration2/io/TestConfigurationLogger.java,,,,assert,unknown
conf_930_1,commons-configuration2-2.8.0-src,TestConfigurationLogger,testIsDebugEnabled_1_oe,src/test/java/org/apache/commons/configuration2/io/TestConfigurationLogger.java,,,,assert,unknown
conf_931_1,commons-configuration2-2.8.0-src,TestConfigurationLogger,testIsInfoEnabled_1_oe,src/test/java/org/apache/commons/configuration2/io/TestConfigurationLogger.java,,,,assert,unknown
conf_932_1,commons-configuration2-2.8.0-src,TestConfigurationLogger,testSubClass_1_oe,src/test/java/org/apache/commons/configuration2/io/TestConfigurationLogger.java,,,,assert,unknown
conf_932_2,commons-configuration2-2.8.0-src,TestConfigurationLogger,testSubClass_2_oe,src/test/java/org/apache/commons/configuration2/io/TestConfigurationLogger.java,,,,assert,unknown
conf_933_1,commons-configuration2-2.8.0-src,TestHomeDirectoryLocationStrategy,testInitDefaults_1_oe,src/test/java/org/apache/commons/configuration2/io/TestHomeDirectoryLocationStrategy.java,,,,assert,unknown
conf_933_2,commons-configuration2-2.8.0-src,TestHomeDirectoryLocationStrategy,testInitDefaults_2_oe,src/test/java/org/apache/commons/configuration2/io/TestHomeDirectoryLocationStrategy.java,,,,assert,unknown
conf_934_1,commons-configuration2-2.8.0-src,TestHomeDirectoryLocationStrategy,testLocateFailedWithBasePath_1_oe,src/test/java/org/apache/commons/configuration2/io/TestHomeDirectoryLocationStrategy.java,,,,assert,unknown
conf_935_1,commons-configuration2-2.8.0-src,TestHomeDirectoryLocationStrategy,testLocateSuccessIgnoreBasePath_1_oe,src/test/java/org/apache/commons/configuration2/io/TestHomeDirectoryLocationStrategy.java,,,,assert,unknown
conf_936_1,commons-configuration2-2.8.0-src,TestHomeDirectoryLocationStrategy,testLocateSuccessInSubFolder_1_oe,src/test/java/org/apache/commons/configuration2/io/TestHomeDirectoryLocationStrategy.java,,,,assert,unknown
conf_936_2,commons-configuration2-2.8.0-src,TestHomeDirectoryLocationStrategy,testLocateSuccessInSubFolder_2_oe,src/test/java/org/apache/commons/configuration2/io/TestHomeDirectoryLocationStrategy.java,,,,assert,unknown
conf_937_1,commons-configuration2-2.8.0-src,TestHomeDirectoryLocationStrategy,testLocateSuccessNoBasePath_1_oe,src/test/java/org/apache/commons/configuration2/io/TestHomeDirectoryLocationStrategy.java,,,,assert,unknown
conf_938_1,commons-configuration2-2.8.0-src,TestHomeDirectoryLocationStrategy,testNoFileName_1_oe,src/test/java/org/apache/commons/configuration2/io/TestHomeDirectoryLocationStrategy.java,,,,assert,unknown
conf_939_1,commons-configuration2-2.8.0-src,TestCombinedLocationStrategy,testLocateFailed_1_oe,src/test/java/org/apache/commons/configuration2/io/TestCombinedLocationStrategy.java,,,,assert,unknown
conf_940_1,commons-configuration2-2.8.0-src,TestCombinedLocationStrategy,testLocateSuccessFirstSubStrategy_1_oe,src/test/java/org/apache/commons/configuration2/io/TestCombinedLocationStrategy.java,,,,assert,unknown
conf_941_1,commons-configuration2-2.8.0-src,TestCombinedLocationStrategy,testLocateSuccessSecondSubStrategy_1_oe,src/test/java/org/apache/commons/configuration2/io/TestCombinedLocationStrategy.java,,,,assert,unknown
conf_942_1,commons-configuration2-2.8.0-src,TestFileHandler,testAssignWithFileBased_1_oe,src/test/java/org/apache/commons/configuration2/io/TestFileHandler.java,,,,assert,unknown
conf_942_2,commons-configuration2-2.8.0-src,TestFileHandler,testAssignWithFileBased_2_oe,src/test/java/org/apache/commons/configuration2/io/TestFileHandler.java,,,,assert,unknown
conf_943_1,commons-configuration2-2.8.0-src,TestFileHandler,testClearLocation_1_oe,src/test/java/org/apache/commons/configuration2/io/TestFileHandler.java,,,,assert,unknown
conf_943_2,commons-configuration2-2.8.0-src,TestFileHandler,testClearLocation_2_oe,src/test/java/org/apache/commons/configuration2/io/TestFileHandler.java,,,,assert,unknown
conf_943_3,commons-configuration2-2.8.0-src,TestFileHandler,testClearLocation_3_oe,src/test/java/org/apache/commons/configuration2/io/TestFileHandler.java,,,,assert,unknown
conf_943_4,commons-configuration2-2.8.0-src,TestFileHandler,testClearLocation_4_oe,src/test/java/org/apache/commons/configuration2/io/TestFileHandler.java,,,,assert,unknown
conf_943_5,commons-configuration2-2.8.0-src,TestFileHandler,testClearLocation_5_oe,src/test/java/org/apache/commons/configuration2/io/TestFileHandler.java,,,,assert,unknown
conf_944_1,commons-configuration2-2.8.0-src,TestFileHandler,testGetBasePathUndefined_1_oe,src/test/java/org/apache/commons/configuration2/io/TestFileHandler.java,,,,assert,unknown
conf_945_1,commons-configuration2-2.8.0-src,TestFileHandler,testGetFileNameUndefined_1_oe,src/test/java/org/apache/commons/configuration2/io/TestFileHandler.java,,,,assert,unknown
conf_946_1,commons-configuration2-2.8.0-src,TestFileHandler,testGetFileSystemDefault_1_oe,src/test/java/org/apache/commons/configuration2/io/TestFileHandler.java,,,,assert,unknown
conf_947_1,commons-configuration2-2.8.0-src,TestFileHandler,testGetLocationStrategyDefault_1_oe,src/test/java/org/apache/commons/configuration2/io/TestFileHandler.java,,,,assert,unknown
conf_947_2,commons-configuration2-2.8.0-src,TestFileHandler,testGetLocationStrategyDefault_2_oe,src/test/java/org/apache/commons/configuration2/io/TestFileHandler.java,,,,assert,unknown
conf_948_1,commons-configuration2-2.8.0-src,TestFileHandler,testInitFromMap_1_oe,src/test/java/org/apache/commons/configuration2/io/TestFileHandler.java,,,,assert,unknown
conf_949_1,commons-configuration2-2.8.0-src,TestFileHandler,testInitPropertiesMultiThreaded_1_oe,src/test/java/org/apache/commons/configuration2/io/TestFileHandler.java,,,,assert,unknown
conf_949_2,commons-configuration2-2.8.0-src,TestFileHandler,testInitPropertiesMultiThreaded_2_oe,src/test/java/org/apache/commons/configuration2/io/TestFileHandler.java,,,,assert,unknown
conf_949_3,commons-configuration2-2.8.0-src,TestFileHandler,testInitPropertiesMultiThreaded_3_oe,src/test/java/org/apache/commons/configuration2/io/TestFileHandler.java,,,,assert,unknown
conf_949_4,commons-configuration2-2.8.0-src,TestFileHandler,testInitPropertiesMultiThreaded_4_oe,src/test/java/org/apache/commons/configuration2/io/TestFileHandler.java,,,,assert,unknown
conf_949_5,commons-configuration2-2.8.0-src,TestFileHandler,testInitPropertiesMultiThreaded_5_oe,src/test/java/org/apache/commons/configuration2/io/TestFileHandler.java,,,,assert,unknown
conf_950_1,commons-configuration2-2.8.0-src,TestFileHandler,testIsLocationDefinedBasePathOnly_1_oe,src/test/java/org/apache/commons/configuration2/io/TestFileHandler.java,,,,assert,unknown
conf_951_1,commons-configuration2-2.8.0-src,TestFileHandler,testIsLocationDefinedFalse_1_oe,src/test/java/org/apache/commons/configuration2/io/TestFileHandler.java,,,,assert,unknown
conf_952_1,commons-configuration2-2.8.0-src,TestFileHandler,testIsLocationDefinedFile_1_oe,src/test/java/org/apache/commons/configuration2/io/TestFileHandler.java,,,,assert,unknown
conf_953_1,commons-configuration2-2.8.0-src,TestFileHandler,testIsLocationDefinedFileName_1_oe,src/test/java/org/apache/commons/configuration2/io/TestFileHandler.java,,,,assert,unknown
conf_954_1,commons-configuration2-2.8.0-src,TestFileHandler,testIsLocationDefinedPath_1_oe,src/test/java/org/apache/commons/configuration2/io/TestFileHandler.java,,,,assert,unknown
conf_955_1,commons-configuration2-2.8.0-src,TestFileHandler,testIsLocationDefinedURL_1_oe,src/test/java/org/apache/commons/configuration2/io/TestFileHandler.java,,,,assert,unknown
conf_956_1,commons-configuration2-2.8.0-src,TestFileHandler,testLoadFileLocatorAware_1_oe,src/test/java/org/apache/commons/configuration2/io/TestFileHandler.java,,,,assert,unknown
conf_957_1,commons-configuration2-2.8.0-src,TestFileHandler,testLoadFromClassPath_1_oe,src/test/java/org/apache/commons/configuration2/io/TestFileHandler.java,,,,assert,unknown
conf_958_1,commons-configuration2-2.8.0-src,TestFileHandler,testLoadFromFile_1_oe,src/test/java/org/apache/commons/configuration2/io/TestFileHandler.java,,,,assert,unknown
conf_959_1,commons-configuration2-2.8.0-src,TestFileHandler,testLoadFromFileNameLocation_1_oe,src/test/java/org/apache/commons/configuration2/io/TestFileHandler.java,,,,assert,unknown
conf_960_2,commons-configuration2-2.8.0-src,TestFileHandler,testLoadFromFileNoContent_2_oe,src/test/java/org/apache/commons/configuration2/io/TestFileHandler.java,,,,assert,unknown
conf_961_1,commons-configuration2-2.8.0-src,TestFileHandler,testLoadFromFilePath_1_oe,src/test/java/org/apache/commons/configuration2/io/TestFileHandler.java,,,,assert,unknown
conf_962_1,commons-configuration2-2.8.0-src,TestFileHandler,testLoadFromFilePathWithURLDefined_1_oe,src/test/java/org/apache/commons/configuration2/io/TestFileHandler.java,,,,assert,unknown
conf_963_1,commons-configuration2-2.8.0-src,TestFileHandler,testLoadFromReader_1_oe,src/test/java/org/apache/commons/configuration2/io/TestFileHandler.java,,,,assert,unknown
conf_964_2,commons-configuration2-2.8.0-src,TestFileHandler,testLoadFromReaderIOException_2_oe,src/test/java/org/apache/commons/configuration2/io/TestFileHandler.java,,,,assert,unknown
conf_965_1,commons-configuration2-2.8.0-src,TestFileHandler,testLoadFromStream_1_oe,src/test/java/org/apache/commons/configuration2/io/TestFileHandler.java,,,,assert,unknown
conf_966_1,commons-configuration2-2.8.0-src,TestFileHandler,testLoadFromURL_1_oe,src/test/java/org/apache/commons/configuration2/io/TestFileHandler.java,,,,assert,unknown
conf_967_1,commons-configuration2-2.8.0-src,TestFileHandler,testLoadFromURLLocation_1_oe,src/test/java/org/apache/commons/configuration2/io/TestFileHandler.java,,,,assert,unknown
conf_968_1,commons-configuration2-2.8.0-src,TestFileHandler,testLoadInputStreamSupport_1_oe,src/test/java/org/apache/commons/configuration2/io/TestFileHandler.java,,,,assert,unknown
conf_969_2,commons-configuration2-2.8.0-src,TestFileHandler,testLoadInputStreamSupportIOException_2_oe,src/test/java/org/apache/commons/configuration2/io/TestFileHandler.java,,,,assert,unknown
conf_970_1,commons-configuration2-2.8.0-src,TestFileHandler,testLocateSuccess_1_oe,src/test/java/org/apache/commons/configuration2/io/TestFileHandler.java,,,,assert,unknown
conf_970_2,commons-configuration2-2.8.0-src,TestFileHandler,testLocateSuccess_2_oe,src/test/java/org/apache/commons/configuration2/io/TestFileHandler.java,,,,assert,unknown
conf_970_3,commons-configuration2-2.8.0-src,TestFileHandler,testLocateSuccess_3_oe,src/test/java/org/apache/commons/configuration2/io/TestFileHandler.java,,,,assert,unknown
conf_970_4,commons-configuration2-2.8.0-src,TestFileHandler,testLocateSuccess_4_oe,src/test/java/org/apache/commons/configuration2/io/TestFileHandler.java,,,,assert,unknown
conf_970_5,commons-configuration2-2.8.0-src,TestFileHandler,testLocateSuccess_5_oe,src/test/java/org/apache/commons/configuration2/io/TestFileHandler.java,,,,assert,unknown
conf_971_1,commons-configuration2-2.8.0-src,TestFileHandler,testLocateUndefinedLocator_1_oe,src/test/java/org/apache/commons/configuration2/io/TestFileHandler.java,,,,assert,unknown
conf_971_2,commons-configuration2-2.8.0-src,TestFileHandler,testLocateUndefinedLocator_2_oe,src/test/java/org/apache/commons/configuration2/io/TestFileHandler.java,,,,assert,unknown
conf_972_1,commons-configuration2-2.8.0-src,TestFileHandler,testLocateUnknownFile_1_oe,src/test/java/org/apache/commons/configuration2/io/TestFileHandler.java,,,,assert,unknown
conf_972_2,commons-configuration2-2.8.0-src,TestFileHandler,testLocateUnknownFile_2_oe,src/test/java/org/apache/commons/configuration2/io/TestFileHandler.java,,,,assert,unknown
conf_973_1,commons-configuration2-2.8.0-src,TestFileHandler,testLocatorAwareEncoding_1_oe,src/test/java/org/apache/commons/configuration2/io/TestFileHandler.java,,,,assert,unknown
conf_974_1,commons-configuration2-2.8.0-src,TestFileHandler,testPathWithPlus_1_oe,src/test/java/org/apache/commons/configuration2/io/TestFileHandler.java,,,,assert,unknown
conf_975_1,commons-configuration2-2.8.0-src,TestFileHandler,testPathWithSpaces_1_oe,src/test/java/org/apache/commons/configuration2/io/TestFileHandler.java,,,,assert,unknown
conf_975_2,commons-configuration2-2.8.0-src,TestFileHandler,testPathWithSpaces_2_oe,src/test/java/org/apache/commons/configuration2/io/TestFileHandler.java,,,,assert,unknown
conf_976_1,commons-configuration2-2.8.0-src,TestFileHandler,testResetFileSystem_1_oe,src/test/java/org/apache/commons/configuration2/io/TestFileHandler.java,,,,assert,unknown
conf_977_1,commons-configuration2-2.8.0-src,TestFileHandler,testSaveFileLocatorAware_1_oe,src/test/java/org/apache/commons/configuration2/io/TestFileHandler.java,,,,assert,unknown
conf_978_1,commons-configuration2-2.8.0-src,TestFileHandler,testSaveToFile_1_oe,src/test/java/org/apache/commons/configuration2/io/TestFileHandler.java,,,,assert,unknown
conf_979_1,commons-configuration2-2.8.0-src,TestFileHandler,testSaveToFileName_1_oe,src/test/java/org/apache/commons/configuration2/io/TestFileHandler.java,,,,assert,unknown
conf_980_1,commons-configuration2-2.8.0-src,TestFileHandler,testSaveToFileNameLocation_1_oe,src/test/java/org/apache/commons/configuration2/io/TestFileHandler.java,,,,assert,unknown
conf_981_2,commons-configuration2-2.8.0-src,TestFileHandler,testSaveToFileNameURLException_2_oe,src/test/java/org/apache/commons/configuration2/io/TestFileHandler.java,,,,assert,unknown
conf_983_1,commons-configuration2-2.8.0-src,TestFileHandler,testSaveToStream_1_oe,src/test/java/org/apache/commons/configuration2/io/TestFileHandler.java,,,,assert,unknown
conf_984_1,commons-configuration2-2.8.0-src,TestFileHandler,testSaveToURL_1_oe,src/test/java/org/apache/commons/configuration2/io/TestFileHandler.java,,,,assert,unknown
conf_985_1,commons-configuration2-2.8.0-src,TestFileHandler,testSaveToURLLocation_1_oe,src/test/java/org/apache/commons/configuration2/io/TestFileHandler.java,,,,assert,unknown
conf_986_1,commons-configuration2-2.8.0-src,TestFileHandler,testSaveToWriter_1_oe,src/test/java/org/apache/commons/configuration2/io/TestFileHandler.java,,,,assert,unknown
conf_987_2,commons-configuration2-2.8.0-src,TestFileHandler,testSaveToWriterIOException_2_oe,src/test/java/org/apache/commons/configuration2/io/TestFileHandler.java,,,,assert,unknown
conf_988_1,commons-configuration2-2.8.0-src,TestFileHandler,testSetBasePath_1_oe,src/test/java/org/apache/commons/configuration2/io/TestFileHandler.java,,,,assert,unknown
conf_988_2,commons-configuration2-2.8.0-src,TestFileHandler,testSetBasePath_2_oe,src/test/java/org/apache/commons/configuration2/io/TestFileHandler.java,,,,assert,unknown
conf_988_3,commons-configuration2-2.8.0-src,TestFileHandler,testSetBasePath_3_oe,src/test/java/org/apache/commons/configuration2/io/TestFileHandler.java,,,,assert,unknown
conf_989_1,commons-configuration2-2.8.0-src,TestFileHandler,testSetBasePathFileScheme_1_oe,src/test/java/org/apache/commons/configuration2/io/TestFileHandler.java,,,,assert,unknown
conf_990_1,commons-configuration2-2.8.0-src,TestFileHandler,testSetFile_1_oe,src/test/java/org/apache/commons/configuration2/io/TestFileHandler.java,,,,assert,unknown
conf_990_2,commons-configuration2-2.8.0-src,TestFileHandler,testSetFile_2_oe,src/test/java/org/apache/commons/configuration2/io/TestFileHandler.java,,,,assert,unknown
conf_990_3,commons-configuration2-2.8.0-src,TestFileHandler,testSetFile_3_oe,src/test/java/org/apache/commons/configuration2/io/TestFileHandler.java,,,,assert,unknown
conf_991_1,commons-configuration2-2.8.0-src,TestFileHandler,testSetFileLocator_1_oe,src/test/java/org/apache/commons/configuration2/io/TestFileHandler.java,,,,assert,unknown
conf_992_1,commons-configuration2-2.8.0-src,TestFileHandler,testSetFileName_1_oe,src/test/java/org/apache/commons/configuration2/io/TestFileHandler.java,,,,assert,unknown
conf_992_2,commons-configuration2-2.8.0-src,TestFileHandler,testSetFileName_2_oe,src/test/java/org/apache/commons/configuration2/io/TestFileHandler.java,,,,assert,unknown
conf_992_3,commons-configuration2-2.8.0-src,TestFileHandler,testSetFileName_3_oe,src/test/java/org/apache/commons/configuration2/io/TestFileHandler.java,,,,assert,unknown
conf_992_4,commons-configuration2-2.8.0-src,TestFileHandler,testSetFileName_4_oe,src/test/java/org/apache/commons/configuration2/io/TestFileHandler.java,,,,assert,unknown
conf_993_1,commons-configuration2-2.8.0-src,TestFileHandler,testSetFileNameFileScheme_1_oe,src/test/java/org/apache/commons/configuration2/io/TestFileHandler.java,,,,assert,unknown
conf_994_1,commons-configuration2-2.8.0-src,TestFileHandler,testSetFileSystemNull_1_oe,src/test/java/org/apache/commons/configuration2/io/TestFileHandler.java,,,,assert,unknown
conf_994_2,commons-configuration2-2.8.0-src,TestFileHandler,testSetFileSystemNull_2_oe,src/test/java/org/apache/commons/configuration2/io/TestFileHandler.java,,,,assert,unknown
conf_995_1,commons-configuration2-2.8.0-src,TestFileHandler,testSetLocationStrategy_1_oe,src/test/java/org/apache/commons/configuration2/io/TestFileHandler.java,,,,assert,unknown
conf_995_2,commons-configuration2-2.8.0-src,TestFileHandler,testSetLocationStrategy_2_oe,src/test/java/org/apache/commons/configuration2/io/TestFileHandler.java,,,,assert,unknown
conf_996_1,commons-configuration2-2.8.0-src,TestFileHandler,testSetPath_1_oe,src/test/java/org/apache/commons/configuration2/io/TestFileHandler.java,,,,assert,unknown
conf_996_2,commons-configuration2-2.8.0-src,TestFileHandler,testSetPath_2_oe,src/test/java/org/apache/commons/configuration2/io/TestFileHandler.java,,,,assert,unknown
conf_996_3,commons-configuration2-2.8.0-src,TestFileHandler,testSetPath_3_oe,src/test/java/org/apache/commons/configuration2/io/TestFileHandler.java,,,,assert,unknown
conf_996_4,commons-configuration2-2.8.0-src,TestFileHandler,testSetPath_4_oe,src/test/java/org/apache/commons/configuration2/io/TestFileHandler.java,,,,assert,unknown
conf_996_5,commons-configuration2-2.8.0-src,TestFileHandler,testSetPath_5_oe,src/test/java/org/apache/commons/configuration2/io/TestFileHandler.java,,,,assert,unknown
conf_997_1,commons-configuration2-2.8.0-src,TestFileHandler,testSettingFileNames_1_oe,src/test/java/org/apache/commons/configuration2/io/TestFileHandler.java,,,,assert,unknown
conf_997_2,commons-configuration2-2.8.0-src,TestFileHandler,testSettingFileNames_2_oe,src/test/java/org/apache/commons/configuration2/io/TestFileHandler.java,,,,assert,unknown
conf_997_3,commons-configuration2-2.8.0-src,TestFileHandler,testSettingFileNames_3_oe,src/test/java/org/apache/commons/configuration2/io/TestFileHandler.java,,,,assert,unknown
conf_997_4,commons-configuration2-2.8.0-src,TestFileHandler,testSettingFileNames_4_oe,src/test/java/org/apache/commons/configuration2/io/TestFileHandler.java,,,,assert,unknown
conf_997_5,commons-configuration2-2.8.0-src,TestFileHandler,testSettingFileNames_5_oe,src/test/java/org/apache/commons/configuration2/io/TestFileHandler.java,,,,assert,unknown
conf_997_6,commons-configuration2-2.8.0-src,TestFileHandler,testSettingFileNames_6_oe,src/test/java/org/apache/commons/configuration2/io/TestFileHandler.java,,,,assert,unknown
conf_997_7,commons-configuration2-2.8.0-src,TestFileHandler,testSettingFileNames_7_oe,src/test/java/org/apache/commons/configuration2/io/TestFileHandler.java,,,,assert,unknown
conf_998_1,commons-configuration2-2.8.0-src,TestFileHandler,testSetURL_1_oe,src/test/java/org/apache/commons/configuration2/io/TestFileHandler.java,,,,assert,unknown
conf_998_2,commons-configuration2-2.8.0-src,TestFileHandler,testSetURL_2_oe,src/test/java/org/apache/commons/configuration2/io/TestFileHandler.java,,,,assert,unknown
conf_998_3,commons-configuration2-2.8.0-src,TestFileHandler,testSetURL_3_oe,src/test/java/org/apache/commons/configuration2/io/TestFileHandler.java,,,,assert,unknown
conf_999_1,commons-configuration2-2.8.0-src,TestFileHandler,testSetURLFileScheme_1_oe,src/test/java/org/apache/commons/configuration2/io/TestFileHandler.java,,,,assert,unknown
conf_999_2,commons-configuration2-2.8.0-src,TestFileHandler,testSetURLFileScheme_2_oe,src/test/java/org/apache/commons/configuration2/io/TestFileHandler.java,,,,assert,unknown
conf_1000_1,commons-configuration2-2.8.0-src,TestFileHandler,testSetURLNull_1_oe,src/test/java/org/apache/commons/configuration2/io/TestFileHandler.java,,,,assert,unknown
conf_1000_2,commons-configuration2-2.8.0-src,TestFileHandler,testSetURLNull_2_oe,src/test/java/org/apache/commons/configuration2/io/TestFileHandler.java,,,,assert,unknown
conf_1000_3,commons-configuration2-2.8.0-src,TestFileHandler,testSetURLNull_3_oe,src/test/java/org/apache/commons/configuration2/io/TestFileHandler.java,,,,assert,unknown
conf_1001_1,commons-configuration2-2.8.0-src,TestFileHandler,testSetURLWithParams_1_oe,src/test/java/org/apache/commons/configuration2/io/TestFileHandler.java,,,,assert,unknown
conf_1001_2,commons-configuration2-2.8.0-src,TestFileHandler,testSetURLWithParams_2_oe,src/test/java/org/apache/commons/configuration2/io/TestFileHandler.java,,,,assert,unknown
conf_1001_3,commons-configuration2-2.8.0-src,TestFileHandler,testSetURLWithParams_3_oe,src/test/java/org/apache/commons/configuration2/io/TestFileHandler.java,,,,assert,unknown
conf_1002_1,commons-configuration2-2.8.0-src,TestProvidedURLLocationStrategy,testLocateFail_1_oe,src/test/java/org/apache/commons/configuration2/io/TestProvidedURLLocationStrategy.java,,,,assert,unknown
conf_1003_1,commons-configuration2-2.8.0-src,TestProvidedURLLocationStrategy,testLocateSuccess_1_oe,src/test/java/org/apache/commons/configuration2/io/TestProvidedURLLocationStrategy.java,,,,assert,unknown
conf_1004_1,commons-configuration2-2.8.0-src,TestFileLocator,testCreateFileLocatorUndefined_1_oe,src/test/java/org/apache/commons/configuration2/io/TestFileLocator.java,,,,assert,unknown
conf_1004_2,commons-configuration2-2.8.0-src,TestFileLocator,testCreateFileLocatorUndefined_2_oe,src/test/java/org/apache/commons/configuration2/io/TestFileLocator.java,,,,assert,unknown
conf_1004_3,commons-configuration2-2.8.0-src,TestFileLocator,testCreateFileLocatorUndefined_3_oe,src/test/java/org/apache/commons/configuration2/io/TestFileLocator.java,,,,assert,unknown
conf_1004_4,commons-configuration2-2.8.0-src,TestFileLocator,testCreateFileLocatorUndefined_4_oe,src/test/java/org/apache/commons/configuration2/io/TestFileLocator.java,,,,assert,unknown
conf_1004_5,commons-configuration2-2.8.0-src,TestFileLocator,testCreateFileLocatorUndefined_5_oe,src/test/java/org/apache/commons/configuration2/io/TestFileLocator.java,,,,assert,unknown
conf_1004_6,commons-configuration2-2.8.0-src,TestFileLocator,testCreateFileLocatorUndefined_6_oe,src/test/java/org/apache/commons/configuration2/io/TestFileLocator.java,,,,assert,unknown
conf_1005_1,commons-configuration2-2.8.0-src,TestFileLocator,testFileLocatorEqualsNull_1_oe,src/test/java/org/apache/commons/configuration2/io/TestFileLocator.java,,,,assert,unknown
conf_1006_1,commons-configuration2-2.8.0-src,TestFileLocator,testFileLocatorEqualsOtherClass_1_oe,src/test/java/org/apache/commons/configuration2/io/TestFileLocator.java,,,,assert,unknown
conf_1007_1,commons-configuration2-2.8.0-src,TestFileLocator,testFileLocatorToString_1_oe,src/test/java/org/apache/commons/configuration2/io/TestFileLocator.java,,,,assert,unknown
conf_1007_2,commons-configuration2-2.8.0-src,TestFileLocator,testFileLocatorToString_2_oe,src/test/java/org/apache/commons/configuration2/io/TestFileLocator.java,,,,assert,unknown
conf_1007_3,commons-configuration2-2.8.0-src,TestFileLocator,testFileLocatorToString_3_oe,src/test/java/org/apache/commons/configuration2/io/TestFileLocator.java,,,,assert,unknown
conf_1007_4,commons-configuration2-2.8.0-src,TestFileLocator,testFileLocatorToString_4_oe,src/test/java/org/apache/commons/configuration2/io/TestFileLocator.java,,,,assert,unknown
conf_1007_5,commons-configuration2-2.8.0-src,TestFileLocator,testFileLocatorToString_5_oe,src/test/java/org/apache/commons/configuration2/io/TestFileLocator.java,,,,assert,unknown
conf_1007_6,commons-configuration2-2.8.0-src,TestFileLocator,testFileLocatorToString_6_oe,src/test/java/org/apache/commons/configuration2/io/TestFileLocator.java,,,,assert,unknown
conf_1008_1,commons-configuration2-2.8.0-src,TestConfigurationEventTypes,testBaseErrorEventType_1_oe,src/test/java/org/apache/commons/configuration2/event/TestConfigurationEventTypes.java,,,,assert,unknown
conf_1009_1,commons-configuration2-2.8.0-src,TestConfigurationEventTypes,testConfigurationEventType_1_oe,src/test/java/org/apache/commons/configuration2/event/TestConfigurationEventTypes.java,,,,assert,unknown
conf_1010_1,commons-configuration2-2.8.0-src,TestConfigurationEventTypes,testFetchSuperEventTypesForBaseType_1_oe,src/test/java/org/apache/commons/configuration2/event/TestConfigurationEventTypes.java,,,,assert,unknown
conf_1010_2,commons-configuration2-2.8.0-src,TestConfigurationEventTypes,testFetchSuperEventTypesForBaseType_2_oe,src/test/java/org/apache/commons/configuration2/event/TestConfigurationEventTypes.java,,,,assert,unknown
conf_1011_1,commons-configuration2-2.8.0-src,TestConfigurationEventTypes,testFetchSuperEventTypesNull_1_oe,src/test/java/org/apache/commons/configuration2/event/TestConfigurationEventTypes.java,,,,assert,unknown
conf_1012_1,commons-configuration2-2.8.0-src,TestConfigurationEventTypes,testFetchSuperEventTypesOfType_1_oe,src/test/java/org/apache/commons/configuration2/event/TestConfigurationEventTypes.java,,,,assert,unknown
conf_1012_2,commons-configuration2-2.8.0-src,TestConfigurationEventTypes,testFetchSuperEventTypesOfType_2_oe,src/test/java/org/apache/commons/configuration2/event/TestConfigurationEventTypes.java,,,,assert,unknown
conf_1013_1,commons-configuration2-2.8.0-src,TestConfigurationEventTypes,testIsInstanceOfBaseNull_1_oe,src/test/java/org/apache/commons/configuration2/event/TestConfigurationEventTypes.java,,,,assert,unknown
conf_1014_1,commons-configuration2-2.8.0-src,TestConfigurationEventTypes,testIsInstanceOfDerivedNull_1_oe,src/test/java/org/apache/commons/configuration2/event/TestConfigurationEventTypes.java,,,,assert,unknown
conf_1015_1,commons-configuration2-2.8.0-src,TestConfigurationEventTypes,testIsInstanceOfFalse_1_oe,src/test/java/org/apache/commons/configuration2/event/TestConfigurationEventTypes.java,,,,assert,unknown
conf_1016_1,commons-configuration2-2.8.0-src,TestConfigurationEventTypes,testIsInstanceOfTrue_1_oe,src/test/java/org/apache/commons/configuration2/event/TestConfigurationEventTypes.java,,,,assert,unknown
conf_1016_2,commons-configuration2-2.8.0-src,TestConfigurationEventTypes,testIsInstanceOfTrue_2_oe,src/test/java/org/apache/commons/configuration2/event/TestConfigurationEventTypes.java,,,,assert,unknown
conf_1016_3,commons-configuration2-2.8.0-src,TestConfigurationEventTypes,testIsInstanceOfTrue_3_oe,src/test/java/org/apache/commons/configuration2/event/TestConfigurationEventTypes.java,,,,assert,unknown
conf_1016_4,commons-configuration2-2.8.0-src,TestConfigurationEventTypes,testIsInstanceOfTrue_4_oe,src/test/java/org/apache/commons/configuration2/event/TestConfigurationEventTypes.java,,,,assert,unknown
conf_1017_1,commons-configuration2-2.8.0-src,TestEventSource,testAddEventListener_1_oe,src/test/java/org/apache/commons/configuration2/event/TestEventSource.java,,,,assert,unknown
conf_1017_2,commons-configuration2-2.8.0-src,TestEventSource,testAddEventListener_2_oe,src/test/java/org/apache/commons/configuration2/event/TestEventSource.java,,,,assert,unknown
conf_1018_1,commons-configuration2-2.8.0-src,TestEventSource,testClearErrorListeners_1_oe,src/test/java/org/apache/commons/configuration2/event/TestEventSource.java,,,,assert,unknown
conf_1018_2,commons-configuration2-2.8.0-src,TestEventSource,testClearErrorListeners_2_oe,src/test/java/org/apache/commons/configuration2/event/TestEventSource.java,,,,assert,unknown
conf_1019_1,commons-configuration2-2.8.0-src,TestEventSource,testClearEventListeners_1_oe,src/test/java/org/apache/commons/configuration2/event/TestEventSource.java,,,,assert,unknown
conf_1019_2,commons-configuration2-2.8.0-src,TestEventSource,testClearEventListeners_2_oe,src/test/java/org/apache/commons/configuration2/event/TestEventSource.java,,,,assert,unknown
conf_1020_1,commons-configuration2-2.8.0-src,TestEventSource,testClone_1_oe,src/test/java/org/apache/commons/configuration2/event/TestEventSource.java,,,,assert,unknown
conf_1021_1,commons-configuration2-2.8.0-src,TestEventSource,testCopyEventListeners_1_oe,src/test/java/org/apache/commons/configuration2/event/TestEventSource.java,,,,assert,unknown
conf_1021_2,commons-configuration2-2.8.0-src,TestEventSource,testCopyEventListeners_2_oe,src/test/java/org/apache/commons/configuration2/event/TestEventSource.java,,,,assert,unknown
conf_1021_3,commons-configuration2-2.8.0-src,TestEventSource,testCopyEventListeners_3_oe,src/test/java/org/apache/commons/configuration2/event/TestEventSource.java,,,,assert,unknown
conf_1021_4,commons-configuration2-2.8.0-src,TestEventSource,testCopyEventListeners_4_oe,src/test/java/org/apache/commons/configuration2/event/TestEventSource.java,,,,assert,unknown
conf_1021_5,commons-configuration2-2.8.0-src,TestEventSource,testCopyEventListeners_5_oe,src/test/java/org/apache/commons/configuration2/event/TestEventSource.java,,,,assert,unknown
conf_1022_1,commons-configuration2-2.8.0-src,TestEventSource,testFireError_1_oe,src/test/java/org/apache/commons/configuration2/event/TestEventSource.java,,,,assert,unknown
conf_1022_2,commons-configuration2-2.8.0-src,TestEventSource,testFireError_2_oe,src/test/java/org/apache/commons/configuration2/event/TestEventSource.java,,,,assert,unknown
conf_1022_3,commons-configuration2-2.8.0-src,TestEventSource,testFireError_3_oe,src/test/java/org/apache/commons/configuration2/event/TestEventSource.java,,,,assert,unknown
conf_1023_1,commons-configuration2-2.8.0-src,TestEventSource,testFireErrorNoListeners_1_oe,src/test/java/org/apache/commons/configuration2/event/TestEventSource.java,,,,assert,unknown
conf_1024_1,commons-configuration2-2.8.0-src,TestEventSource,testFireEventNoDetails_1_oe,src/test/java/org/apache/commons/configuration2/event/TestEventSource.java,,,,assert,unknown
conf_1025_1,commons-configuration2-2.8.0-src,TestEventSource,testFireEventNoListeners_1_oe,src/test/java/org/apache/commons/configuration2/event/TestEventSource.java,,,,assert,unknown
conf_1026_1,commons-configuration2-2.8.0-src,TestEventSource,testGetEventListenersAddNew_1_oe,src/test/java/org/apache/commons/configuration2/event/TestEventSource.java,,,,assert,unknown
conf_1027_1,commons-configuration2-2.8.0-src,TestEventSource,testInit_1_oe,src/test/java/org/apache/commons/configuration2/event/TestEventSource.java,,,,assert,unknown
conf_1027_2,commons-configuration2-2.8.0-src,TestEventSource,testInit_2_oe,src/test/java/org/apache/commons/configuration2/event/TestEventSource.java,,,,assert,unknown
conf_1027_3,commons-configuration2-2.8.0-src,TestEventSource,testInit_3_oe,src/test/java/org/apache/commons/configuration2/event/TestEventSource.java,,,,assert,unknown
conf_1028_1,commons-configuration2-2.8.0-src,TestEventSource,testRemoveEventListener_1_oe,src/test/java/org/apache/commons/configuration2/event/TestEventSource.java,,,,assert,unknown
conf_1028_2,commons-configuration2-2.8.0-src,TestEventSource,testRemoveEventListener_2_oe,src/test/java/org/apache/commons/configuration2/event/TestEventSource.java,,,,assert,unknown
conf_1028_3,commons-configuration2-2.8.0-src,TestEventSource,testRemoveEventListener_3_oe,src/test/java/org/apache/commons/configuration2/event/TestEventSource.java,,,,assert,unknown
conf_1028_4,commons-configuration2-2.8.0-src,TestEventSource,testRemoveEventListener_4_oe,src/test/java/org/apache/commons/configuration2/event/TestEventSource.java,,,,assert,unknown
conf_1029_1,commons-configuration2-2.8.0-src,TestEventSource,testRemoveListenerInFireEvent_1_oe,src/test/java/org/apache/commons/configuration2/event/TestEventSource.java,,,,assert,unknown
conf_1030_1,commons-configuration2-2.8.0-src,TestEventSource,testRemoveNullEventListener_1_oe,src/test/java/org/apache/commons/configuration2/event/TestEventSource.java,,,,assert,unknown
conf_1030_2,commons-configuration2-2.8.0-src,TestEventSource,testRemoveNullEventListener_2_oe,src/test/java/org/apache/commons/configuration2/event/TestEventSource.java,,,,assert,unknown
conf_1031_1,commons-configuration2-2.8.0-src,TestEventSource,testSetDetailEvents_1_oe,src/test/java/org/apache/commons/configuration2/event/TestEventSource.java,,,,assert,unknown
conf_1031_2,commons-configuration2-2.8.0-src,TestEventSource,testSetDetailEvents_2_oe,src/test/java/org/apache/commons/configuration2/event/TestEventSource.java,,,,assert,unknown
conf_1031_3,commons-configuration2-2.8.0-src,TestEventSource,testSetDetailEvents_3_oe,src/test/java/org/apache/commons/configuration2/event/TestEventSource.java,,,,assert,unknown
conf_1032_1,commons-configuration2-2.8.0-src,TestEventListenerList,testAddAll_1_oe,src/test/java/org/apache/commons/configuration2/event/TestEventListenerList.java,,,,assert,unknown
conf_1032_2,commons-configuration2-2.8.0-src,TestEventListenerList,testAddAll_2_oe,src/test/java/org/apache/commons/configuration2/event/TestEventListenerList.java,,,,assert,unknown
conf_1032_3,commons-configuration2-2.8.0-src,TestEventListenerList,testAddAll_3_oe,src/test/java/org/apache/commons/configuration2/event/TestEventListenerList.java,,,,assert,unknown
conf_1032_4,commons-configuration2-2.8.0-src,TestEventListenerList,testAddAll_4_oe,src/test/java/org/apache/commons/configuration2/event/TestEventListenerList.java,,,,assert,unknown
conf_1032_5,commons-configuration2-2.8.0-src,TestEventListenerList,testAddAll_5_oe,src/test/java/org/apache/commons/configuration2/event/TestEventListenerList.java,,,,assert,unknown
conf_1032_6,commons-configuration2-2.8.0-src,TestEventListenerList,testAddAll_6_oe,src/test/java/org/apache/commons/configuration2/event/TestEventListenerList.java,,,,assert,unknown
conf_1033_1,commons-configuration2-2.8.0-src,TestEventListenerList,testClear_1_oe,src/test/java/org/apache/commons/configuration2/event/TestEventListenerList.java,,,,assert,unknown
conf_1034_1,commons-configuration2-2.8.0-src,TestEventListenerList,testEventListenerIteratorWrongEvent_1_oe,src/test/java/org/apache/commons/configuration2/event/TestEventListenerList.java,,,,assert,unknown
conf_1035_1,commons-configuration2-2.8.0-src,TestEventListenerList,testGetEventListenerRegistrationsForSuperType_1_oe,src/test/java/org/apache/commons/configuration2/event/TestEventListenerList.java,,,,assert,unknown
conf_1035_2,commons-configuration2-2.8.0-src,TestEventListenerList,testGetEventListenerRegistrationsForSuperType_2_oe,src/test/java/org/apache/commons/configuration2/event/TestEventListenerList.java,,,,assert,unknown
conf_1035_3,commons-configuration2-2.8.0-src,TestEventListenerList,testGetEventListenerRegistrationsForSuperType_3_oe,src/test/java/org/apache/commons/configuration2/event/TestEventListenerList.java,,,,assert,unknown
conf_1036_1,commons-configuration2-2.8.0-src,TestEventListenerList,testGetEventListenersIteratorRemove_1_oe,src/test/java/org/apache/commons/configuration2/event/TestEventListenerList.java,,,,assert,unknown
conf_1037_1,commons-configuration2-2.8.0-src,TestEventListenerList,testGetEventListenersNull_1_oe,src/test/java/org/apache/commons/configuration2/event/TestEventListenerList.java,,,,assert,unknown
conf_1038_1,commons-configuration2-2.8.0-src,TestEventListenerList,testGetRegistrations_1_oe,src/test/java/org/apache/commons/configuration2/event/TestEventListenerList.java,,,,assert,unknown
conf_1038_2,commons-configuration2-2.8.0-src,TestEventListenerList,testGetRegistrations_2_oe,src/test/java/org/apache/commons/configuration2/event/TestEventListenerList.java,,,,assert,unknown
conf_1038_3,commons-configuration2-2.8.0-src,TestEventListenerList,testGetRegistrations_3_oe,src/test/java/org/apache/commons/configuration2/event/TestEventListenerList.java,,,,assert,unknown
conf_1039_1,commons-configuration2-2.8.0-src,TestEventListenerList,testRemoveEventListenerExisting_1_oe,src/test/java/org/apache/commons/configuration2/event/TestEventListenerList.java,,,,assert,unknown
conf_1040_1,commons-configuration2-2.8.0-src,TestEventListenerList,testRemoveEventListenerNonExistingEventType_1_oe,src/test/java/org/apache/commons/configuration2/event/TestEventListenerList.java,,,,assert,unknown
conf_1041_1,commons-configuration2-2.8.0-src,TestEventListenerList,testRemoveEventListenerNonExistingListener_1_oe,src/test/java/org/apache/commons/configuration2/event/TestEventListenerList.java,,,,assert,unknown
conf_1042_1,commons-configuration2-2.8.0-src,TestEventListenerList,testRemoveEventListenerNullListener_1_oe,src/test/java/org/apache/commons/configuration2/event/TestEventListenerList.java,,,,assert,unknown
conf_1043_1,commons-configuration2-2.8.0-src,TestEventListenerList,testRemoveEventListenerNullRegistration_1_oe,src/test/java/org/apache/commons/configuration2/event/TestEventListenerList.java,,,,assert,unknown
conf_1044_1,commons-configuration2-2.8.0-src,TestEventListenerList,testRemoveEventListenerNullType_1_oe,src/test/java/org/apache/commons/configuration2/event/TestEventListenerList.java,,,,assert,unknown
conf_1045_1,commons-configuration2-2.8.0-src,TestEvent,testToString_1_oe,src/test/java/org/apache/commons/configuration2/event/TestEvent.java,,,,assert,unknown
conf_1046_1,commons-configuration2-2.8.0-src,TestEventType,testToString_1_oe,src/test/java/org/apache/commons/configuration2/event/TestEventType.java,,,,assert,unknown
conf_1047_1,commons-configuration2-2.8.0-src,TestServletRequestConfiguration,testListWithEscapedElements_1_oe,src/test/java/org/apache/commons/configuration2/web/TestServletRequestConfiguration.java,,,,assert,unknown
conf_1047_2,commons-configuration2-2.8.0-src,TestServletRequestConfiguration,testListWithEscapedElements_2_oe,src/test/java/org/apache/commons/configuration2/web/TestServletRequestConfiguration.java,,,,assert,unknown
conf_1047_3,commons-configuration2-2.8.0-src,TestServletRequestConfiguration,testListWithEscapedElements_3_oe,src/test/java/org/apache/commons/configuration2/web/TestServletRequestConfiguration.java,,,,assert,unknown
conf_1050_1,commons-configuration2-2.8.0-src,TestDefaultListDelimiterHandler,testEscapeIntegerList_1_oe,src/test/java/org/apache/commons/configuration2/convert/TestDefaultListDelimiterHandler.java,,,,assert,unknown
conf_1051_1,commons-configuration2-2.8.0-src,TestDefaultListDelimiterHandler,testEscapeList_1_oe,src/test/java/org/apache/commons/configuration2/convert/TestDefaultListDelimiterHandler.java,,,,assert,unknown
conf_1052_1,commons-configuration2-2.8.0-src,TestDefaultListDelimiterHandler,testEscapeStringBackslash_1_oe,src/test/java/org/apache/commons/configuration2/convert/TestDefaultListDelimiterHandler.java,,,,assert,unknown
conf_1053_1,commons-configuration2-2.8.0-src,TestDefaultListDelimiterHandler,testEscapeStringListDelimiter_1_oe,src/test/java/org/apache/commons/configuration2/convert/TestDefaultListDelimiterHandler.java,,,,assert,unknown
conf_1054_1,commons-configuration2-2.8.0-src,TestDefaultListDelimiterHandler,testEscapeStringListDelimiterAndBackslash_1_oe,src/test/java/org/apache/commons/configuration2/convert/TestDefaultListDelimiterHandler.java,,,,assert,unknown
conf_1055_1,commons-configuration2-2.8.0-src,TestDefaultListDelimiterHandler,testEscapeStringNoSpecialCharacter_1_oe,src/test/java/org/apache/commons/configuration2/convert/TestDefaultListDelimiterHandler.java,,,,assert,unknown
conf_1056_1,commons-configuration2-2.8.0-src,TestDefaultListDelimiterHandler,testEscapeWithTransformer_1_oe,src/test/java/org/apache/commons/configuration2/convert/TestDefaultListDelimiterHandler.java,,,,assert,unknown
conf_1057_1,commons-configuration2-2.8.0-src,TestDisabledListDelimiterHandler,testEscapeNonStringValue_1_oe,src/test/java/org/apache/commons/configuration2/convert/TestDisabledListDelimiterHandler.java,,,,assert,unknown
conf_1058_1,commons-configuration2-2.8.0-src,TestDisabledListDelimiterHandler,testEscapeNonStringValueTransformer_1_oe,src/test/java/org/apache/commons/configuration2/convert/TestDisabledListDelimiterHandler.java,,,,assert,unknown
conf_1059_1,commons-configuration2-2.8.0-src,TestDisabledListDelimiterHandler,testEscapeStringValue_1_oe,src/test/java/org/apache/commons/configuration2/convert/TestDisabledListDelimiterHandler.java,,,,assert,unknown
conf_1060_1,commons-configuration2-2.8.0-src,TestDisabledListDelimiterHandler,testEscapeStringValueTransformer_1_oe,src/test/java/org/apache/commons/configuration2/convert/TestDisabledListDelimiterHandler.java,,,,assert,unknown
conf_1061_1,commons-configuration2-2.8.0-src,TestDisabledListDelimiterHandler,testFlattenArrayWithLimit_1_oe,src/test/java/org/apache/commons/configuration2/convert/TestDisabledListDelimiterHandler.java,,,,assert,unknown
conf_1061_2,commons-configuration2-2.8.0-src,TestDisabledListDelimiterHandler,testFlattenArrayWithLimit_2_oe,src/test/java/org/apache/commons/configuration2/convert/TestDisabledListDelimiterHandler.java,,,,assert,unknown
conf_1062_1,commons-configuration2-2.8.0-src,TestDisabledListDelimiterHandler,testFlattenCollectionWithArrayWithLimit_1_oe,src/test/java/org/apache/commons/configuration2/convert/TestDisabledListDelimiterHandler.java,,,,assert,unknown
conf_1062_2,commons-configuration2-2.8.0-src,TestDisabledListDelimiterHandler,testFlattenCollectionWithArrayWithLimit_2_oe,src/test/java/org/apache/commons/configuration2/convert/TestDisabledListDelimiterHandler.java,,,,assert,unknown
conf_1062_3,commons-configuration2-2.8.0-src,TestDisabledListDelimiterHandler,testFlattenCollectionWithArrayWithLimit_3_oe,src/test/java/org/apache/commons/configuration2/convert/TestDisabledListDelimiterHandler.java,,,,assert,unknown
conf_1063_1,commons-configuration2-2.8.0-src,TestDisabledListDelimiterHandler,testFlattenCollectionWithLimit_1_oe,src/test/java/org/apache/commons/configuration2/convert/TestDisabledListDelimiterHandler.java,,,,assert,unknown
conf_1063_2,commons-configuration2-2.8.0-src,TestDisabledListDelimiterHandler,testFlattenCollectionWithLimit_2_oe,src/test/java/org/apache/commons/configuration2/convert/TestDisabledListDelimiterHandler.java,,,,assert,unknown
conf_1064_1,commons-configuration2-2.8.0-src,TestDisabledListDelimiterHandler,testParseNull_1_oe,src/test/java/org/apache/commons/configuration2/convert/TestDisabledListDelimiterHandler.java,,,,assert,unknown
conf_1065_1,commons-configuration2-2.8.0-src,TestDisabledListDelimiterHandler,testParseSimpleValue_1_oe,src/test/java/org/apache/commons/configuration2/convert/TestDisabledListDelimiterHandler.java,,,,assert,unknown
conf_1065_2,commons-configuration2-2.8.0-src,TestDisabledListDelimiterHandler,testParseSimpleValue_2_oe,src/test/java/org/apache/commons/configuration2/convert/TestDisabledListDelimiterHandler.java,,,,assert,unknown
conf_1066_1,commons-configuration2-2.8.0-src,TestDefaultConversionHandler,testGetDateFormatNotSet_1_oe,src/test/java/org/apache/commons/configuration2/convert/TestDefaultConversionHandler.java,,,,assert,unknown
conf_1067_1,commons-configuration2-2.8.0-src,TestDefaultConversionHandler,testSetDateFormat_1_oe,src/test/java/org/apache/commons/configuration2/convert/TestDefaultConversionHandler.java,,,,assert,unknown
conf_1068_1,commons-configuration2-2.8.0-src,TestDefaultConversionHandler,testToArrayEmptyString_1_oe,src/test/java/org/apache/commons/configuration2/convert/TestDefaultConversionHandler.java,,,,assert,unknown
conf_1069_1,commons-configuration2-2.8.0-src,TestDefaultConversionHandler,testToArrayNullInput_1_oe,src/test/java/org/apache/commons/configuration2/convert/TestDefaultConversionHandler.java,,,,assert,unknown
conf_1070_1,commons-configuration2-2.8.0-src,TestDefaultConversionHandler,testToArrayObject_1_oe,src/test/java/org/apache/commons/configuration2/convert/TestDefaultConversionHandler.java,,,,assert,unknown
conf_1070_2,commons-configuration2-2.8.0-src,TestDefaultConversionHandler,testToArrayObject_2_oe,src/test/java/org/apache/commons/configuration2/convert/TestDefaultConversionHandler.java,,,,assert,unknown
conf_1070_3,commons-configuration2-2.8.0-src,TestDefaultConversionHandler,testToArrayObject_3_oe,src/test/java/org/apache/commons/configuration2/convert/TestDefaultConversionHandler.java,,,,assert,unknown
conf_1071_1,commons-configuration2-2.8.0-src,TestDefaultConversionHandler,testToArrayPrimitiveOtherType_1_oe,src/test/java/org/apache/commons/configuration2/convert/TestDefaultConversionHandler.java,,,,assert,unknown
conf_1071_2,commons-configuration2-2.8.0-src,TestDefaultConversionHandler,testToArrayPrimitiveOtherType_2_oe,src/test/java/org/apache/commons/configuration2/convert/TestDefaultConversionHandler.java,,,,assert,unknown
conf_1072_1,commons-configuration2-2.8.0-src,TestDefaultConversionHandler,testToArrayPrimitiveSameType_1_oe,src/test/java/org/apache/commons/configuration2/convert/TestDefaultConversionHandler.java,,,,assert,unknown
conf_1073_1,commons-configuration2-2.8.0-src,TestDefaultConversionHandler,testToArrayPrimitiveWrapperType_1_oe,src/test/java/org/apache/commons/configuration2/convert/TestDefaultConversionHandler.java,,,,assert,unknown
conf_1073_2,commons-configuration2-2.8.0-src,TestDefaultConversionHandler,testToArrayPrimitiveWrapperType_2_oe,src/test/java/org/apache/commons/configuration2/convert/TestDefaultConversionHandler.java,,,,assert,unknown
conf_1074_1,commons-configuration2-2.8.0-src,TestDefaultConversionHandler,testToCalendarWithDefaultFormat_1_oe,src/test/java/org/apache/commons/configuration2/convert/TestDefaultConversionHandler.java,,,,assert,unknown
conf_1074_2,commons-configuration2-2.8.0-src,TestDefaultConversionHandler,testToCalendarWithDefaultFormat_2_oe,src/test/java/org/apache/commons/configuration2/convert/TestDefaultConversionHandler.java,,,,assert,unknown
conf_1074_3,commons-configuration2-2.8.0-src,TestDefaultConversionHandler,testToCalendarWithDefaultFormat_3_oe,src/test/java/org/apache/commons/configuration2/convert/TestDefaultConversionHandler.java,,,,assert,unknown
conf_1074_4,commons-configuration2-2.8.0-src,TestDefaultConversionHandler,testToCalendarWithDefaultFormat_4_oe,src/test/java/org/apache/commons/configuration2/convert/TestDefaultConversionHandler.java,,,,assert,unknown
conf_1074_5,commons-configuration2-2.8.0-src,TestDefaultConversionHandler,testToCalendarWithDefaultFormat_5_oe,src/test/java/org/apache/commons/configuration2/convert/TestDefaultConversionHandler.java,,,,assert,unknown
conf_1074_6,commons-configuration2-2.8.0-src,TestDefaultConversionHandler,testToCalendarWithDefaultFormat_6_oe,src/test/java/org/apache/commons/configuration2/convert/TestDefaultConversionHandler.java,,,,assert,unknown
conf_1075_1,commons-configuration2-2.8.0-src,TestDefaultConversionHandler,testToCollectionEmptyString_1_oe,src/test/java/org/apache/commons/configuration2/convert/TestDefaultConversionHandler.java,,,,assert,unknown
conf_1076_1,commons-configuration2-2.8.0-src,TestDefaultConversionHandler,testToCollectionNullInput_1_oe,src/test/java/org/apache/commons/configuration2/convert/TestDefaultConversionHandler.java,,,,assert,unknown
conf_1077_1,commons-configuration2-2.8.0-src,TestDefaultConversionHandler,testToCollectionSuccess_1_oe,src/test/java/org/apache/commons/configuration2/convert/TestDefaultConversionHandler.java,,,,assert,unknown
conf_1077_2,commons-configuration2-2.8.0-src,TestDefaultConversionHandler,testToCollectionSuccess_2_oe,src/test/java/org/apache/commons/configuration2/convert/TestDefaultConversionHandler.java,,,,assert,unknown
conf_1077_3,commons-configuration2-2.8.0-src,TestDefaultConversionHandler,testToCollectionSuccess_3_oe,src/test/java/org/apache/commons/configuration2/convert/TestDefaultConversionHandler.java,,,,assert,unknown
conf_1078_1,commons-configuration2-2.8.0-src,TestDefaultConversionHandler,testToDateWithFormat_1_oe,src/test/java/org/apache/commons/configuration2/convert/TestDefaultConversionHandler.java,,,,assert,unknown
conf_1078_2,commons-configuration2-2.8.0-src,TestDefaultConversionHandler,testToDateWithFormat_2_oe,src/test/java/org/apache/commons/configuration2/convert/TestDefaultConversionHandler.java,,,,assert,unknown
conf_1078_3,commons-configuration2-2.8.0-src,TestDefaultConversionHandler,testToDateWithFormat_3_oe,src/test/java/org/apache/commons/configuration2/convert/TestDefaultConversionHandler.java,,,,assert,unknown
conf_1079_1,commons-configuration2-2.8.0-src,TestDefaultConversionHandler,testToFromEmptyCollection_1_oe,src/test/java/org/apache/commons/configuration2/convert/TestDefaultConversionHandler.java,,,,assert,unknown
conf_1080_1,commons-configuration2-2.8.0-src,TestDefaultConversionHandler,testToNull_1_oe,src/test/java/org/apache/commons/configuration2/convert/TestDefaultConversionHandler.java,,,,assert,unknown
conf_1081_1,commons-configuration2-2.8.0-src,TestDefaultConversionHandler,testToPrimitive_1_oe,src/test/java/org/apache/commons/configuration2/convert/TestDefaultConversionHandler.java,,,,assert,unknown
conf_1082_1,commons-configuration2-2.8.0-src,TestPropertyConverter,testToBigDecimalDoubleConstructor_1_oe,src/test/java/org/apache/commons/configuration2/convert/TestPropertyConverter.java,,,,assert,unknown
conf_1083_1,commons-configuration2-2.8.0-src,TestPropertyConverter,testToBigDecimalStringConstructor_1_oe,src/test/java/org/apache/commons/configuration2/convert/TestPropertyConverter.java,,,,assert,unknown
conf_1084_1,commons-configuration2-2.8.0-src,TestPropertyConverter,testToCharSuccess_1_oe,src/test/java/org/apache/commons/configuration2/convert/TestPropertyConverter.java,,,,assert,unknown
conf_1085_1,commons-configuration2-2.8.0-src,TestPropertyConverter,testToCharViaToString_1_oe,src/test/java/org/apache/commons/configuration2/convert/TestPropertyConverter.java,,,,assert,unknown
conf_1086_1,commons-configuration2-2.8.0-src,TestPropertyConverter,testToEnumFromEnum_1_oe,src/test/java/org/apache/commons/configuration2/convert/TestPropertyConverter.java,,,,assert,unknown
conf_1087_1,commons-configuration2-2.8.0-src,TestPropertyConverter,testToEnumFromNumber_1_oe,src/test/java/org/apache/commons/configuration2/convert/TestPropertyConverter.java,,,,assert,unknown
conf_1088_1,commons-configuration2-2.8.0-src,TestPropertyConverter,testToEnumFromString_1_oe,src/test/java/org/apache/commons/configuration2/convert/TestPropertyConverter.java,,,,assert,unknown
conf_1089_1,commons-configuration2-2.8.0-src,TestPropertyConverter,testToFileDirect_1_oe,src/test/java/org/apache/commons/configuration2/convert/TestPropertyConverter.java,,,,assert,unknown
conf_1090_1,commons-configuration2-2.8.0-src,TestPropertyConverter,testToFileFromPath_1_oe,src/test/java/org/apache/commons/configuration2/convert/TestPropertyConverter.java,,,,assert,unknown
conf_1091_1,commons-configuration2-2.8.0-src,TestPropertyConverter,testToFileFromString_1_oe,src/test/java/org/apache/commons/configuration2/convert/TestPropertyConverter.java,,,,assert,unknown
conf_1092_1,commons-configuration2-2.8.0-src,TestPropertyConverter,testToNoConversionNeeded_1_oe,src/test/java/org/apache/commons/configuration2/convert/TestPropertyConverter.java,,,,assert,unknown
conf_1093_1,commons-configuration2-2.8.0-src,TestPropertyConverter,testToNumberDirect_1_oe,src/test/java/org/apache/commons/configuration2/convert/TestPropertyConverter.java,,,,assert,unknown
conf_1093_2,commons-configuration2-2.8.0-src,TestPropertyConverter,testToNumberDirect_2_oe,src/test/java/org/apache/commons/configuration2/convert/TestPropertyConverter.java,,,,assert,unknown
conf_1094_1,commons-configuration2-2.8.0-src,TestPropertyConverter,testToNumberFromBinaryString_1_oe,src/test/java/org/apache/commons/configuration2/convert/TestPropertyConverter.java,,,,assert,unknown
conf_1095_1,commons-configuration2-2.8.0-src,TestPropertyConverter,testToNumberFromHexString_1_oe,src/test/java/org/apache/commons/configuration2/convert/TestPropertyConverter.java,,,,assert,unknown
conf_1096_1,commons-configuration2-2.8.0-src,TestPropertyConverter,testToNumberFromString_1_oe,src/test/java/org/apache/commons/configuration2/convert/TestPropertyConverter.java,,,,assert,unknown
conf_1096_2,commons-configuration2-2.8.0-src,TestPropertyConverter,testToNumberFromString_2_oe,src/test/java/org/apache/commons/configuration2/convert/TestPropertyConverter.java,,,,assert,unknown
conf_1097_1,commons-configuration2-2.8.0-src,TestPropertyConverter,testToPathDirect_1_oe,src/test/java/org/apache/commons/configuration2/convert/TestPropertyConverter.java,,,,assert,unknown
conf_1098_1,commons-configuration2-2.8.0-src,TestPropertyConverter,testToPathFromFile_1_oe,src/test/java/org/apache/commons/configuration2/convert/TestPropertyConverter.java,,,,assert,unknown
conf_1099_1,commons-configuration2-2.8.0-src,TestPropertyConverter,testToPathFromString_1_oe,src/test/java/org/apache/commons/configuration2/convert/TestPropertyConverter.java,,,,assert,unknown
conf_1100_1,commons-configuration2-2.8.0-src,TestPropertyConverter,testToPatternDirect_1_oe,src/test/java/org/apache/commons/configuration2/convert/TestPropertyConverter.java,,,,assert,unknown
conf_1101_1,commons-configuration2-2.8.0-src,TestPropertyConverter,testToPatternFromString_1_oe,src/test/java/org/apache/commons/configuration2/convert/TestPropertyConverter.java,,,,assert,unknown
conf_1102_1,commons-configuration2-2.8.0-src,TestPropertyConverter,testToStringConversion_1_oe,src/test/java/org/apache/commons/configuration2/convert/TestPropertyConverter.java,,,,assert,unknown
conf_1103_1,commons-configuration2-2.8.0-src,TestCopyObjectDefaultHandler,testInitializeDefaultsBaseType_1_oe,src/test/java/org/apache/commons/configuration2/builder/TestCopyObjectDefaultHandler.java,,,,assert,unknown
conf_1104_1,commons-configuration2-2.8.0-src,TestCopyObjectDefaultHandler,testInitializeDefaultsSameType_1_oe,src/test/java/org/apache/commons/configuration2/builder/TestCopyObjectDefaultHandler.java,,,,assert,unknown
conf_1104_2,commons-configuration2-2.8.0-src,TestCopyObjectDefaultHandler,testInitializeDefaultsSameType_2_oe,src/test/java/org/apache/commons/configuration2/builder/TestCopyObjectDefaultHandler.java,,,,assert,unknown
conf_1105_1,commons-configuration2-2.8.0-src,TestFileBasedConfigurationBuilder,testAutoSave_1_oe,src/test/java/org/apache/commons/configuration2/builder/TestFileBasedConfigurationBuilder.java,,,,assert,unknown
conf_1105_2,commons-configuration2-2.8.0-src,TestFileBasedConfigurationBuilder,testAutoSave_2_oe,src/test/java/org/apache/commons/configuration2/builder/TestFileBasedConfigurationBuilder.java,,,,assert,unknown
conf_1106_1,commons-configuration2-2.8.0-src,TestFileBasedConfigurationBuilder,testAutoSaveWithReset_1_oe,src/test/java/org/apache/commons/configuration2/builder/TestFileBasedConfigurationBuilder.java,,,,assert,unknown
conf_1107_1,commons-configuration2-2.8.0-src,TestFileBasedConfigurationBuilder,testChangeLocationAfterCreation_1_oe,src/test/java/org/apache/commons/configuration2/builder/TestFileBasedConfigurationBuilder.java,,,,assert,unknown
conf_1108_1,commons-configuration2-2.8.0-src,TestFileBasedConfigurationBuilder,testChangeLocationAfterReset_1_oe,src/test/java/org/apache/commons/configuration2/builder/TestFileBasedConfigurationBuilder.java,,,,assert,unknown
conf_1108_2,commons-configuration2-2.8.0-src,TestFileBasedConfigurationBuilder,testChangeLocationAfterReset_2_oe,src/test/java/org/apache/commons/configuration2/builder/TestFileBasedConfigurationBuilder.java,,,,assert,unknown
conf_1109_1,commons-configuration2-2.8.0-src,TestFileBasedConfigurationBuilder,testCreateConfigurationNonExistingFileAndThenSave_1_oe,src/test/java/org/apache/commons/configuration2/builder/TestFileBasedConfigurationBuilder.java,,,,assert,unknown
conf_1110_1,commons-configuration2-2.8.0-src,TestFileBasedConfigurationBuilder,testGetConfigurationLoadFromFile_1_oe,src/test/java/org/apache/commons/configuration2/builder/TestFileBasedConfigurationBuilder.java,,,,assert,unknown
conf_1110_2,commons-configuration2-2.8.0-src,TestFileBasedConfigurationBuilder,testGetConfigurationLoadFromFile_2_oe,src/test/java/org/apache/commons/configuration2/builder/TestFileBasedConfigurationBuilder.java,,,,assert,unknown
conf_1111_1,commons-configuration2-2.8.0-src,TestFileBasedConfigurationBuilder,testGetConfigurationLoadFromJarFile_1_oe,src/test/java/org/apache/commons/configuration2/builder/TestFileBasedConfigurationBuilder.java,,,,assert,unknown
conf_1111_2,commons-configuration2-2.8.0-src,TestFileBasedConfigurationBuilder,testGetConfigurationLoadFromJarFile_2_oe,src/test/java/org/apache/commons/configuration2/builder/TestFileBasedConfigurationBuilder.java,,,,assert,unknown
conf_1111_3,commons-configuration2-2.8.0-src,TestFileBasedConfigurationBuilder,testGetConfigurationLoadFromJarFile_3_oe,src/test/java/org/apache/commons/configuration2/builder/TestFileBasedConfigurationBuilder.java,,,,assert,unknown
conf_1112_1,commons-configuration2-2.8.0-src,TestFileBasedConfigurationBuilder,testGetConfigurationNoLocation_1_oe,src/test/java/org/apache/commons/configuration2/builder/TestFileBasedConfigurationBuilder.java,,,,assert,unknown
conf_1112_2,commons-configuration2-2.8.0-src,TestFileBasedConfigurationBuilder,testGetConfigurationNoLocation_2_oe,src/test/java/org/apache/commons/configuration2/builder/TestFileBasedConfigurationBuilder.java,,,,assert,unknown
conf_1113_1,commons-configuration2-2.8.0-src,TestFileBasedConfigurationBuilder,testGetDefaultEncodingInterface_1_oe,src/test/java/org/apache/commons/configuration2/builder/TestFileBasedConfigurationBuilder.java,,,,assert,unknown
conf_1113_2,commons-configuration2-2.8.0-src,TestFileBasedConfigurationBuilder,testGetDefaultEncodingInterface_2_oe,src/test/java/org/apache/commons/configuration2/builder/TestFileBasedConfigurationBuilder.java,,,,assert,unknown
conf_1114_1,commons-configuration2-2.8.0-src,TestFileBasedConfigurationBuilder,testGetDefaultEncodingProperties_1_oe,src/test/java/org/apache/commons/configuration2/builder/TestFileBasedConfigurationBuilder.java,,,,assert,unknown
conf_1115_1,commons-configuration2-2.8.0-src,TestFileBasedConfigurationBuilder,testGetDefaultEncodingSubClass_1_oe,src/test/java/org/apache/commons/configuration2/builder/TestFileBasedConfigurationBuilder.java,,,,assert,unknown
conf_1116_1,commons-configuration2-2.8.0-src,TestFileBasedConfigurationBuilder,testGetDefaultEncodingXmlProperties_1_oe,src/test/java/org/apache/commons/configuration2/builder/TestFileBasedConfigurationBuilder.java,,,,assert,unknown
conf_1117_1,commons-configuration2-2.8.0-src,TestFileBasedConfigurationBuilder,testInitAllowFailOnInitFlag_1_oe,src/test/java/org/apache/commons/configuration2/builder/TestFileBasedConfigurationBuilder.java,,,,assert,unknown
conf_1118_1,commons-configuration2-2.8.0-src,TestFileBasedConfigurationBuilder,testInitFileHandlerOverrideDefaultEncoding_1_oe,src/test/java/org/apache/commons/configuration2/builder/TestFileBasedConfigurationBuilder.java,,,,assert,unknown
conf_1119_1,commons-configuration2-2.8.0-src,TestFileBasedConfigurationBuilder,testInitFileHandlerSetDefaultEncoding_1_oe,src/test/java/org/apache/commons/configuration2/builder/TestFileBasedConfigurationBuilder.java,,,,assert,unknown
conf_1120_1,commons-configuration2-2.8.0-src,TestFileBasedConfigurationBuilder,testLocationIsFullyDefined_1_oe,src/test/java/org/apache/commons/configuration2/builder/TestFileBasedConfigurationBuilder.java,,,,assert,unknown
conf_1121_1,commons-configuration2-2.8.0-src,TestFileBasedConfigurationBuilder,testLocationSurvivesResetResult_1_oe,src/test/java/org/apache/commons/configuration2/builder/TestFileBasedConfigurationBuilder.java,,,,assert,unknown
conf_1121_2,commons-configuration2-2.8.0-src,TestFileBasedConfigurationBuilder,testLocationSurvivesResetResult_2_oe,src/test/java/org/apache/commons/configuration2/builder/TestFileBasedConfigurationBuilder.java,,,,assert,unknown
conf_1122_1,commons-configuration2-2.8.0-src,TestFileBasedConfigurationBuilder,testResetLocation_1_oe,src/test/java/org/apache/commons/configuration2/builder/TestFileBasedConfigurationBuilder.java,,,,assert,unknown
conf_1122_2,commons-configuration2-2.8.0-src,TestFileBasedConfigurationBuilder,testResetLocation_2_oe,src/test/java/org/apache/commons/configuration2/builder/TestFileBasedConfigurationBuilder.java,,,,assert,unknown
conf_1123_1,commons-configuration2-2.8.0-src,TestFileBasedConfigurationBuilder,testSetLocationNoFileHandler_1_oe,src/test/java/org/apache/commons/configuration2/builder/TestFileBasedConfigurationBuilder.java,,,,assert,unknown
conf_1124_1,commons-configuration2-2.8.0-src,TestDatabaseBuilderParametersImpl,testBeanProperties_1_oe,src/test/java/org/apache/commons/configuration2/builder/TestDatabaseBuilderParametersImpl.java,,,,assert,unknown
conf_1124_2,commons-configuration2-2.8.0-src,TestDatabaseBuilderParametersImpl,testBeanProperties_2_oe,src/test/java/org/apache/commons/configuration2/builder/TestDatabaseBuilderParametersImpl.java,,,,assert,unknown
conf_1125_1,commons-configuration2-2.8.0-src,TestDatabaseBuilderParametersImpl,testSetAutoCommit_1_oe,src/test/java/org/apache/commons/configuration2/builder/TestDatabaseBuilderParametersImpl.java,,,,assert,unknown
conf_1125_2,commons-configuration2-2.8.0-src,TestDatabaseBuilderParametersImpl,testSetAutoCommit_2_oe,src/test/java/org/apache/commons/configuration2/builder/TestDatabaseBuilderParametersImpl.java,,,,assert,unknown
conf_1126_1,commons-configuration2-2.8.0-src,TestDatabaseBuilderParametersImpl,testSetConfigurationName_1_oe,src/test/java/org/apache/commons/configuration2/builder/TestDatabaseBuilderParametersImpl.java,,,,assert,unknown
conf_1126_2,commons-configuration2-2.8.0-src,TestDatabaseBuilderParametersImpl,testSetConfigurationName_2_oe,src/test/java/org/apache/commons/configuration2/builder/TestDatabaseBuilderParametersImpl.java,,,,assert,unknown
conf_1127_1,commons-configuration2-2.8.0-src,TestDatabaseBuilderParametersImpl,testSetConfigurationNameColumn_1_oe,src/test/java/org/apache/commons/configuration2/builder/TestDatabaseBuilderParametersImpl.java,,,,assert,unknown
conf_1127_2,commons-configuration2-2.8.0-src,TestDatabaseBuilderParametersImpl,testSetConfigurationNameColumn_2_oe,src/test/java/org/apache/commons/configuration2/builder/TestDatabaseBuilderParametersImpl.java,,,,assert,unknown
conf_1128_1,commons-configuration2-2.8.0-src,TestDatabaseBuilderParametersImpl,testSetDataSource_1_oe,src/test/java/org/apache/commons/configuration2/builder/TestDatabaseBuilderParametersImpl.java,,,,assert,unknown
conf_1128_2,commons-configuration2-2.8.0-src,TestDatabaseBuilderParametersImpl,testSetDataSource_2_oe,src/test/java/org/apache/commons/configuration2/builder/TestDatabaseBuilderParametersImpl.java,,,,assert,unknown
conf_1129_1,commons-configuration2-2.8.0-src,TestDatabaseBuilderParametersImpl,testSetKeyColumn_1_oe,src/test/java/org/apache/commons/configuration2/builder/TestDatabaseBuilderParametersImpl.java,,,,assert,unknown
conf_1129_2,commons-configuration2-2.8.0-src,TestDatabaseBuilderParametersImpl,testSetKeyColumn_2_oe,src/test/java/org/apache/commons/configuration2/builder/TestDatabaseBuilderParametersImpl.java,,,,assert,unknown
conf_1130_1,commons-configuration2-2.8.0-src,TestDatabaseBuilderParametersImpl,testSetTable_1_oe,src/test/java/org/apache/commons/configuration2/builder/TestDatabaseBuilderParametersImpl.java,,,,assert,unknown
conf_1130_2,commons-configuration2-2.8.0-src,TestDatabaseBuilderParametersImpl,testSetTable_2_oe,src/test/java/org/apache/commons/configuration2/builder/TestDatabaseBuilderParametersImpl.java,,,,assert,unknown
conf_1131_1,commons-configuration2-2.8.0-src,TestDatabaseBuilderParametersImpl,testSetValueColumn_1_oe,src/test/java/org/apache/commons/configuration2/builder/TestDatabaseBuilderParametersImpl.java,,,,assert,unknown
conf_1131_2,commons-configuration2-2.8.0-src,TestDatabaseBuilderParametersImpl,testSetValueColumn_2_oe,src/test/java/org/apache/commons/configuration2/builder/TestDatabaseBuilderParametersImpl.java,,,,assert,unknown
conf_1132_1,commons-configuration2-2.8.0-src,TestHierarchicalBuilderParametersImpl,testBeanPropertiesAccess_1_oe,src/test/java/org/apache/commons/configuration2/builder/TestHierarchicalBuilderParametersImpl.java,,,,assert,unknown
conf_1132_2,commons-configuration2-2.8.0-src,TestHierarchicalBuilderParametersImpl,testBeanPropertiesAccess_2_oe,src/test/java/org/apache/commons/configuration2/builder/TestHierarchicalBuilderParametersImpl.java,,,,assert,unknown
conf_1133_1,commons-configuration2-2.8.0-src,TestHierarchicalBuilderParametersImpl,testInheritFrom_1_oe,src/test/java/org/apache/commons/configuration2/builder/TestHierarchicalBuilderParametersImpl.java,,,,assert,unknown
conf_1133_2,commons-configuration2-2.8.0-src,TestHierarchicalBuilderParametersImpl,testInheritFrom_2_oe,src/test/java/org/apache/commons/configuration2/builder/TestHierarchicalBuilderParametersImpl.java,,,,assert,unknown
conf_1134_1,commons-configuration2-2.8.0-src,TestHierarchicalBuilderParametersImpl,testSetExpressionEngine_1_oe,src/test/java/org/apache/commons/configuration2/builder/TestHierarchicalBuilderParametersImpl.java,,,,assert,unknown
conf_1134_2,commons-configuration2-2.8.0-src,TestHierarchicalBuilderParametersImpl,testSetExpressionEngine_2_oe,src/test/java/org/apache/commons/configuration2/builder/TestHierarchicalBuilderParametersImpl.java,,,,assert,unknown
conf_1135_1,commons-configuration2-2.8.0-src,TestXMLBuilderParametersImpl,testBeanPropertiesAccess_1_oe,src/test/java/org/apache/commons/configuration2/builder/TestXMLBuilderParametersImpl.java,,,,assert,unknown
conf_1135_2,commons-configuration2-2.8.0-src,TestXMLBuilderParametersImpl,testBeanPropertiesAccess_2_oe,src/test/java/org/apache/commons/configuration2/builder/TestXMLBuilderParametersImpl.java,,,,assert,unknown
conf_1135_3,commons-configuration2-2.8.0-src,TestXMLBuilderParametersImpl,testBeanPropertiesAccess_3_oe,src/test/java/org/apache/commons/configuration2/builder/TestXMLBuilderParametersImpl.java,,,,assert,unknown
conf_1135_4,commons-configuration2-2.8.0-src,TestXMLBuilderParametersImpl,testBeanPropertiesAccess_4_oe,src/test/java/org/apache/commons/configuration2/builder/TestXMLBuilderParametersImpl.java,,,,assert,unknown
conf_1136_1,commons-configuration2-2.8.0-src,TestXMLBuilderParametersImpl,testInheritFrom_1_oe,src/test/java/org/apache/commons/configuration2/builder/TestXMLBuilderParametersImpl.java,,,,assert,unknown
conf_1136_2,commons-configuration2-2.8.0-src,TestXMLBuilderParametersImpl,testInheritFrom_2_oe,src/test/java/org/apache/commons/configuration2/builder/TestXMLBuilderParametersImpl.java,,,,assert,unknown
conf_1136_3,commons-configuration2-2.8.0-src,TestXMLBuilderParametersImpl,testInheritFrom_3_oe,src/test/java/org/apache/commons/configuration2/builder/TestXMLBuilderParametersImpl.java,,,,assert,unknown
conf_1136_4,commons-configuration2-2.8.0-src,TestXMLBuilderParametersImpl,testInheritFrom_4_oe,src/test/java/org/apache/commons/configuration2/builder/TestXMLBuilderParametersImpl.java,,,,assert,unknown
conf_1136_5,commons-configuration2-2.8.0-src,TestXMLBuilderParametersImpl,testInheritFrom_5_oe,src/test/java/org/apache/commons/configuration2/builder/TestXMLBuilderParametersImpl.java,,,,assert,unknown
conf_1137_1,commons-configuration2-2.8.0-src,TestXMLBuilderParametersImpl,testSetDocumentBuilder_1_oe,src/test/java/org/apache/commons/configuration2/builder/TestXMLBuilderParametersImpl.java,,,,assert,unknown
conf_1137_2,commons-configuration2-2.8.0-src,TestXMLBuilderParametersImpl,testSetDocumentBuilder_2_oe,src/test/java/org/apache/commons/configuration2/builder/TestXMLBuilderParametersImpl.java,,,,assert,unknown
conf_1138_1,commons-configuration2-2.8.0-src,TestXMLBuilderParametersImpl,testSetEntityResolver_1_oe,src/test/java/org/apache/commons/configuration2/builder/TestXMLBuilderParametersImpl.java,,,,assert,unknown
conf_1138_2,commons-configuration2-2.8.0-src,TestXMLBuilderParametersImpl,testSetEntityResolver_2_oe,src/test/java/org/apache/commons/configuration2/builder/TestXMLBuilderParametersImpl.java,,,,assert,unknown
conf_1138_3,commons-configuration2-2.8.0-src,TestXMLBuilderParametersImpl,testSetEntityResolver_3_oe,src/test/java/org/apache/commons/configuration2/builder/TestXMLBuilderParametersImpl.java,,,,assert,unknown
conf_1139_1,commons-configuration2-2.8.0-src,TestXMLBuilderParametersImpl,testSetPublicID_1_oe,src/test/java/org/apache/commons/configuration2/builder/TestXMLBuilderParametersImpl.java,,,,assert,unknown
conf_1139_2,commons-configuration2-2.8.0-src,TestXMLBuilderParametersImpl,testSetPublicID_2_oe,src/test/java/org/apache/commons/configuration2/builder/TestXMLBuilderParametersImpl.java,,,,assert,unknown
conf_1140_1,commons-configuration2-2.8.0-src,TestXMLBuilderParametersImpl,testSetSchemaValidation_1_oe,src/test/java/org/apache/commons/configuration2/builder/TestXMLBuilderParametersImpl.java,,,,assert,unknown
conf_1140_2,commons-configuration2-2.8.0-src,TestXMLBuilderParametersImpl,testSetSchemaValidation_2_oe,src/test/java/org/apache/commons/configuration2/builder/TestXMLBuilderParametersImpl.java,,,,assert,unknown
conf_1141_1,commons-configuration2-2.8.0-src,TestXMLBuilderParametersImpl,testSetSystemID_1_oe,src/test/java/org/apache/commons/configuration2/builder/TestXMLBuilderParametersImpl.java,,,,assert,unknown
conf_1141_2,commons-configuration2-2.8.0-src,TestXMLBuilderParametersImpl,testSetSystemID_2_oe,src/test/java/org/apache/commons/configuration2/builder/TestXMLBuilderParametersImpl.java,,,,assert,unknown
conf_1142_1,commons-configuration2-2.8.0-src,TestXMLBuilderParametersImpl,testSetValidating_1_oe,src/test/java/org/apache/commons/configuration2/builder/TestXMLBuilderParametersImpl.java,,,,assert,unknown
conf_1142_2,commons-configuration2-2.8.0-src,TestXMLBuilderParametersImpl,testSetValidating_2_oe,src/test/java/org/apache/commons/configuration2/builder/TestXMLBuilderParametersImpl.java,,,,assert,unknown
conf_1143_1,commons-configuration2-2.8.0-src,TestBuilderConfigurationWrapperFactory,testConfigurationBuilderWrapper_1_oe,src/test/java/org/apache/commons/configuration2/builder/TestBuilderConfigurationWrapperFactory.java,,,,assert,unknown
conf_1143_2,commons-configuration2-2.8.0-src,TestBuilderConfigurationWrapperFactory,testConfigurationBuilderWrapper_2_oe,src/test/java/org/apache/commons/configuration2/builder/TestBuilderConfigurationWrapperFactory.java,,,,assert,unknown
conf_1143_3,commons-configuration2-2.8.0-src,TestBuilderConfigurationWrapperFactory,testConfigurationBuilderWrapper_3_oe,src/test/java/org/apache/commons/configuration2/builder/TestBuilderConfigurationWrapperFactory.java,,,,assert,unknown
conf_1144_1,commons-configuration2-2.8.0-src,TestBuilderConfigurationWrapperFactory,testDefaultEventSourceSupport_1_oe,src/test/java/org/apache/commons/configuration2/builder/TestBuilderConfigurationWrapperFactory.java,,,,assert,unknown
conf_1145_1,commons-configuration2-2.8.0-src,TestBuilderConfigurationWrapperFactory,testEventSourceSupportBuilder_1_oe,src/test/java/org/apache/commons/configuration2/builder/TestBuilderConfigurationWrapperFactory.java,,,,assert,unknown
conf_1145_2,commons-configuration2-2.8.0-src,TestBuilderConfigurationWrapperFactory,testEventSourceSupportBuilder_2_oe,src/test/java/org/apache/commons/configuration2/builder/TestBuilderConfigurationWrapperFactory.java,,,,assert,unknown
conf_1145_3,commons-configuration2-2.8.0-src,TestBuilderConfigurationWrapperFactory,testEventSourceSupportBuilder_3_oe,src/test/java/org/apache/commons/configuration2/builder/TestBuilderConfigurationWrapperFactory.java,,,,assert,unknown
conf_1145_4,commons-configuration2-2.8.0-src,TestBuilderConfigurationWrapperFactory,testEventSourceSupportBuilder_4_oe,src/test/java/org/apache/commons/configuration2/builder/TestBuilderConfigurationWrapperFactory.java,,,,assert,unknown
conf_1146_1,commons-configuration2-2.8.0-src,TestBuilderConfigurationWrapperFactory,testEventSourceSupportNone_1_oe,src/test/java/org/apache/commons/configuration2/builder/TestBuilderConfigurationWrapperFactory.java,,,,assert,unknown
conf_1147_1,commons-configuration2-2.8.0-src,TestDefaultReloadingDetectorFactory,testCreateReloadingDetector_1_oe,src/test/java/org/apache/commons/configuration2/builder/TestDefaultReloadingDetectorFactory.java,,,,assert,unknown
conf_1147_2,commons-configuration2-2.8.0-src,TestDefaultReloadingDetectorFactory,testCreateReloadingDetector_2_oe,src/test/java/org/apache/commons/configuration2/builder/TestDefaultReloadingDetectorFactory.java,,,,assert,unknown
conf_1148_1,commons-configuration2-2.8.0-src,TestDefaultReloadingDetectorFactory,testCreateReloadingDetectorDefaultRefreshDelay_1_oe,src/test/java/org/apache/commons/configuration2/builder/TestDefaultReloadingDetectorFactory.java,,,,assert,unknown
conf_1149_1,commons-configuration2-2.8.0-src,TestDefaultParametersManager,testApplyDefaultsMultipleHandlers_1_oe,src/test/java/org/apache/commons/configuration2/builder/TestDefaultParametersManager.java,,,,assert,unknown
conf_1150_1,commons-configuration2-2.8.0-src,TestReloadingFileBasedConfigurationBuilder,testCreateReloadingDetectorDefaultFactory_1_oe,src/test/java/org/apache/commons/configuration2/builder/TestReloadingFileBasedConfigurationBuilder.java,,,,assert,unknown
conf_1150_2,commons-configuration2-2.8.0-src,TestReloadingFileBasedConfigurationBuilder,testCreateReloadingDetectorDefaultFactory_2_oe,src/test/java/org/apache/commons/configuration2/builder/TestReloadingFileBasedConfigurationBuilder.java,,,,assert,unknown
conf_1151_1,commons-configuration2-2.8.0-src,TestReloadingFileBasedConfigurationBuilder,testCreateReloadingDetectoryCustomFactory_1_oe,src/test/java/org/apache/commons/configuration2/builder/TestReloadingFileBasedConfigurationBuilder.java,,,,assert,unknown
conf_1152_1,commons-configuration2-2.8.0-src,TestReloadingFileBasedConfigurationBuilder,testGetConfigurationNoLocation_1_oe,src/test/java/org/apache/commons/configuration2/builder/TestReloadingFileBasedConfigurationBuilder.java,,,,assert,unknown
conf_1152_2,commons-configuration2-2.8.0-src,TestReloadingFileBasedConfigurationBuilder,testGetConfigurationNoLocation_2_oe,src/test/java/org/apache/commons/configuration2/builder/TestReloadingFileBasedConfigurationBuilder.java,,,,assert,unknown
conf_1153_1,commons-configuration2-2.8.0-src,TestReloadingFileBasedConfigurationBuilder,testInitAllowFailOnInitFlag_1_oe,src/test/java/org/apache/commons/configuration2/builder/TestReloadingFileBasedConfigurationBuilder.java,,,,assert,unknown
conf_1154_1,commons-configuration2-2.8.0-src,TestReloadingFileBasedConfigurationBuilder,testReloadingDetectorIsReloadingRequired_1_oe,src/test/java/org/apache/commons/configuration2/builder/TestReloadingFileBasedConfigurationBuilder.java,,,,assert,unknown
conf_1154_2,commons-configuration2-2.8.0-src,TestReloadingFileBasedConfigurationBuilder,testReloadingDetectorIsReloadingRequired_2_oe,src/test/java/org/apache/commons/configuration2/builder/TestReloadingFileBasedConfigurationBuilder.java,,,,assert,unknown
conf_1154_3,commons-configuration2-2.8.0-src,TestReloadingFileBasedConfigurationBuilder,testReloadingDetectorIsReloadingRequired_3_oe,src/test/java/org/apache/commons/configuration2/builder/TestReloadingFileBasedConfigurationBuilder.java,,,,assert,unknown
conf_1155_1,commons-configuration2-2.8.0-src,TestReloadingFileBasedConfigurationBuilder,testReloadingDetectorNoFileHandler_1_oe,src/test/java/org/apache/commons/configuration2/builder/TestReloadingFileBasedConfigurationBuilder.java,,,,assert,unknown
conf_1156_1,commons-configuration2-2.8.0-src,TestReloadingFileBasedConfigurationBuilder,testResetReloadingStateInGetConfiguration_1_oe,src/test/java/org/apache/commons/configuration2/builder/TestReloadingFileBasedConfigurationBuilder.java,,,,assert,unknown
conf_1156_2,commons-configuration2-2.8.0-src,TestReloadingFileBasedConfigurationBuilder,testResetReloadingStateInGetConfiguration_2_oe,src/test/java/org/apache/commons/configuration2/builder/TestReloadingFileBasedConfigurationBuilder.java,,,,assert,unknown
conf_1157_1,commons-configuration2-2.8.0-src,TestReloadingBuilderSupportListener,testResetBuilderOnReloadingEvent_1_oe,src/test/java/org/apache/commons/configuration2/builder/TestReloadingBuilderSupportListener.java,,,,assert,unknown
conf_1158_1,commons-configuration2-2.8.0-src,TestReloadingBuilderSupportListener,testResetReloadingStateOnResultCreation_1_oe,src/test/java/org/apache/commons/configuration2/builder/TestReloadingBuilderSupportListener.java,,,,assert,unknown
conf_1159_1,commons-configuration2-2.8.0-src,TestBasicConfigurationBuilder,testAddConfigurationListener_1_oe,src/test/java/org/apache/commons/configuration2/builder/TestBasicConfigurationBuilder.java,,,,assert,unknown
conf_1159_2,commons-configuration2-2.8.0-src,TestBasicConfigurationBuilder,testAddConfigurationListener_2_oe,src/test/java/org/apache/commons/configuration2/builder/TestBasicConfigurationBuilder.java,,,,assert,unknown
conf_1160_1,commons-configuration2-2.8.0-src,TestBasicConfigurationBuilder,testAddParameters_1_oe,src/test/java/org/apache/commons/configuration2/builder/TestBasicConfigurationBuilder.java,,,,assert,unknown
conf_1160_2,commons-configuration2-2.8.0-src,TestBasicConfigurationBuilder,testAddParameters_2_oe,src/test/java/org/apache/commons/configuration2/builder/TestBasicConfigurationBuilder.java,,,,assert,unknown
conf_1160_3,commons-configuration2-2.8.0-src,TestBasicConfigurationBuilder,testAddParameters_3_oe,src/test/java/org/apache/commons/configuration2/builder/TestBasicConfigurationBuilder.java,,,,assert,unknown
conf_1161_1,commons-configuration2-2.8.0-src,TestBasicConfigurationBuilder,testAddParametersNull_1_oe,src/test/java/org/apache/commons/configuration2/builder/TestBasicConfigurationBuilder.java,,,,assert,unknown
conf_1162_1,commons-configuration2-2.8.0-src,TestBasicConfigurationBuilder,testBeanHelperInConfiguration_1_oe,src/test/java/org/apache/commons/configuration2/builder/TestBasicConfigurationBuilder.java,,,,assert,unknown
conf_1163_1,commons-configuration2-2.8.0-src,TestBasicConfigurationBuilder,testConfigure_1_oe,src/test/java/org/apache/commons/configuration2/builder/TestBasicConfigurationBuilder.java,,,,assert,unknown
conf_1164_1,commons-configuration2-2.8.0-src,TestBasicConfigurationBuilder,testConnectToReloadingController_1_oe,src/test/java/org/apache/commons/configuration2/builder/TestBasicConfigurationBuilder.java,,,,assert,unknown
conf_1164_2,commons-configuration2-2.8.0-src,TestBasicConfigurationBuilder,testConnectToReloadingController_2_oe,src/test/java/org/apache/commons/configuration2/builder/TestBasicConfigurationBuilder.java,,,,assert,unknown
conf_1164_3,commons-configuration2-2.8.0-src,TestBasicConfigurationBuilder,testConnectToReloadingController_3_oe,src/test/java/org/apache/commons/configuration2/builder/TestBasicConfigurationBuilder.java,,,,assert,unknown
conf_1165_1,commons-configuration2-2.8.0-src,TestBasicConfigurationBuilder,testCopyEventListeners_1_oe,src/test/java/org/apache/commons/configuration2/builder/TestBasicConfigurationBuilder.java,,,,assert,unknown
conf_1165_2,commons-configuration2-2.8.0-src,TestBasicConfigurationBuilder,testCopyEventListeners_2_oe,src/test/java/org/apache/commons/configuration2/builder/TestBasicConfigurationBuilder.java,,,,assert,unknown
conf_1165_3,commons-configuration2-2.8.0-src,TestBasicConfigurationBuilder,testCopyEventListeners_3_oe,src/test/java/org/apache/commons/configuration2/builder/TestBasicConfigurationBuilder.java,,,,assert,unknown
conf_1165_4,commons-configuration2-2.8.0-src,TestBasicConfigurationBuilder,testCopyEventListeners_4_oe,src/test/java/org/apache/commons/configuration2/builder/TestBasicConfigurationBuilder.java,,,,assert,unknown
conf_1165_5,commons-configuration2-2.8.0-src,TestBasicConfigurationBuilder,testCopyEventListeners_5_oe,src/test/java/org/apache/commons/configuration2/builder/TestBasicConfigurationBuilder.java,,,,assert,unknown
conf_1165_6,commons-configuration2-2.8.0-src,TestBasicConfigurationBuilder,testCopyEventListeners_6_oe,src/test/java/org/apache/commons/configuration2/builder/TestBasicConfigurationBuilder.java,,,,assert,unknown
conf_1165_7,commons-configuration2-2.8.0-src,TestBasicConfigurationBuilder,testCopyEventListeners_7_oe,src/test/java/org/apache/commons/configuration2/builder/TestBasicConfigurationBuilder.java,,,,assert,unknown
conf_1166_1,commons-configuration2-2.8.0-src,TestBasicConfigurationBuilder,testEventListenerConfiguration_1_oe,src/test/java/org/apache/commons/configuration2/builder/TestBasicConfigurationBuilder.java,,,,assert,unknown
conf_1166_2,commons-configuration2-2.8.0-src,TestBasicConfigurationBuilder,testEventListenerConfiguration_2_oe,src/test/java/org/apache/commons/configuration2/builder/TestBasicConfigurationBuilder.java,,,,assert,unknown
conf_1167_1,commons-configuration2-2.8.0-src,TestBasicConfigurationBuilder,testGetConfiguration_1_oe,src/test/java/org/apache/commons/configuration2/builder/TestBasicConfigurationBuilder.java,,,,assert,unknown
conf_1167_2,commons-configuration2-2.8.0-src,TestBasicConfigurationBuilder,testGetConfiguration_2_oe,src/test/java/org/apache/commons/configuration2/builder/TestBasicConfigurationBuilder.java,,,,assert,unknown
conf_1168_1,commons-configuration2-2.8.0-src,TestBasicConfigurationBuilder,testGetConfigurationConcurrently_1_oe,src/test/java/org/apache/commons/configuration2/builder/TestBasicConfigurationBuilder.java,,,,assert,unknown
conf_1168_2,commons-configuration2-2.8.0-src,TestBasicConfigurationBuilder,testGetConfigurationConcurrently_2_oe,src/test/java/org/apache/commons/configuration2/builder/TestBasicConfigurationBuilder.java,,,,assert,unknown
conf_1169_1,commons-configuration2-2.8.0-src,TestBasicConfigurationBuilder,testInitializableCalled_1_oe,src/test/java/org/apache/commons/configuration2/builder/TestBasicConfigurationBuilder.java,,,,assert,unknown
conf_1170_1,commons-configuration2-2.8.0-src,TestBasicConfigurationBuilder,testInitializationErrorAllowed_1_oe,src/test/java/org/apache/commons/configuration2/builder/TestBasicConfigurationBuilder.java,,,,assert,unknown
conf_1171_1,commons-configuration2-2.8.0-src,TestBasicConfigurationBuilder,testInitWithParameters_1_oe,src/test/java/org/apache/commons/configuration2/builder/TestBasicConfigurationBuilder.java,,,,assert,unknown
conf_1172_1,commons-configuration2-2.8.0-src,TestBasicConfigurationBuilder,testInitWithParametersDefensiveCopy_1_oe,src/test/java/org/apache/commons/configuration2/builder/TestBasicConfigurationBuilder.java,,,,assert,unknown
conf_1173_1,commons-configuration2-2.8.0-src,TestBasicConfigurationBuilder,testInitWithParametersNull_1_oe,src/test/java/org/apache/commons/configuration2/builder/TestBasicConfigurationBuilder.java,,,,assert,unknown
conf_1174_1,commons-configuration2-2.8.0-src,TestBasicConfigurationBuilder,testRemoveConfigurationListener_1_oe,src/test/java/org/apache/commons/configuration2/builder/TestBasicConfigurationBuilder.java,,,,assert,unknown
conf_1174_2,commons-configuration2-2.8.0-src,TestBasicConfigurationBuilder,testRemoveConfigurationListener_2_oe,src/test/java/org/apache/commons/configuration2/builder/TestBasicConfigurationBuilder.java,,,,assert,unknown
conf_1174_3,commons-configuration2-2.8.0-src,TestBasicConfigurationBuilder,testRemoveConfigurationListener_3_oe,src/test/java/org/apache/commons/configuration2/builder/TestBasicConfigurationBuilder.java,,,,assert,unknown
conf_1174_4,commons-configuration2-2.8.0-src,TestBasicConfigurationBuilder,testRemoveConfigurationListener_4_oe,src/test/java/org/apache/commons/configuration2/builder/TestBasicConfigurationBuilder.java,,,,assert,unknown
conf_1175_1,commons-configuration2-2.8.0-src,TestBasicConfigurationBuilder,testReservedParameter_1_oe,src/test/java/org/apache/commons/configuration2/builder/TestBasicConfigurationBuilder.java,,,,assert,unknown
conf_1176_1,commons-configuration2-2.8.0-src,TestBasicConfigurationBuilder,testReset_1_oe,src/test/java/org/apache/commons/configuration2/builder/TestBasicConfigurationBuilder.java,,,,assert,unknown
conf_1176_2,commons-configuration2-2.8.0-src,TestBasicConfigurationBuilder,testReset_2_oe,src/test/java/org/apache/commons/configuration2/builder/TestBasicConfigurationBuilder.java,,,,assert,unknown
conf_1177_1,commons-configuration2-2.8.0-src,TestBasicConfigurationBuilder,testResetParameters_1_oe,src/test/java/org/apache/commons/configuration2/builder/TestBasicConfigurationBuilder.java,,,,assert,unknown
conf_1178_1,commons-configuration2-2.8.0-src,TestBasicConfigurationBuilder,testResetResult_1_oe,src/test/java/org/apache/commons/configuration2/builder/TestBasicConfigurationBuilder.java,,,,assert,unknown
conf_1178_2,commons-configuration2-2.8.0-src,TestBasicConfigurationBuilder,testResetResult_2_oe,src/test/java/org/apache/commons/configuration2/builder/TestBasicConfigurationBuilder.java,,,,assert,unknown
conf_1179_1,commons-configuration2-2.8.0-src,TestBasicConfigurationBuilder,testSetParameters_1_oe,src/test/java/org/apache/commons/configuration2/builder/TestBasicConfigurationBuilder.java,,,,assert,unknown
conf_1179_2,commons-configuration2-2.8.0-src,TestBasicConfigurationBuilder,testSetParameters_2_oe,src/test/java/org/apache/commons/configuration2/builder/TestBasicConfigurationBuilder.java,,,,assert,unknown
conf_1180_1,commons-configuration2-2.8.0-src,TestFileBasedBuilderParameters,testBeanPropertiesAccess_1_oe,src/test/java/org/apache/commons/configuration2/builder/TestFileBasedBuilderParameters.java,,,,assert,unknown
conf_1180_2,commons-configuration2-2.8.0-src,TestFileBasedBuilderParameters,testBeanPropertiesAccess_2_oe,src/test/java/org/apache/commons/configuration2/builder/TestFileBasedBuilderParameters.java,,,,assert,unknown
conf_1181_1,commons-configuration2-2.8.0-src,TestFileBasedBuilderParameters,testClone_1_oe,src/test/java/org/apache/commons/configuration2/builder/TestFileBasedBuilderParameters.java,,,,assert,unknown
conf_1181_2,commons-configuration2-2.8.0-src,TestFileBasedBuilderParameters,testClone_2_oe,src/test/java/org/apache/commons/configuration2/builder/TestFileBasedBuilderParameters.java,,,,assert,unknown
conf_1181_3,commons-configuration2-2.8.0-src,TestFileBasedBuilderParameters,testClone_3_oe,src/test/java/org/apache/commons/configuration2/builder/TestFileBasedBuilderParameters.java,,,,assert,unknown
conf_1181_4,commons-configuration2-2.8.0-src,TestFileBasedBuilderParameters,testClone_4_oe,src/test/java/org/apache/commons/configuration2/builder/TestFileBasedBuilderParameters.java,,,,assert,unknown
conf_1182_1,commons-configuration2-2.8.0-src,TestFileBasedBuilderParameters,testFromMap_1_oe,src/test/java/org/apache/commons/configuration2/builder/TestFileBasedBuilderParameters.java,,,,assert,unknown
conf_1182_2,commons-configuration2-2.8.0-src,TestFileBasedBuilderParameters,testFromMap_2_oe,src/test/java/org/apache/commons/configuration2/builder/TestFileBasedBuilderParameters.java,,,,assert,unknown
conf_1182_3,commons-configuration2-2.8.0-src,TestFileBasedBuilderParameters,testFromMap_3_oe,src/test/java/org/apache/commons/configuration2/builder/TestFileBasedBuilderParameters.java,,,,assert,unknown
conf_1182_4,commons-configuration2-2.8.0-src,TestFileBasedBuilderParameters,testFromMap_4_oe,src/test/java/org/apache/commons/configuration2/builder/TestFileBasedBuilderParameters.java,,,,assert,unknown
conf_1183_1,commons-configuration2-2.8.0-src,TestFileBasedBuilderParameters,testFromMapNull_1_oe,src/test/java/org/apache/commons/configuration2/builder/TestFileBasedBuilderParameters.java,,,,assert,unknown
conf_1183_2,commons-configuration2-2.8.0-src,TestFileBasedBuilderParameters,testFromMapNull_2_oe,src/test/java/org/apache/commons/configuration2/builder/TestFileBasedBuilderParameters.java,,,,assert,unknown
conf_1184_1,commons-configuration2-2.8.0-src,TestFileBasedBuilderParameters,testFromParametersDefaultInstance_1_oe,src/test/java/org/apache/commons/configuration2/builder/TestFileBasedBuilderParameters.java,,,,assert,unknown
conf_1185_1,commons-configuration2-2.8.0-src,TestFileBasedBuilderParameters,testFromParametersExtract_1_oe,src/test/java/org/apache/commons/configuration2/builder/TestFileBasedBuilderParameters.java,,,,assert,unknown
conf_1186_1,commons-configuration2-2.8.0-src,TestFileBasedBuilderParameters,testFromParametersNotFound_1_oe,src/test/java/org/apache/commons/configuration2/builder/TestFileBasedBuilderParameters.java,,,,assert,unknown
conf_1187_1,commons-configuration2-2.8.0-src,TestFileBasedBuilderParameters,testGetParameters_1_oe,src/test/java/org/apache/commons/configuration2/builder/TestFileBasedBuilderParameters.java,,,,assert,unknown
conf_1187_2,commons-configuration2-2.8.0-src,TestFileBasedBuilderParameters,testGetParameters_2_oe,src/test/java/org/apache/commons/configuration2/builder/TestFileBasedBuilderParameters.java,,,,assert,unknown
conf_1188_1,commons-configuration2-2.8.0-src,TestFileBasedBuilderParameters,testInheritFrom_1_oe,src/test/java/org/apache/commons/configuration2/builder/TestFileBasedBuilderParameters.java,,,,assert,unknown
conf_1188_2,commons-configuration2-2.8.0-src,TestFileBasedBuilderParameters,testInheritFrom_2_oe,src/test/java/org/apache/commons/configuration2/builder/TestFileBasedBuilderParameters.java,,,,assert,unknown
conf_1188_3,commons-configuration2-2.8.0-src,TestFileBasedBuilderParameters,testInheritFrom_3_oe,src/test/java/org/apache/commons/configuration2/builder/TestFileBasedBuilderParameters.java,,,,assert,unknown
conf_1188_4,commons-configuration2-2.8.0-src,TestFileBasedBuilderParameters,testInheritFrom_4_oe,src/test/java/org/apache/commons/configuration2/builder/TestFileBasedBuilderParameters.java,,,,assert,unknown
conf_1188_5,commons-configuration2-2.8.0-src,TestFileBasedBuilderParameters,testInheritFrom_5_oe,src/test/java/org/apache/commons/configuration2/builder/TestFileBasedBuilderParameters.java,,,,assert,unknown
conf_1188_6,commons-configuration2-2.8.0-src,TestFileBasedBuilderParameters,testInheritFrom_6_oe,src/test/java/org/apache/commons/configuration2/builder/TestFileBasedBuilderParameters.java,,,,assert,unknown
conf_1188_7,commons-configuration2-2.8.0-src,TestFileBasedBuilderParameters,testInheritFrom_7_oe,src/test/java/org/apache/commons/configuration2/builder/TestFileBasedBuilderParameters.java,,,,assert,unknown
conf_1189_1,commons-configuration2-2.8.0-src,TestFileBasedBuilderParameters,testInheritFromNoParametersObject_1_oe,src/test/java/org/apache/commons/configuration2/builder/TestFileBasedBuilderParameters.java,,,,assert,unknown
conf_1190_1,commons-configuration2-2.8.0-src,TestFileBasedBuilderParameters,testInheritFromSkipMissingProperties_1_oe,src/test/java/org/apache/commons/configuration2/builder/TestFileBasedBuilderParameters.java,,,,assert,unknown
conf_1190_2,commons-configuration2-2.8.0-src,TestFileBasedBuilderParameters,testInheritFromSkipMissingProperties_2_oe,src/test/java/org/apache/commons/configuration2/builder/TestFileBasedBuilderParameters.java,,,,assert,unknown
conf_1190_3,commons-configuration2-2.8.0-src,TestFileBasedBuilderParameters,testInheritFromSkipMissingProperties_3_oe,src/test/java/org/apache/commons/configuration2/builder/TestFileBasedBuilderParameters.java,,,,assert,unknown
conf_1191_1,commons-configuration2-2.8.0-src,TestFileBasedBuilderParameters,testInitDefaults_1_oe,src/test/java/org/apache/commons/configuration2/builder/TestFileBasedBuilderParameters.java,,,,assert,unknown
conf_1191_2,commons-configuration2-2.8.0-src,TestFileBasedBuilderParameters,testInitDefaults_2_oe,src/test/java/org/apache/commons/configuration2/builder/TestFileBasedBuilderParameters.java,,,,assert,unknown
conf_1192_1,commons-configuration2-2.8.0-src,TestFileBasedBuilderParameters,testInitFileHandler_1_oe,src/test/java/org/apache/commons/configuration2/builder/TestFileBasedBuilderParameters.java,,,,assert,unknown
conf_1193_1,commons-configuration2-2.8.0-src,TestFileBasedBuilderParameters,testSetBasePath_1_oe,src/test/java/org/apache/commons/configuration2/builder/TestFileBasedBuilderParameters.java,,,,assert,unknown
conf_1193_2,commons-configuration2-2.8.0-src,TestFileBasedBuilderParameters,testSetBasePath_2_oe,src/test/java/org/apache/commons/configuration2/builder/TestFileBasedBuilderParameters.java,,,,assert,unknown
conf_1194_1,commons-configuration2-2.8.0-src,TestFileBasedBuilderParameters,testSetEncoding_1_oe,src/test/java/org/apache/commons/configuration2/builder/TestFileBasedBuilderParameters.java,,,,assert,unknown
conf_1194_2,commons-configuration2-2.8.0-src,TestFileBasedBuilderParameters,testSetEncoding_2_oe,src/test/java/org/apache/commons/configuration2/builder/TestFileBasedBuilderParameters.java,,,,assert,unknown
conf_1195_1,commons-configuration2-2.8.0-src,TestFileBasedBuilderParameters,testSetFile_1_oe,src/test/java/org/apache/commons/configuration2/builder/TestFileBasedBuilderParameters.java,,,,assert,unknown
conf_1195_2,commons-configuration2-2.8.0-src,TestFileBasedBuilderParameters,testSetFile_2_oe,src/test/java/org/apache/commons/configuration2/builder/TestFileBasedBuilderParameters.java,,,,assert,unknown
conf_1196_1,commons-configuration2-2.8.0-src,TestFileBasedBuilderParameters,testSetFileName_1_oe,src/test/java/org/apache/commons/configuration2/builder/TestFileBasedBuilderParameters.java,,,,assert,unknown
conf_1196_2,commons-configuration2-2.8.0-src,TestFileBasedBuilderParameters,testSetFileName_2_oe,src/test/java/org/apache/commons/configuration2/builder/TestFileBasedBuilderParameters.java,,,,assert,unknown
conf_1197_1,commons-configuration2-2.8.0-src,TestFileBasedBuilderParameters,testSetFileSystem_1_oe,src/test/java/org/apache/commons/configuration2/builder/TestFileBasedBuilderParameters.java,,,,assert,unknown
conf_1197_2,commons-configuration2-2.8.0-src,TestFileBasedBuilderParameters,testSetFileSystem_2_oe,src/test/java/org/apache/commons/configuration2/builder/TestFileBasedBuilderParameters.java,,,,assert,unknown
conf_1198_1,commons-configuration2-2.8.0-src,TestFileBasedBuilderParameters,testSetLocationStrategy_1_oe,src/test/java/org/apache/commons/configuration2/builder/TestFileBasedBuilderParameters.java,,,,assert,unknown
conf_1198_2,commons-configuration2-2.8.0-src,TestFileBasedBuilderParameters,testSetLocationStrategy_2_oe,src/test/java/org/apache/commons/configuration2/builder/TestFileBasedBuilderParameters.java,,,,assert,unknown
conf_1199_1,commons-configuration2-2.8.0-src,TestFileBasedBuilderParameters,testSetPath_1_oe,src/test/java/org/apache/commons/configuration2/builder/TestFileBasedBuilderParameters.java,,,,assert,unknown
conf_1199_2,commons-configuration2-2.8.0-src,TestFileBasedBuilderParameters,testSetPath_2_oe,src/test/java/org/apache/commons/configuration2/builder/TestFileBasedBuilderParameters.java,,,,assert,unknown
conf_1200_1,commons-configuration2-2.8.0-src,TestFileBasedBuilderParameters,testSetReloadingDetectorFactory_1_oe,src/test/java/org/apache/commons/configuration2/builder/TestFileBasedBuilderParameters.java,,,,assert,unknown
conf_1200_2,commons-configuration2-2.8.0-src,TestFileBasedBuilderParameters,testSetReloadingDetectorFactory_2_oe,src/test/java/org/apache/commons/configuration2/builder/TestFileBasedBuilderParameters.java,,,,assert,unknown
conf_1200_3,commons-configuration2-2.8.0-src,TestFileBasedBuilderParameters,testSetReloadingDetectorFactory_3_oe,src/test/java/org/apache/commons/configuration2/builder/TestFileBasedBuilderParameters.java,,,,assert,unknown
conf_1201_1,commons-configuration2-2.8.0-src,TestFileBasedBuilderParameters,testSetReloadingRefreshDelay_1_oe,src/test/java/org/apache/commons/configuration2/builder/TestFileBasedBuilderParameters.java,,,,assert,unknown
conf_1201_2,commons-configuration2-2.8.0-src,TestFileBasedBuilderParameters,testSetReloadingRefreshDelay_2_oe,src/test/java/org/apache/commons/configuration2/builder/TestFileBasedBuilderParameters.java,,,,assert,unknown
conf_1202_1,commons-configuration2-2.8.0-src,TestFileBasedBuilderParameters,testSetURL_1_oe,src/test/java/org/apache/commons/configuration2/builder/TestFileBasedBuilderParameters.java,,,,assert,unknown
conf_1202_2,commons-configuration2-2.8.0-src,TestFileBasedBuilderParameters,testSetURL_2_oe,src/test/java/org/apache/commons/configuration2/builder/TestFileBasedBuilderParameters.java,,,,assert,unknown
conf_1203_1,commons-configuration2-2.8.0-src,TestBasicConfigurationBuilderEvents,testBuilderEventType_1_oe,src/test/java/org/apache/commons/configuration2/builder/TestBasicConfigurationBuilderEvents.java,,,,assert,unknown
conf_1204_1,commons-configuration2-2.8.0-src,TestBasicConfigurationBuilderEvents,testBuilderResetEvent_1_oe,src/test/java/org/apache/commons/configuration2/builder/TestBasicConfigurationBuilderEvents.java,,,,assert,unknown
conf_1204_2,commons-configuration2-2.8.0-src,TestBasicConfigurationBuilderEvents,testBuilderResetEvent_2_oe,src/test/java/org/apache/commons/configuration2/builder/TestBasicConfigurationBuilderEvents.java,,,,assert,unknown
conf_1205_1,commons-configuration2-2.8.0-src,TestBasicConfigurationBuilderEvents,testBuilderResetEventType_1_oe,src/test/java/org/apache/commons/configuration2/builder/TestBasicConfigurationBuilderEvents.java,,,,assert,unknown
conf_1206_1,commons-configuration2-2.8.0-src,TestBasicConfigurationBuilderEvents,testConfigurationRequestEvent_1_oe,src/test/java/org/apache/commons/configuration2/builder/TestBasicConfigurationBuilderEvents.java,,,,assert,unknown
conf_1207_1,commons-configuration2-2.8.0-src,TestBasicConfigurationBuilderEvents,testConfigurationRequestEventType_1_oe,src/test/java/org/apache/commons/configuration2/builder/TestBasicConfigurationBuilderEvents.java,,,,assert,unknown
conf_1208_1,commons-configuration2-2.8.0-src,TestBasicConfigurationBuilderEvents,testRemoveEventListener_1_oe,src/test/java/org/apache/commons/configuration2/builder/TestBasicConfigurationBuilderEvents.java,,,,assert,unknown
conf_1209_1,commons-configuration2-2.8.0-src,TestBasicConfigurationBuilderEvents,testRemoveEventListenerNotExisting_1_oe,src/test/java/org/apache/commons/configuration2/builder/TestBasicConfigurationBuilderEvents.java,,,,assert,unknown
conf_1210_1,commons-configuration2-2.8.0-src,TestBasicConfigurationBuilderEvents,testResetOnConfigurationRequestEvent_1_oe,src/test/java/org/apache/commons/configuration2/builder/TestBasicConfigurationBuilderEvents.java,,,,assert,unknown
conf_1211_1,commons-configuration2-2.8.0-src,TestBasicConfigurationBuilderEvents,testResultCreatedEvent_1_oe,src/test/java/org/apache/commons/configuration2/builder/TestBasicConfigurationBuilderEvents.java,,,,assert,unknown
conf_1211_2,commons-configuration2-2.8.0-src,TestBasicConfigurationBuilderEvents,testResultCreatedEvent_2_oe,src/test/java/org/apache/commons/configuration2/builder/TestBasicConfigurationBuilderEvents.java,,,,assert,unknown
conf_1212_1,commons-configuration2-2.8.0-src,TestBasicConfigurationBuilderEvents,testResultCreatedEventType_1_oe,src/test/java/org/apache/commons/configuration2/builder/TestBasicConfigurationBuilderEvents.java,,,,assert,unknown
conf_1213_1,commons-configuration2-2.8.0-src,TestPropertiesBuilderParametersImpl,testBeanPropertiesAccess_1_oe,src/test/java/org/apache/commons/configuration2/builder/TestPropertiesBuilderParametersImpl.java,,,,assert,unknown
conf_1213_2,commons-configuration2-2.8.0-src,TestPropertiesBuilderParametersImpl,testBeanPropertiesAccess_2_oe,src/test/java/org/apache/commons/configuration2/builder/TestPropertiesBuilderParametersImpl.java,,,,assert,unknown
conf_1213_3,commons-configuration2-2.8.0-src,TestPropertiesBuilderParametersImpl,testBeanPropertiesAccess_3_oe,src/test/java/org/apache/commons/configuration2/builder/TestPropertiesBuilderParametersImpl.java,,,,assert,unknown
conf_1214_1,commons-configuration2-2.8.0-src,TestPropertiesBuilderParametersImpl,testInheritFrom_1_oe,src/test/java/org/apache/commons/configuration2/builder/TestPropertiesBuilderParametersImpl.java,,,,assert,unknown
conf_1214_2,commons-configuration2-2.8.0-src,TestPropertiesBuilderParametersImpl,testInheritFrom_2_oe,src/test/java/org/apache/commons/configuration2/builder/TestPropertiesBuilderParametersImpl.java,,,,assert,unknown
conf_1214_3,commons-configuration2-2.8.0-src,TestPropertiesBuilderParametersImpl,testInheritFrom_3_oe,src/test/java/org/apache/commons/configuration2/builder/TestPropertiesBuilderParametersImpl.java,,,,assert,unknown
conf_1214_4,commons-configuration2-2.8.0-src,TestPropertiesBuilderParametersImpl,testInheritFrom_4_oe,src/test/java/org/apache/commons/configuration2/builder/TestPropertiesBuilderParametersImpl.java,,,,assert,unknown
conf_1214_5,commons-configuration2-2.8.0-src,TestPropertiesBuilderParametersImpl,testInheritFrom_5_oe,src/test/java/org/apache/commons/configuration2/builder/TestPropertiesBuilderParametersImpl.java,,,,assert,unknown
conf_1215_1,commons-configuration2-2.8.0-src,TestPropertiesBuilderParametersImpl,testSetIncludeListener_1_oe,src/test/java/org/apache/commons/configuration2/builder/TestPropertiesBuilderParametersImpl.java,,,,assert,unknown
conf_1215_2,commons-configuration2-2.8.0-src,TestPropertiesBuilderParametersImpl,testSetIncludeListener_2_oe,src/test/java/org/apache/commons/configuration2/builder/TestPropertiesBuilderParametersImpl.java,,,,assert,unknown
conf_1216_1,commons-configuration2-2.8.0-src,TestPropertiesBuilderParametersImpl,testSetIncludeListenerProperty_1_oe,src/test/java/org/apache/commons/configuration2/builder/TestPropertiesBuilderParametersImpl.java,,,,assert,unknown
conf_1217_1,commons-configuration2-2.8.0-src,TestPropertiesBuilderParametersImpl,testSetIncludesAllowed_1_oe,src/test/java/org/apache/commons/configuration2/builder/TestPropertiesBuilderParametersImpl.java,,,,assert,unknown
conf_1217_2,commons-configuration2-2.8.0-src,TestPropertiesBuilderParametersImpl,testSetIncludesAllowed_2_oe,src/test/java/org/apache/commons/configuration2/builder/TestPropertiesBuilderParametersImpl.java,,,,assert,unknown
conf_1218_1,commons-configuration2-2.8.0-src,TestPropertiesBuilderParametersImpl,testSetIOFactory_1_oe,src/test/java/org/apache/commons/configuration2/builder/TestPropertiesBuilderParametersImpl.java,,,,assert,unknown
conf_1218_2,commons-configuration2-2.8.0-src,TestPropertiesBuilderParametersImpl,testSetIOFactory_2_oe,src/test/java/org/apache/commons/configuration2/builder/TestPropertiesBuilderParametersImpl.java,,,,assert,unknown
conf_1219_1,commons-configuration2-2.8.0-src,TestPropertiesBuilderParametersImpl,testSetIOFactoryProperty_1_oe,src/test/java/org/apache/commons/configuration2/builder/TestPropertiesBuilderParametersImpl.java,,,,assert,unknown
conf_1220_1,commons-configuration2-2.8.0-src,TestPropertiesBuilderParametersImpl,testSetLayout_1_oe,src/test/java/org/apache/commons/configuration2/builder/TestPropertiesBuilderParametersImpl.java,,,,assert,unknown
conf_1220_2,commons-configuration2-2.8.0-src,TestPropertiesBuilderParametersImpl,testSetLayout_2_oe,src/test/java/org/apache/commons/configuration2/builder/TestPropertiesBuilderParametersImpl.java,,,,assert,unknown
conf_1221_1,commons-configuration2-2.8.0-src,TestEventListenerParameters,testAddEventListener_1_oe,src/test/java/org/apache/commons/configuration2/builder/TestEventListenerParameters.java,,,,assert,unknown
conf_1221_2,commons-configuration2-2.8.0-src,TestEventListenerParameters,testAddEventListener_2_oe,src/test/java/org/apache/commons/configuration2/builder/TestEventListenerParameters.java,,,,assert,unknown
conf_1221_3,commons-configuration2-2.8.0-src,TestEventListenerParameters,testAddEventListener_3_oe,src/test/java/org/apache/commons/configuration2/builder/TestEventListenerParameters.java,,,,assert,unknown
conf_1221_4,commons-configuration2-2.8.0-src,TestEventListenerParameters,testAddEventListener_4_oe,src/test/java/org/apache/commons/configuration2/builder/TestEventListenerParameters.java,,,,assert,unknown
conf_1222_1,commons-configuration2-2.8.0-src,TestEventListenerParameters,testAddEventListenerRegistration_1_oe,src/test/java/org/apache/commons/configuration2/builder/TestEventListenerParameters.java,,,,assert,unknown
conf_1222_2,commons-configuration2-2.8.0-src,TestEventListenerParameters,testAddEventListenerRegistration_2_oe,src/test/java/org/apache/commons/configuration2/builder/TestEventListenerParameters.java,,,,assert,unknown
conf_1222_3,commons-configuration2-2.8.0-src,TestEventListenerParameters,testAddEventListenerRegistration_3_oe,src/test/java/org/apache/commons/configuration2/builder/TestEventListenerParameters.java,,,,assert,unknown
conf_1223_1,commons-configuration2-2.8.0-src,TestEventListenerParameters,testGetParameters_1_oe,src/test/java/org/apache/commons/configuration2/builder/TestEventListenerParameters.java,,,,assert,unknown
conf_1224_1,commons-configuration2-2.8.0-src,TestEventListenerParameters,testRegistrationsAfterCreation_1_oe,src/test/java/org/apache/commons/configuration2/builder/TestEventListenerParameters.java,,,,assert,unknown
conf_1225_1,commons-configuration2-2.8.0-src,TestJndiBuilderParametersImpl,testGetParametersBaseProperties_1_oe,src/test/java/org/apache/commons/configuration2/builder/TestJndiBuilderParametersImpl.java,,,,assert,unknown
conf_1226_1,commons-configuration2-2.8.0-src,TestJndiBuilderParametersImpl,testSetBeanProperties_1_oe,src/test/java/org/apache/commons/configuration2/builder/TestJndiBuilderParametersImpl.java,,,,assert,unknown
conf_1226_2,commons-configuration2-2.8.0-src,TestJndiBuilderParametersImpl,testSetBeanProperties_2_oe,src/test/java/org/apache/commons/configuration2/builder/TestJndiBuilderParametersImpl.java,,,,assert,unknown
conf_1227_1,commons-configuration2-2.8.0-src,TestJndiBuilderParametersImpl,testSetContext_1_oe,src/test/java/org/apache/commons/configuration2/builder/TestJndiBuilderParametersImpl.java,,,,assert,unknown
conf_1227_2,commons-configuration2-2.8.0-src,TestJndiBuilderParametersImpl,testSetContext_2_oe,src/test/java/org/apache/commons/configuration2/builder/TestJndiBuilderParametersImpl.java,,,,assert,unknown
conf_1228_1,commons-configuration2-2.8.0-src,TestJndiBuilderParametersImpl,testSetPrefix_1_oe,src/test/java/org/apache/commons/configuration2/builder/TestJndiBuilderParametersImpl.java,,,,assert,unknown
conf_1228_2,commons-configuration2-2.8.0-src,TestJndiBuilderParametersImpl,testSetPrefix_2_oe,src/test/java/org/apache/commons/configuration2/builder/TestJndiBuilderParametersImpl.java,,,,assert,unknown
conf_1229_1,commons-configuration2-2.8.0-src,TestBasicBuilderParameters,testCloneDefaultLookups_1_oe,src/test/java/org/apache/commons/configuration2/builder/TestBasicBuilderParameters.java,,,,assert,unknown
conf_1229_2,commons-configuration2-2.8.0-src,TestBasicBuilderParameters,testCloneDefaultLookups_2_oe,src/test/java/org/apache/commons/configuration2/builder/TestBasicBuilderParameters.java,,,,assert,unknown
conf_1230_1,commons-configuration2-2.8.0-src,TestBasicBuilderParameters,testClonePrefixLookups_1_oe,src/test/java/org/apache/commons/configuration2/builder/TestBasicBuilderParameters.java,,,,assert,unknown
conf_1230_2,commons-configuration2-2.8.0-src,TestBasicBuilderParameters,testClonePrefixLookups_2_oe,src/test/java/org/apache/commons/configuration2/builder/TestBasicBuilderParameters.java,,,,assert,unknown
conf_1231_1,commons-configuration2-2.8.0-src,TestBasicBuilderParameters,testCloneValues_1_oe,src/test/java/org/apache/commons/configuration2/builder/TestBasicBuilderParameters.java,,,,assert,unknown
conf_1231_2,commons-configuration2-2.8.0-src,TestBasicBuilderParameters,testCloneValues_2_oe,src/test/java/org/apache/commons/configuration2/builder/TestBasicBuilderParameters.java,,,,assert,unknown
conf_1231_3,commons-configuration2-2.8.0-src,TestBasicBuilderParameters,testCloneValues_3_oe,src/test/java/org/apache/commons/configuration2/builder/TestBasicBuilderParameters.java,,,,assert,unknown
conf_1231_4,commons-configuration2-2.8.0-src,TestBasicBuilderParameters,testCloneValues_4_oe,src/test/java/org/apache/commons/configuration2/builder/TestBasicBuilderParameters.java,,,,assert,unknown
conf_1232_1,commons-configuration2-2.8.0-src,TestBasicBuilderParameters,testDefaults_1_oe,src/test/java/org/apache/commons/configuration2/builder/TestBasicBuilderParameters.java,,,,assert,unknown
conf_1233_1,commons-configuration2-2.8.0-src,TestBasicBuilderParameters,testFetchBeanHelperNoSet_1_oe,src/test/java/org/apache/commons/configuration2/builder/TestBasicBuilderParameters.java,,,,assert,unknown
conf_1234_1,commons-configuration2-2.8.0-src,TestBasicBuilderParameters,testFetchInterpolatorSpecification_1_oe,src/test/java/org/apache/commons/configuration2/builder/TestBasicBuilderParameters.java,,,,assert,unknown
conf_1234_2,commons-configuration2-2.8.0-src,TestBasicBuilderParameters,testFetchInterpolatorSpecification_2_oe,src/test/java/org/apache/commons/configuration2/builder/TestBasicBuilderParameters.java,,,,assert,unknown
conf_1234_3,commons-configuration2-2.8.0-src,TestBasicBuilderParameters,testFetchInterpolatorSpecification_3_oe,src/test/java/org/apache/commons/configuration2/builder/TestBasicBuilderParameters.java,,,,assert,unknown
conf_1234_4,commons-configuration2-2.8.0-src,TestBasicBuilderParameters,testFetchInterpolatorSpecification_4_oe,src/test/java/org/apache/commons/configuration2/builder/TestBasicBuilderParameters.java,,,,assert,unknown
conf_1235_1,commons-configuration2-2.8.0-src,TestBasicBuilderParameters,testFetchInterpolatorSpecificationEmpty_1_oe,src/test/java/org/apache/commons/configuration2/builder/TestBasicBuilderParameters.java,,,,assert,unknown
conf_1235_2,commons-configuration2-2.8.0-src,TestBasicBuilderParameters,testFetchInterpolatorSpecificationEmpty_2_oe,src/test/java/org/apache/commons/configuration2/builder/TestBasicBuilderParameters.java,,,,assert,unknown
conf_1236_1,commons-configuration2-2.8.0-src,TestBasicBuilderParameters,testFetchInterpolatorSpecificationWithInterpolator_1_oe,src/test/java/org/apache/commons/configuration2/builder/TestBasicBuilderParameters.java,,,,assert,unknown
conf_1236_2,commons-configuration2-2.8.0-src,TestBasicBuilderParameters,testFetchInterpolatorSpecificationWithInterpolator_2_oe,src/test/java/org/apache/commons/configuration2/builder/TestBasicBuilderParameters.java,,,,assert,unknown
conf_1237_1,commons-configuration2-2.8.0-src,TestBasicBuilderParameters,testGetParametersDefensiveCopy_1_oe,src/test/java/org/apache/commons/configuration2/builder/TestBasicBuilderParameters.java,,,,assert,unknown
conf_1237_2,commons-configuration2-2.8.0-src,TestBasicBuilderParameters,testGetParametersDefensiveCopy_2_oe,src/test/java/org/apache/commons/configuration2/builder/TestBasicBuilderParameters.java,,,,assert,unknown
conf_1238_1,commons-configuration2-2.8.0-src,TestBasicBuilderParameters,testInheritFrom_1_oe,src/test/java/org/apache/commons/configuration2/builder/TestBasicBuilderParameters.java,,,,assert,unknown
conf_1238_2,commons-configuration2-2.8.0-src,TestBasicBuilderParameters,testInheritFrom_2_oe,src/test/java/org/apache/commons/configuration2/builder/TestBasicBuilderParameters.java,,,,assert,unknown
conf_1238_3,commons-configuration2-2.8.0-src,TestBasicBuilderParameters,testInheritFrom_3_oe,src/test/java/org/apache/commons/configuration2/builder/TestBasicBuilderParameters.java,,,,assert,unknown
conf_1238_4,commons-configuration2-2.8.0-src,TestBasicBuilderParameters,testInheritFrom_4_oe,src/test/java/org/apache/commons/configuration2/builder/TestBasicBuilderParameters.java,,,,assert,unknown
conf_1238_5,commons-configuration2-2.8.0-src,TestBasicBuilderParameters,testInheritFrom_5_oe,src/test/java/org/apache/commons/configuration2/builder/TestBasicBuilderParameters.java,,,,assert,unknown
conf_1238_6,commons-configuration2-2.8.0-src,TestBasicBuilderParameters,testInheritFrom_6_oe,src/test/java/org/apache/commons/configuration2/builder/TestBasicBuilderParameters.java,,,,assert,unknown
conf_1238_7,commons-configuration2-2.8.0-src,TestBasicBuilderParameters,testInheritFrom_7_oe,src/test/java/org/apache/commons/configuration2/builder/TestBasicBuilderParameters.java,,,,assert,unknown
conf_1239_1,commons-configuration2-2.8.0-src,TestBasicBuilderParameters,testInheritFromUndefinedProperties_1_oe,src/test/java/org/apache/commons/configuration2/builder/TestBasicBuilderParameters.java,,,,assert,unknown
conf_1239_2,commons-configuration2-2.8.0-src,TestBasicBuilderParameters,testInheritFromUndefinedProperties_2_oe,src/test/java/org/apache/commons/configuration2/builder/TestBasicBuilderParameters.java,,,,assert,unknown
conf_1240_1,commons-configuration2-2.8.0-src,TestBasicBuilderParameters,testMerge_1_oe,src/test/java/org/apache/commons/configuration2/builder/TestBasicBuilderParameters.java,,,,assert,unknown
conf_1240_2,commons-configuration2-2.8.0-src,TestBasicBuilderParameters,testMerge_2_oe,src/test/java/org/apache/commons/configuration2/builder/TestBasicBuilderParameters.java,,,,assert,unknown
conf_1240_3,commons-configuration2-2.8.0-src,TestBasicBuilderParameters,testMerge_3_oe,src/test/java/org/apache/commons/configuration2/builder/TestBasicBuilderParameters.java,,,,assert,unknown
conf_1240_4,commons-configuration2-2.8.0-src,TestBasicBuilderParameters,testMerge_4_oe,src/test/java/org/apache/commons/configuration2/builder/TestBasicBuilderParameters.java,,,,assert,unknown
conf_1241_1,commons-configuration2-2.8.0-src,TestBasicBuilderParameters,testSetBeanHelper_1_oe,src/test/java/org/apache/commons/configuration2/builder/TestBasicBuilderParameters.java,,,,assert,unknown
conf_1241_2,commons-configuration2-2.8.0-src,TestBasicBuilderParameters,testSetBeanHelper_2_oe,src/test/java/org/apache/commons/configuration2/builder/TestBasicBuilderParameters.java,,,,assert,unknown
conf_1242_1,commons-configuration2-2.8.0-src,TestBasicBuilderParameters,testSetConfigurationDecoder_1_oe,src/test/java/org/apache/commons/configuration2/builder/TestBasicBuilderParameters.java,,,,assert,unknown
conf_1242_2,commons-configuration2-2.8.0-src,TestBasicBuilderParameters,testSetConfigurationDecoder_2_oe,src/test/java/org/apache/commons/configuration2/builder/TestBasicBuilderParameters.java,,,,assert,unknown
conf_1243_1,commons-configuration2-2.8.0-src,TestBasicBuilderParameters,testSetConversionHandler_1_oe,src/test/java/org/apache/commons/configuration2/builder/TestBasicBuilderParameters.java,,,,assert,unknown
conf_1243_2,commons-configuration2-2.8.0-src,TestBasicBuilderParameters,testSetConversionHandler_2_oe,src/test/java/org/apache/commons/configuration2/builder/TestBasicBuilderParameters.java,,,,assert,unknown
conf_1244_1,commons-configuration2-2.8.0-src,TestBasicBuilderParameters,testSetDefaultLookups_1_oe,src/test/java/org/apache/commons/configuration2/builder/TestBasicBuilderParameters.java,,,,assert,unknown
conf_1244_2,commons-configuration2-2.8.0-src,TestBasicBuilderParameters,testSetDefaultLookups_2_oe,src/test/java/org/apache/commons/configuration2/builder/TestBasicBuilderParameters.java,,,,assert,unknown
conf_1244_3,commons-configuration2-2.8.0-src,TestBasicBuilderParameters,testSetDefaultLookups_3_oe,src/test/java/org/apache/commons/configuration2/builder/TestBasicBuilderParameters.java,,,,assert,unknown
conf_1244_4,commons-configuration2-2.8.0-src,TestBasicBuilderParameters,testSetDefaultLookups_4_oe,src/test/java/org/apache/commons/configuration2/builder/TestBasicBuilderParameters.java,,,,assert,unknown
conf_1244_5,commons-configuration2-2.8.0-src,TestBasicBuilderParameters,testSetDefaultLookups_5_oe,src/test/java/org/apache/commons/configuration2/builder/TestBasicBuilderParameters.java,,,,assert,unknown
conf_1245_1,commons-configuration2-2.8.0-src,TestBasicBuilderParameters,testSetDefaultLookupsNull_1_oe,src/test/java/org/apache/commons/configuration2/builder/TestBasicBuilderParameters.java,,,,assert,unknown
conf_1246_1,commons-configuration2-2.8.0-src,TestBasicBuilderParameters,testSetInterpolator_1_oe,src/test/java/org/apache/commons/configuration2/builder/TestBasicBuilderParameters.java,,,,assert,unknown
conf_1246_2,commons-configuration2-2.8.0-src,TestBasicBuilderParameters,testSetInterpolator_2_oe,src/test/java/org/apache/commons/configuration2/builder/TestBasicBuilderParameters.java,,,,assert,unknown
conf_1247_1,commons-configuration2-2.8.0-src,TestBasicBuilderParameters,testSetListDelimiter_1_oe,src/test/java/org/apache/commons/configuration2/builder/TestBasicBuilderParameters.java,,,,assert,unknown
conf_1247_2,commons-configuration2-2.8.0-src,TestBasicBuilderParameters,testSetListDelimiter_2_oe,src/test/java/org/apache/commons/configuration2/builder/TestBasicBuilderParameters.java,,,,assert,unknown
conf_1248_1,commons-configuration2-2.8.0-src,TestBasicBuilderParameters,testSetLogger_1_oe,src/test/java/org/apache/commons/configuration2/builder/TestBasicBuilderParameters.java,,,,assert,unknown
conf_1248_2,commons-configuration2-2.8.0-src,TestBasicBuilderParameters,testSetLogger_2_oe,src/test/java/org/apache/commons/configuration2/builder/TestBasicBuilderParameters.java,,,,assert,unknown
conf_1249_1,commons-configuration2-2.8.0-src,TestBasicBuilderParameters,testSetLookupsAndInterpolator_1_oe,src/test/java/org/apache/commons/configuration2/builder/TestBasicBuilderParameters.java,,,,assert,unknown
conf_1249_2,commons-configuration2-2.8.0-src,TestBasicBuilderParameters,testSetLookupsAndInterpolator_2_oe,src/test/java/org/apache/commons/configuration2/builder/TestBasicBuilderParameters.java,,,,assert,unknown
conf_1249_3,commons-configuration2-2.8.0-src,TestBasicBuilderParameters,testSetLookupsAndInterpolator_3_oe,src/test/java/org/apache/commons/configuration2/builder/TestBasicBuilderParameters.java,,,,assert,unknown
conf_1250_1,commons-configuration2-2.8.0-src,TestBasicBuilderParameters,testSetParentInterpolator_1_oe,src/test/java/org/apache/commons/configuration2/builder/TestBasicBuilderParameters.java,,,,assert,unknown
conf_1250_2,commons-configuration2-2.8.0-src,TestBasicBuilderParameters,testSetParentInterpolator_2_oe,src/test/java/org/apache/commons/configuration2/builder/TestBasicBuilderParameters.java,,,,assert,unknown
conf_1251_1,commons-configuration2-2.8.0-src,TestBasicBuilderParameters,testSetPrefixLookups_1_oe,src/test/java/org/apache/commons/configuration2/builder/TestBasicBuilderParameters.java,,,,assert,unknown
conf_1251_2,commons-configuration2-2.8.0-src,TestBasicBuilderParameters,testSetPrefixLookups_2_oe,src/test/java/org/apache/commons/configuration2/builder/TestBasicBuilderParameters.java,,,,assert,unknown
conf_1251_3,commons-configuration2-2.8.0-src,TestBasicBuilderParameters,testSetPrefixLookups_3_oe,src/test/java/org/apache/commons/configuration2/builder/TestBasicBuilderParameters.java,,,,assert,unknown
conf_1251_4,commons-configuration2-2.8.0-src,TestBasicBuilderParameters,testSetPrefixLookups_4_oe,src/test/java/org/apache/commons/configuration2/builder/TestBasicBuilderParameters.java,,,,assert,unknown
conf_1251_5,commons-configuration2-2.8.0-src,TestBasicBuilderParameters,testSetPrefixLookups_5_oe,src/test/java/org/apache/commons/configuration2/builder/TestBasicBuilderParameters.java,,,,assert,unknown
conf_1252_1,commons-configuration2-2.8.0-src,TestBasicBuilderParameters,testSetPrefixLookupsNull_1_oe,src/test/java/org/apache/commons/configuration2/builder/TestBasicBuilderParameters.java,,,,assert,unknown
conf_1253_1,commons-configuration2-2.8.0-src,TestBasicBuilderParameters,testSetSynchronizer_1_oe,src/test/java/org/apache/commons/configuration2/builder/TestBasicBuilderParameters.java,,,,assert,unknown
conf_1253_2,commons-configuration2-2.8.0-src,TestBasicBuilderParameters,testSetSynchronizer_2_oe,src/test/java/org/apache/commons/configuration2/builder/TestBasicBuilderParameters.java,,,,assert,unknown
conf_1254_1,commons-configuration2-2.8.0-src,TestBasicBuilderParameters,testSetThrowExceptionOnMissing_1_oe,src/test/java/org/apache/commons/configuration2/builder/TestBasicBuilderParameters.java,,,,assert,unknown
conf_1254_2,commons-configuration2-2.8.0-src,TestBasicBuilderParameters,testSetThrowExceptionOnMissing_2_oe,src/test/java/org/apache/commons/configuration2/builder/TestBasicBuilderParameters.java,,,,assert,unknown
conf_1255_1,commons-configuration2-2.8.0-src,TestConfigurationDeclaration,testConfigurationDeclarationGetAttributes_1_oe,src/test/java/org/apache/commons/configuration2/builder/combined/TestConfigurationDeclaration.java,,,,assert,unknown
conf_1255_2,commons-configuration2-2.8.0-src,TestConfigurationDeclaration,testConfigurationDeclarationGetAttributes_2_oe,src/test/java/org/apache/commons/configuration2/builder/combined/TestConfigurationDeclaration.java,,,,assert,unknown
conf_1255_3,commons-configuration2-2.8.0-src,TestConfigurationDeclaration,testConfigurationDeclarationGetAttributes_3_oe,src/test/java/org/apache/commons/configuration2/builder/combined/TestConfigurationDeclaration.java,,,,assert,unknown
conf_1255_4,commons-configuration2-2.8.0-src,TestConfigurationDeclaration,testConfigurationDeclarationGetAttributes_4_oe,src/test/java/org/apache/commons/configuration2/builder/combined/TestConfigurationDeclaration.java,,,,assert,unknown
conf_1255_5,commons-configuration2-2.8.0-src,TestConfigurationDeclaration,testConfigurationDeclarationGetAttributes_5_oe,src/test/java/org/apache/commons/configuration2/builder/combined/TestConfigurationDeclaration.java,,,,assert,unknown
conf_1255_6,commons-configuration2-2.8.0-src,TestConfigurationDeclaration,testConfigurationDeclarationGetAttributes_6_oe,src/test/java/org/apache/commons/configuration2/builder/combined/TestConfigurationDeclaration.java,,,,assert,unknown
conf_1255_7,commons-configuration2-2.8.0-src,TestConfigurationDeclaration,testConfigurationDeclarationGetAttributes_7_oe,src/test/java/org/apache/commons/configuration2/builder/combined/TestConfigurationDeclaration.java,,,,assert,unknown
conf_1255_8,commons-configuration2-2.8.0-src,TestConfigurationDeclaration,testConfigurationDeclarationGetAttributes_8_oe,src/test/java/org/apache/commons/configuration2/builder/combined/TestConfigurationDeclaration.java,,,,assert,unknown
conf_1256_1,commons-configuration2-2.8.0-src,TestConfigurationDeclaration,testConfigurationDeclarationIsReserved_1_oe,src/test/java/org/apache/commons/configuration2/builder/combined/TestConfigurationDeclaration.java,,,,assert,unknown
conf_1256_2,commons-configuration2-2.8.0-src,TestConfigurationDeclaration,testConfigurationDeclarationIsReserved_2_oe,src/test/java/org/apache/commons/configuration2/builder/combined/TestConfigurationDeclaration.java,,,,assert,unknown
conf_1256_3,commons-configuration2-2.8.0-src,TestConfigurationDeclaration,testConfigurationDeclarationIsReserved_3_oe,src/test/java/org/apache/commons/configuration2/builder/combined/TestConfigurationDeclaration.java,,,,assert,unknown
conf_1256_4,commons-configuration2-2.8.0-src,TestConfigurationDeclaration,testConfigurationDeclarationIsReserved_4_oe,src/test/java/org/apache/commons/configuration2/builder/combined/TestConfigurationDeclaration.java,,,,assert,unknown
conf_1257_1,commons-configuration2-2.8.0-src,TestReloadingCombinedConfigurationBuilderFileBased,testConcurrentGetAndReload_1_oe,src/test/java/org/apache/commons/configuration2/builder/combined/TestReloadingCombinedConfigurationBuilderFileBased.java,,,,assert,unknown
conf_1257_2,commons-configuration2-2.8.0-src,TestReloadingCombinedConfigurationBuilderFileBased,testConcurrentGetAndReload_2_oe,src/test/java/org/apache/commons/configuration2/builder/combined/TestReloadingCombinedConfigurationBuilderFileBased.java,,,,assert,unknown
conf_1258_1,commons-configuration2-2.8.0-src,TestReloadingCombinedConfigurationBuilderFileBased,testReloadFromFile_1_oe,src/test/java/org/apache/commons/configuration2/builder/combined/TestReloadingCombinedConfigurationBuilderFileBased.java,,,,assert,unknown
conf_1258_2,commons-configuration2-2.8.0-src,TestReloadingCombinedConfigurationBuilderFileBased,testReloadFromFile_2_oe,src/test/java/org/apache/commons/configuration2/builder/combined/TestReloadingCombinedConfigurationBuilderFileBased.java,,,,assert,unknown
conf_1258_3,commons-configuration2-2.8.0-src,TestReloadingCombinedConfigurationBuilderFileBased,testReloadFromFile_3_oe,src/test/java/org/apache/commons/configuration2/builder/combined/TestReloadingCombinedConfigurationBuilderFileBased.java,,,,assert,unknown
conf_1258_4,commons-configuration2-2.8.0-src,TestReloadingCombinedConfigurationBuilderFileBased,testReloadFromFile_4_oe,src/test/java/org/apache/commons/configuration2/builder/combined/TestReloadingCombinedConfigurationBuilderFileBased.java,,,,assert,unknown
conf_1258_5,commons-configuration2-2.8.0-src,TestReloadingCombinedConfigurationBuilderFileBased,testReloadFromFile_5_oe,src/test/java/org/apache/commons/configuration2/builder/combined/TestReloadingCombinedConfigurationBuilderFileBased.java,,,,assert,unknown
conf_1258_6,commons-configuration2-2.8.0-src,TestReloadingCombinedConfigurationBuilderFileBased,testReloadFromFile_6_oe,src/test/java/org/apache/commons/configuration2/builder/combined/TestReloadingCombinedConfigurationBuilderFileBased.java,,,,assert,unknown
conf_1259_1,commons-configuration2-2.8.0-src,TestMultiFileBuilderParametersImpl,testBeanProperties_1_oe,src/test/java/org/apache/commons/configuration2/builder/combined/TestMultiFileBuilderParametersImpl.java,,,,assert,unknown
conf_1259_2,commons-configuration2-2.8.0-src,TestMultiFileBuilderParametersImpl,testBeanProperties_2_oe,src/test/java/org/apache/commons/configuration2/builder/combined/TestMultiFileBuilderParametersImpl.java,,,,assert,unknown
conf_1259_3,commons-configuration2-2.8.0-src,TestMultiFileBuilderParametersImpl,testBeanProperties_3_oe,src/test/java/org/apache/commons/configuration2/builder/combined/TestMultiFileBuilderParametersImpl.java,,,,assert,unknown
conf_1259_4,commons-configuration2-2.8.0-src,TestMultiFileBuilderParametersImpl,testBeanProperties_4_oe,src/test/java/org/apache/commons/configuration2/builder/combined/TestMultiFileBuilderParametersImpl.java,,,,assert,unknown
conf_1260_1,commons-configuration2-2.8.0-src,TestMultiFileBuilderParametersImpl,testClone_1_oe,src/test/java/org/apache/commons/configuration2/builder/combined/TestMultiFileBuilderParametersImpl.java,,,,assert,unknown
conf_1260_2,commons-configuration2-2.8.0-src,TestMultiFileBuilderParametersImpl,testClone_2_oe,src/test/java/org/apache/commons/configuration2/builder/combined/TestMultiFileBuilderParametersImpl.java,,,,assert,unknown
conf_1260_3,commons-configuration2-2.8.0-src,TestMultiFileBuilderParametersImpl,testClone_3_oe,src/test/java/org/apache/commons/configuration2/builder/combined/TestMultiFileBuilderParametersImpl.java,,,,assert,unknown
conf_1261_1,commons-configuration2-2.8.0-src,TestMultiFileBuilderParametersImpl,testFromParametersFound_1_oe,src/test/java/org/apache/commons/configuration2/builder/combined/TestMultiFileBuilderParametersImpl.java,,,,assert,unknown
conf_1262_1,commons-configuration2-2.8.0-src,TestMultiFileBuilderParametersImpl,testFromParametersNewInstance_1_oe,src/test/java/org/apache/commons/configuration2/builder/combined/TestMultiFileBuilderParametersImpl.java,,,,assert,unknown
conf_1263_1,commons-configuration2-2.8.0-src,TestMultiFileBuilderParametersImpl,testFromParatersNotFound_1_oe,src/test/java/org/apache/commons/configuration2/builder/combined/TestMultiFileBuilderParametersImpl.java,,,,assert,unknown
conf_1264_1,commons-configuration2-2.8.0-src,TestMultiFileBuilderParametersImpl,testSetFilePattern_1_oe,src/test/java/org/apache/commons/configuration2/builder/combined/TestMultiFileBuilderParametersImpl.java,,,,assert,unknown
conf_1264_2,commons-configuration2-2.8.0-src,TestMultiFileBuilderParametersImpl,testSetFilePattern_2_oe,src/test/java/org/apache/commons/configuration2/builder/combined/TestMultiFileBuilderParametersImpl.java,,,,assert,unknown
conf_1265_1,commons-configuration2-2.8.0-src,TestMultiFileBuilderParametersImpl,testSetManagedBuilderParameters_1_oe,src/test/java/org/apache/commons/configuration2/builder/combined/TestMultiFileBuilderParametersImpl.java,,,,assert,unknown
conf_1265_2,commons-configuration2-2.8.0-src,TestMultiFileBuilderParametersImpl,testSetManagedBuilderParameters_2_oe,src/test/java/org/apache/commons/configuration2/builder/combined/TestMultiFileBuilderParametersImpl.java,,,,assert,unknown
conf_1266_1,commons-configuration2-2.8.0-src,TestReloadingCombinedConfigurationBuilder,testInitWithFailOnInitFlag_1_oe,src/test/java/org/apache/commons/configuration2/builder/combined/TestReloadingCombinedConfigurationBuilder.java,,,,assert,unknown
conf_1267_1,commons-configuration2-2.8.0-src,TestReloadingCombinedConfigurationBuilder,testInitWithParameters_1_oe,src/test/java/org/apache/commons/configuration2/builder/combined/TestReloadingCombinedConfigurationBuilder.java,,,,assert,unknown
conf_1268_1,commons-configuration2-2.8.0-src,TestReloadingCombinedConfigurationBuilder,testNestedReloadableSources_1_oe,src/test/java/org/apache/commons/configuration2/builder/combined/TestReloadingCombinedConfigurationBuilder.java,,,,assert,unknown
conf_1268_2,commons-configuration2-2.8.0-src,TestReloadingCombinedConfigurationBuilder,testNestedReloadableSources_2_oe,src/test/java/org/apache/commons/configuration2/builder/combined/TestReloadingCombinedConfigurationBuilder.java,,,,assert,unknown
conf_1268_3,commons-configuration2-2.8.0-src,TestReloadingCombinedConfigurationBuilder,testNestedReloadableSources_3_oe,src/test/java/org/apache/commons/configuration2/builder/combined/TestReloadingCombinedConfigurationBuilder.java,,,,assert,unknown
conf_1269_1,commons-configuration2-2.8.0-src,TestReloadingCombinedConfigurationBuilder,testNoReloadableSources_1_oe,src/test/java/org/apache/commons/configuration2/builder/combined/TestReloadingCombinedConfigurationBuilder.java,,,,assert,unknown
conf_1270_1,commons-configuration2-2.8.0-src,TestReloadingCombinedConfigurationBuilder,testReloadableDefinitionBuilder_1_oe,src/test/java/org/apache/commons/configuration2/builder/combined/TestReloadingCombinedConfigurationBuilder.java,,,,assert,unknown
conf_1270_2,commons-configuration2-2.8.0-src,TestReloadingCombinedConfigurationBuilder,testReloadableDefinitionBuilder_2_oe,src/test/java/org/apache/commons/configuration2/builder/combined/TestReloadingCombinedConfigurationBuilder.java,,,,assert,unknown
conf_1270_3,commons-configuration2-2.8.0-src,TestReloadingCombinedConfigurationBuilder,testReloadableDefinitionBuilder_3_oe,src/test/java/org/apache/commons/configuration2/builder/combined/TestReloadingCombinedConfigurationBuilder.java,,,,assert,unknown
conf_1271_1,commons-configuration2-2.8.0-src,TestCombinedConfigurationBuilderVFS,testSetConfigurationBasePath_1_oe,src/test/java/org/apache/commons/configuration2/builder/combined/TestCombinedConfigurationBuilderVFS.java,,,,assert,unknown
conf_1272_1,commons-configuration2-2.8.0-src,TestReloadingMultiFileConfigurationBuilder,testCreateManagedBuilder_1_oe,src/test/java/org/apache/commons/configuration2/builder/combined/TestReloadingMultiFileConfigurationBuilder.java,,,,assert,unknown
conf_1272_2,commons-configuration2-2.8.0-src,TestReloadingMultiFileConfigurationBuilder,testCreateManagedBuilder_2_oe,src/test/java/org/apache/commons/configuration2/builder/combined/TestReloadingMultiFileConfigurationBuilder.java,,,,assert,unknown
conf_1273_1,commons-configuration2-2.8.0-src,TestReloadingMultiFileConfigurationBuilder,testCreateManagedBuilderWithAllowFailFlag_1_oe,src/test/java/org/apache/commons/configuration2/builder/combined/TestReloadingMultiFileConfigurationBuilder.java,,,,assert,unknown
conf_1274_1,commons-configuration2-2.8.0-src,TestReloadingMultiFileConfigurationBuilder,testInitWithParameters_1_oe,src/test/java/org/apache/commons/configuration2/builder/combined/TestReloadingMultiFileConfigurationBuilder.java,,,,assert,unknown
conf_1275_1,commons-configuration2-2.8.0-src,TestReloadingMultiFileConfigurationBuilder,testReloadingControllerCheck_1_oe,src/test/java/org/apache/commons/configuration2/builder/combined/TestReloadingMultiFileConfigurationBuilder.java,,,,assert,unknown
conf_1275_2,commons-configuration2-2.8.0-src,TestReloadingMultiFileConfigurationBuilder,testReloadingControllerCheck_2_oe,src/test/java/org/apache/commons/configuration2/builder/combined/TestReloadingMultiFileConfigurationBuilder.java,,,,assert,unknown
conf_1276_1,commons-configuration2-2.8.0-src,TestReloadingMultiFileConfigurationBuilder,testReloadingControllerCheckReloadingRequired_1_oe,src/test/java/org/apache/commons/configuration2/builder/combined/TestReloadingMultiFileConfigurationBuilder.java,,,,assert,unknown
conf_1277_1,commons-configuration2-2.8.0-src,TestCombinedConfigurationBuilder,testBasePathForChildConfigurations_1_oe,src/test/java/org/apache/commons/configuration2/builder/combined/TestCombinedConfigurationBuilder.java,,,,assert,unknown
conf_1278_1,commons-configuration2-2.8.0-src,TestCombinedConfigurationBuilder,testBuilderNames_1_oe,src/test/java/org/apache/commons/configuration2/builder/combined/TestCombinedConfigurationBuilder.java,,,,assert,unknown
conf_1278_2,commons-configuration2-2.8.0-src,TestCombinedConfigurationBuilder,testBuilderNames_2_oe,src/test/java/org/apache/commons/configuration2/builder/combined/TestCombinedConfigurationBuilder.java,,,,assert,unknown
conf_1279_1,commons-configuration2-2.8.0-src,TestCombinedConfigurationBuilder,testBuilderNamesBeforeConfigurationAccess_1_oe,src/test/java/org/apache/commons/configuration2/builder/combined/TestCombinedConfigurationBuilder.java,,,,assert,unknown
conf_1279_2,commons-configuration2-2.8.0-src,TestCombinedConfigurationBuilder,testBuilderNamesBeforeConfigurationAccess_2_oe,src/test/java/org/apache/commons/configuration2/builder/combined/TestCombinedConfigurationBuilder.java,,,,assert,unknown
conf_1280_1,commons-configuration2-2.8.0-src,TestCombinedConfigurationBuilder,testChildBuildersAreInitializedOnlyOnce_1_oe,src/test/java/org/apache/commons/configuration2/builder/combined/TestCombinedConfigurationBuilder.java,,,,assert,unknown
conf_1281_1,commons-configuration2-2.8.0-src,TestCombinedConfigurationBuilder,testCombinedConfigurationListNodes_1_oe,src/test/java/org/apache/commons/configuration2/builder/combined/TestCombinedConfigurationBuilder.java,,,,assert,unknown
conf_1281_2,commons-configuration2-2.8.0-src,TestCombinedConfigurationBuilder,testCombinedConfigurationListNodes_2_oe,src/test/java/org/apache/commons/configuration2/builder/combined/TestCombinedConfigurationBuilder.java,,,,assert,unknown
conf_1281_3,commons-configuration2-2.8.0-src,TestCombinedConfigurationBuilder,testCombinedConfigurationListNodes_3_oe,src/test/java/org/apache/commons/configuration2/builder/combined/TestCombinedConfigurationBuilder.java,,,,assert,unknown
conf_1281_4,commons-configuration2-2.8.0-src,TestCombinedConfigurationBuilder,testCombinedConfigurationListNodes_4_oe,src/test/java/org/apache/commons/configuration2/builder/combined/TestCombinedConfigurationBuilder.java,,,,assert,unknown
conf_1282_1,commons-configuration2-2.8.0-src,TestCombinedConfigurationBuilder,testCombinedConfigurationNoAdditional_1_oe,src/test/java/org/apache/commons/configuration2/builder/combined/TestCombinedConfigurationBuilder.java,,,,assert,unknown
conf_1283_1,commons-configuration2-2.8.0-src,TestCombinedConfigurationBuilder,testConfigurationBuilderProvider_1_oe,src/test/java/org/apache/commons/configuration2/builder/combined/TestCombinedConfigurationBuilder.java,,,,assert,unknown
conf_1284_1,commons-configuration2-2.8.0-src,TestCombinedConfigurationBuilder,testConfigurationBuilderProviderInheritBasePath_1_oe,src/test/java/org/apache/commons/configuration2/builder/combined/TestCombinedConfigurationBuilder.java,,,,assert,unknown
conf_1285_1,commons-configuration2-2.8.0-src,TestCombinedConfigurationBuilder,testConfigurationBuilderProviderInheritBasicProperties_1_oe,src/test/java/org/apache/commons/configuration2/builder/combined/TestCombinedConfigurationBuilder.java,,,,assert,unknown
conf_1285_2,commons-configuration2-2.8.0-src,TestCombinedConfigurationBuilder,testConfigurationBuilderProviderInheritBasicProperties_2_oe,src/test/java/org/apache/commons/configuration2/builder/combined/TestCombinedConfigurationBuilder.java,,,,assert,unknown
conf_1285_3,commons-configuration2-2.8.0-src,TestCombinedConfigurationBuilder,testConfigurationBuilderProviderInheritBasicProperties_3_oe,src/test/java/org/apache/commons/configuration2/builder/combined/TestCombinedConfigurationBuilder.java,,,,assert,unknown
conf_1286_1,commons-configuration2-2.8.0-src,TestCombinedConfigurationBuilder,testConfigurationBuilderProviderInheritCustomProviders_1_oe,src/test/java/org/apache/commons/configuration2/builder/combined/TestCombinedConfigurationBuilder.java,,,,assert,unknown
conf_1287_1,commons-configuration2-2.8.0-src,TestCombinedConfigurationBuilder,testConfigurationBuilderProviderInheritEventListeners_1_oe,src/test/java/org/apache/commons/configuration2/builder/combined/TestCombinedConfigurationBuilder.java,,,,assert,unknown
conf_1287_2,commons-configuration2-2.8.0-src,TestCombinedConfigurationBuilder,testConfigurationBuilderProviderInheritEventListeners_2_oe,src/test/java/org/apache/commons/configuration2/builder/combined/TestCombinedConfigurationBuilder.java,,,,assert,unknown
conf_1287_3,commons-configuration2-2.8.0-src,TestCombinedConfigurationBuilder,testConfigurationBuilderProviderInheritEventListeners_3_oe,src/test/java/org/apache/commons/configuration2/builder/combined/TestCombinedConfigurationBuilder.java,,,,assert,unknown
conf_1287_4,commons-configuration2-2.8.0-src,TestCombinedConfigurationBuilder,testConfigurationBuilderProviderInheritEventListeners_4_oe,src/test/java/org/apache/commons/configuration2/builder/combined/TestCombinedConfigurationBuilder.java,,,,assert,unknown
conf_1288_1,commons-configuration2-2.8.0-src,TestCombinedConfigurationBuilder,testConfigureEntityResolverWithProperties_1_oe,src/test/java/org/apache/commons/configuration2/builder/combined/TestCombinedConfigurationBuilder.java,,,,assert,unknown
conf_1288_2,commons-configuration2-2.8.0-src,TestCombinedConfigurationBuilder,testConfigureEntityResolverWithProperties_2_oe,src/test/java/org/apache/commons/configuration2/builder/combined/TestCombinedConfigurationBuilder.java,,,,assert,unknown
conf_1289_1,commons-configuration2-2.8.0-src,TestCombinedConfigurationBuilder,testConfigureResult_1_oe,src/test/java/org/apache/commons/configuration2/builder/combined/TestCombinedConfigurationBuilder.java,,,,assert,unknown
conf_1290_1,commons-configuration2-2.8.0-src,TestCombinedConfigurationBuilder,testCustomBuilderProvider_1_oe,src/test/java/org/apache/commons/configuration2/builder/combined/TestCombinedConfigurationBuilder.java,,,,assert,unknown
conf_1290_2,commons-configuration2-2.8.0-src,TestCombinedConfigurationBuilder,testCustomBuilderProvider_2_oe,src/test/java/org/apache/commons/configuration2/builder/combined/TestCombinedConfigurationBuilder.java,,,,assert,unknown
conf_1291_1,commons-configuration2-2.8.0-src,TestCombinedConfigurationBuilder,testCustomEntityResolver_1_oe,src/test/java/org/apache/commons/configuration2/builder/combined/TestCombinedConfigurationBuilder.java,,,,assert,unknown
conf_1292_1,commons-configuration2-2.8.0-src,TestCombinedConfigurationBuilder,testCustomLookup_1_oe,src/test/java/org/apache/commons/configuration2/builder/combined/TestCombinedConfigurationBuilder.java,,,,assert,unknown
conf_1292_2,commons-configuration2-2.8.0-src,TestCombinedConfigurationBuilder,testCustomLookup_2_oe,src/test/java/org/apache/commons/configuration2/builder/combined/TestCombinedConfigurationBuilder.java,,,,assert,unknown
conf_1293_1,commons-configuration2-2.8.0-src,TestCombinedConfigurationBuilder,testCustomResultConfiguration_1_oe,src/test/java/org/apache/commons/configuration2/builder/combined/TestCombinedConfigurationBuilder.java,,,,assert,unknown
conf_1293_2,commons-configuration2-2.8.0-src,TestCombinedConfigurationBuilder,testCustomResultConfiguration_2_oe,src/test/java/org/apache/commons/configuration2/builder/combined/TestCombinedConfigurationBuilder.java,,,,assert,unknown
conf_1293_3,commons-configuration2-2.8.0-src,TestCombinedConfigurationBuilder,testCustomResultConfiguration_3_oe,src/test/java/org/apache/commons/configuration2/builder/combined/TestCombinedConfigurationBuilder.java,,,,assert,unknown
conf_1294_1,commons-configuration2-2.8.0-src,TestCombinedConfigurationBuilder,testDefaultBasePathFromDefinitionBuilder_1_oe,src/test/java/org/apache/commons/configuration2/builder/combined/TestCombinedConfigurationBuilder.java,,,,assert,unknown
conf_1295_1,commons-configuration2-2.8.0-src,TestCombinedConfigurationBuilder,testDefaultBasePathInParameters_1_oe,src/test/java/org/apache/commons/configuration2/builder/combined/TestCombinedConfigurationBuilder.java,,,,assert,unknown
conf_1296_1,commons-configuration2-2.8.0-src,TestCombinedConfigurationBuilder,testEnvironmentProperties_1_oe,src/test/java/org/apache/commons/configuration2/builder/combined/TestCombinedConfigurationBuilder.java,,,,assert,unknown
conf_1296_2,commons-configuration2-2.8.0-src,TestCombinedConfigurationBuilder,testEnvironmentProperties_2_oe,src/test/java/org/apache/commons/configuration2/builder/combined/TestCombinedConfigurationBuilder.java,,,,assert,unknown
conf_1297_1,commons-configuration2-2.8.0-src,TestCombinedConfigurationBuilder,testGetChildBuilders_1_oe,src/test/java/org/apache/commons/configuration2/builder/combined/TestCombinedConfigurationBuilder.java,,,,assert,unknown
conf_1298_1,commons-configuration2-2.8.0-src,TestCombinedConfigurationBuilder,testGetNamedBuilder_1_oe,src/test/java/org/apache/commons/configuration2/builder/combined/TestCombinedConfigurationBuilder.java,,,,assert,unknown
conf_1298_2,commons-configuration2-2.8.0-src,TestCombinedConfigurationBuilder,testGetNamedBuilder_2_oe,src/test/java/org/apache/commons/configuration2/builder/combined/TestCombinedConfigurationBuilder.java,,,,assert,unknown
conf_1299_1,commons-configuration2-2.8.0-src,TestCombinedConfigurationBuilder,testInheritProperties_1_oe,src/test/java/org/apache/commons/configuration2/builder/combined/TestCombinedConfigurationBuilder.java,,,,assert,unknown
conf_1299_2,commons-configuration2-2.8.0-src,TestCombinedConfigurationBuilder,testInheritProperties_2_oe,src/test/java/org/apache/commons/configuration2/builder/combined/TestCombinedConfigurationBuilder.java,,,,assert,unknown
conf_1299_3,commons-configuration2-2.8.0-src,TestCombinedConfigurationBuilder,testInheritProperties_3_oe,src/test/java/org/apache/commons/configuration2/builder/combined/TestCombinedConfigurationBuilder.java,,,,assert,unknown
conf_1300_1,commons-configuration2-2.8.0-src,TestCombinedConfigurationBuilder,testINIConfiguration_1_oe,src/test/java/org/apache/commons/configuration2/builder/combined/TestCombinedConfigurationBuilder.java,,,,assert,unknown
conf_1301_1,commons-configuration2-2.8.0-src,TestCombinedConfigurationBuilder,testInitChildBuilderParametersDefaultChildProperties_1_oe,src/test/java/org/apache/commons/configuration2/builder/combined/TestCombinedConfigurationBuilder.java,,,,assert,unknown
conf_1301_2,commons-configuration2-2.8.0-src,TestCombinedConfigurationBuilder,testInitChildBuilderParametersDefaultChildProperties_2_oe,src/test/java/org/apache/commons/configuration2/builder/combined/TestCombinedConfigurationBuilder.java,,,,assert,unknown
conf_1301_3,commons-configuration2-2.8.0-src,TestCombinedConfigurationBuilder,testInitChildBuilderParametersDefaultChildProperties_3_oe,src/test/java/org/apache/commons/configuration2/builder/combined/TestCombinedConfigurationBuilder.java,,,,assert,unknown
conf_1301_4,commons-configuration2-2.8.0-src,TestCombinedConfigurationBuilder,testInitChildBuilderParametersDefaultChildProperties_4_oe,src/test/java/org/apache/commons/configuration2/builder/combined/TestCombinedConfigurationBuilder.java,,,,assert,unknown
conf_1301_5,commons-configuration2-2.8.0-src,TestCombinedConfigurationBuilder,testInitChildBuilderParametersDefaultChildProperties_5_oe,src/test/java/org/apache/commons/configuration2/builder/combined/TestCombinedConfigurationBuilder.java,,,,assert,unknown
conf_1302_1,commons-configuration2-2.8.0-src,TestCombinedConfigurationBuilder,testInterpolationOverMultipleSources_1_oe,src/test/java/org/apache/commons/configuration2/builder/combined/TestCombinedConfigurationBuilder.java,,,,assert,unknown
conf_1302_2,commons-configuration2-2.8.0-src,TestCombinedConfigurationBuilder,testInterpolationOverMultipleSources_2_oe,src/test/java/org/apache/commons/configuration2/builder/combined/TestCombinedConfigurationBuilder.java,,,,assert,unknown
conf_1302_3,commons-configuration2-2.8.0-src,TestCombinedConfigurationBuilder,testInterpolationOverMultipleSources_3_oe,src/test/java/org/apache/commons/configuration2/builder/combined/TestCombinedConfigurationBuilder.java,,,,assert,unknown
conf_1303_1,commons-configuration2-2.8.0-src,TestCombinedConfigurationBuilder,testJndiConfiguration_1_oe,src/test/java/org/apache/commons/configuration2/builder/combined/TestCombinedConfigurationBuilder.java,,,,assert,unknown
conf_1304_1,commons-configuration2-2.8.0-src,TestCombinedConfigurationBuilder,testLoadAdditional_1_oe,src/test/java/org/apache/commons/configuration2/builder/combined/TestCombinedConfigurationBuilder.java,,,,assert,unknown
conf_1304_2,commons-configuration2-2.8.0-src,TestCombinedConfigurationBuilder,testLoadAdditional_2_oe,src/test/java/org/apache/commons/configuration2/builder/combined/TestCombinedConfigurationBuilder.java,,,,assert,unknown
conf_1304_3,commons-configuration2-2.8.0-src,TestCombinedConfigurationBuilder,testLoadAdditional_3_oe,src/test/java/org/apache/commons/configuration2/builder/combined/TestCombinedConfigurationBuilder.java,,,,assert,unknown
conf_1304_4,commons-configuration2-2.8.0-src,TestCombinedConfigurationBuilder,testLoadAdditional_4_oe,src/test/java/org/apache/commons/configuration2/builder/combined/TestCombinedConfigurationBuilder.java,,,,assert,unknown
conf_1304_5,commons-configuration2-2.8.0-src,TestCombinedConfigurationBuilder,testLoadAdditional_5_oe,src/test/java/org/apache/commons/configuration2/builder/combined/TestCombinedConfigurationBuilder.java,,,,assert,unknown
conf_1304_6,commons-configuration2-2.8.0-src,TestCombinedConfigurationBuilder,testLoadAdditional_6_oe,src/test/java/org/apache/commons/configuration2/builder/combined/TestCombinedConfigurationBuilder.java,,,,assert,unknown
conf_1304_7,commons-configuration2-2.8.0-src,TestCombinedConfigurationBuilder,testLoadAdditional_7_oe,src/test/java/org/apache/commons/configuration2/builder/combined/TestCombinedConfigurationBuilder.java,,,,assert,unknown
conf_1304_8,commons-configuration2-2.8.0-src,TestCombinedConfigurationBuilder,testLoadAdditional_8_oe,src/test/java/org/apache/commons/configuration2/builder/combined/TestCombinedConfigurationBuilder.java,,,,assert,unknown
conf_1304_9,commons-configuration2-2.8.0-src,TestCombinedConfigurationBuilder,testLoadAdditional_9_oe,src/test/java/org/apache/commons/configuration2/builder/combined/TestCombinedConfigurationBuilder.java,,,,assert,unknown
conf_1304_10,commons-configuration2-2.8.0-src,TestCombinedConfigurationBuilder,testLoadAdditional_10_oe,src/test/java/org/apache/commons/configuration2/builder/combined/TestCombinedConfigurationBuilder.java,,,,assert,unknown
conf_1304_11,commons-configuration2-2.8.0-src,TestCombinedConfigurationBuilder,testLoadAdditional_11_oe,src/test/java/org/apache/commons/configuration2/builder/combined/TestCombinedConfigurationBuilder.java,,,,assert,unknown
conf_1304_12,commons-configuration2-2.8.0-src,TestCombinedConfigurationBuilder,testLoadAdditional_12_oe,src/test/java/org/apache/commons/configuration2/builder/combined/TestCombinedConfigurationBuilder.java,,,,assert,unknown
conf_1304_13,commons-configuration2-2.8.0-src,TestCombinedConfigurationBuilder,testLoadAdditional_13_oe,src/test/java/org/apache/commons/configuration2/builder/combined/TestCombinedConfigurationBuilder.java,,,,assert,unknown
conf_1305_1,commons-configuration2-2.8.0-src,TestCombinedConfigurationBuilder,testLoadOptional_1_oe,src/test/java/org/apache/commons/configuration2/builder/combined/TestCombinedConfigurationBuilder.java,,,,assert,unknown
conf_1305_2,commons-configuration2-2.8.0-src,TestCombinedConfigurationBuilder,testLoadOptional_2_oe,src/test/java/org/apache/commons/configuration2/builder/combined/TestCombinedConfigurationBuilder.java,,,,assert,unknown
conf_1306_1,commons-configuration2-2.8.0-src,TestCombinedConfigurationBuilder,testLoadOptionalForceCreate_1_oe,src/test/java/org/apache/commons/configuration2/builder/combined/TestCombinedConfigurationBuilder.java,,,,assert,unknown
conf_1306_2,commons-configuration2-2.8.0-src,TestCombinedConfigurationBuilder,testLoadOptionalForceCreate_2_oe,src/test/java/org/apache/commons/configuration2/builder/combined/TestCombinedConfigurationBuilder.java,,,,assert,unknown
conf_1307_1,commons-configuration2-2.8.0-src,TestCombinedConfigurationBuilder,testMultiTenentConfigurationProperties_1_oe,src/test/java/org/apache/commons/configuration2/builder/combined/TestCombinedConfigurationBuilder.java,,,,assert,unknown
conf_1307_2,commons-configuration2-2.8.0-src,TestCombinedConfigurationBuilder,testMultiTenentConfigurationProperties_2_oe,src/test/java/org/apache/commons/configuration2/builder/combined/TestCombinedConfigurationBuilder.java,,,,assert,unknown
conf_1307_3,commons-configuration2-2.8.0-src,TestCombinedConfigurationBuilder,testMultiTenentConfigurationProperties_3_oe,src/test/java/org/apache/commons/configuration2/builder/combined/TestCombinedConfigurationBuilder.java,,,,assert,unknown
conf_1308_5,commons-configuration2-2.8.0-src,TestCombinedConfigurationBuilder,testMultiTenentConfigurationReloading_5_oe,src/test/java/org/apache/commons/configuration2/builder/combined/TestCombinedConfigurationBuilder.java,,,,assert,unknown
conf_1309_1,commons-configuration2-2.8.0-src,TestCombinedConfigurationBuilder,testProviderInDefinitionConfig_1_oe,src/test/java/org/apache/commons/configuration2/builder/combined/TestCombinedConfigurationBuilder.java,,,,assert,unknown
conf_1310_1,commons-configuration2-2.8.0-src,TestCombinedConfigurationBuilder,testReactOnSubBuilderChange_1_oe,src/test/java/org/apache/commons/configuration2/builder/combined/TestCombinedConfigurationBuilder.java,,,,assert,unknown
conf_1311_1,commons-configuration2-2.8.0-src,TestCombinedConfigurationBuilder,testReloadingBuilder_1_oe,src/test/java/org/apache/commons/configuration2/builder/combined/TestCombinedConfigurationBuilder.java,,,,assert,unknown
conf_1312_1,commons-configuration2-2.8.0-src,TestCombinedConfigurationBuilder,testRemoveSubBuilderListener_1_oe,src/test/java/org/apache/commons/configuration2/builder/combined/TestCombinedConfigurationBuilder.java,,,,assert,unknown
conf_1312_2,commons-configuration2-2.8.0-src,TestCombinedConfigurationBuilder,testRemoveSubBuilderListener_2_oe,src/test/java/org/apache/commons/configuration2/builder/combined/TestCombinedConfigurationBuilder.java,,,,assert,unknown
conf_1313_1,commons-configuration2-2.8.0-src,TestCombinedConfigurationBuilder,testResetBuilder_1_oe,src/test/java/org/apache/commons/configuration2/builder/combined/TestCombinedConfigurationBuilder.java,,,,assert,unknown
conf_1313_2,commons-configuration2-2.8.0-src,TestCombinedConfigurationBuilder,testResetBuilder_2_oe,src/test/java/org/apache/commons/configuration2/builder/combined/TestCombinedConfigurationBuilder.java,,,,assert,unknown
conf_1314_1,commons-configuration2-2.8.0-src,TestCombinedConfigurationBuilder,testRootNodeInitializedAfterCreation_1_oe,src/test/java/org/apache/commons/configuration2/builder/combined/TestCombinedConfigurationBuilder.java,,,,assert,unknown
conf_1315_1,commons-configuration2-2.8.0-src,TestCombinedConfigurationBuilder,testSuppressChildBuilderPropertyInheritance_1_oe,src/test/java/org/apache/commons/configuration2/builder/combined/TestCombinedConfigurationBuilder.java,,,,assert,unknown
conf_1316_1,commons-configuration2-2.8.0-src,TestCombinedConfigurationBuilder,testSystemProperties_1_oe,src/test/java/org/apache/commons/configuration2/builder/combined/TestCombinedConfigurationBuilder.java,,,,assert,unknown
conf_1316_2,commons-configuration2-2.8.0-src,TestCombinedConfigurationBuilder,testSystemProperties_2_oe,src/test/java/org/apache/commons/configuration2/builder/combined/TestCombinedConfigurationBuilder.java,,,,assert,unknown
conf_1317_1,commons-configuration2-2.8.0-src,TestCombinedBuilderParametersImpl,testClone_1_oe,src/test/java/org/apache/commons/configuration2/builder/combined/TestCombinedBuilderParametersImpl.java,,,,assert,unknown
conf_1317_2,commons-configuration2-2.8.0-src,TestCombinedBuilderParametersImpl,testClone_2_oe,src/test/java/org/apache/commons/configuration2/builder/combined/TestCombinedBuilderParametersImpl.java,,,,assert,unknown
conf_1317_3,commons-configuration2-2.8.0-src,TestCombinedBuilderParametersImpl,testClone_3_oe,src/test/java/org/apache/commons/configuration2/builder/combined/TestCombinedBuilderParametersImpl.java,,,,assert,unknown
conf_1318_1,commons-configuration2-2.8.0-src,TestCombinedBuilderParametersImpl,testFromParametersCreate_1_oe,src/test/java/org/apache/commons/configuration2/builder/combined/TestCombinedBuilderParametersImpl.java,,,,assert,unknown
conf_1318_2,commons-configuration2-2.8.0-src,TestCombinedBuilderParametersImpl,testFromParametersCreate_2_oe,src/test/java/org/apache/commons/configuration2/builder/combined/TestCombinedBuilderParametersImpl.java,,,,assert,unknown
conf_1319_1,commons-configuration2-2.8.0-src,TestCombinedBuilderParametersImpl,testFromParametersExisting_1_oe,src/test/java/org/apache/commons/configuration2/builder/combined/TestCombinedBuilderParametersImpl.java,,,,assert,unknown
conf_1320_1,commons-configuration2-2.8.0-src,TestCombinedBuilderParametersImpl,testFromParametersNotFound_1_oe,src/test/java/org/apache/commons/configuration2/builder/combined/TestCombinedBuilderParametersImpl.java,,,,assert,unknown
conf_1321_1,commons-configuration2-2.8.0-src,TestCombinedBuilderParametersImpl,testGetChildDefaultParametersManagerSpecific_1_oe,src/test/java/org/apache/commons/configuration2/builder/combined/TestCombinedBuilderParametersImpl.java,,,,assert,unknown
conf_1321_2,commons-configuration2-2.8.0-src,TestCombinedBuilderParametersImpl,testGetChildDefaultParametersManagerSpecific_2_oe,src/test/java/org/apache/commons/configuration2/builder/combined/TestCombinedBuilderParametersImpl.java,,,,assert,unknown
conf_1322_1,commons-configuration2-2.8.0-src,TestCombinedBuilderParametersImpl,testGetChildDefaultParametersManagerUndefined_1_oe,src/test/java/org/apache/commons/configuration2/builder/combined/TestCombinedBuilderParametersImpl.java,,,,assert,unknown
conf_1323_1,commons-configuration2-2.8.0-src,TestCombinedBuilderParametersImpl,testGetParametersInherited_1_oe,src/test/java/org/apache/commons/configuration2/builder/combined/TestCombinedBuilderParametersImpl.java,,,,assert,unknown
conf_1324_1,commons-configuration2-2.8.0-src,TestCombinedBuilderParametersImpl,testGetProvidersInitial_1_oe,src/test/java/org/apache/commons/configuration2/builder/combined/TestCombinedBuilderParametersImpl.java,,,,assert,unknown
conf_1325_1,commons-configuration2-2.8.0-src,TestCombinedBuilderParametersImpl,testInheritFrom_1_oe,src/test/java/org/apache/commons/configuration2/builder/combined/TestCombinedBuilderParametersImpl.java,,,,assert,unknown
conf_1325_2,commons-configuration2-2.8.0-src,TestCombinedBuilderParametersImpl,testInheritFrom_2_oe,src/test/java/org/apache/commons/configuration2/builder/combined/TestCombinedBuilderParametersImpl.java,,,,assert,unknown
conf_1325_3,commons-configuration2-2.8.0-src,TestCombinedBuilderParametersImpl,testInheritFrom_3_oe,src/test/java/org/apache/commons/configuration2/builder/combined/TestCombinedBuilderParametersImpl.java,,,,assert,unknown
conf_1326_1,commons-configuration2-2.8.0-src,TestCombinedBuilderParametersImpl,testInheritFromNoParametersInMap_1_oe,src/test/java/org/apache/commons/configuration2/builder/combined/TestCombinedBuilderParametersImpl.java,,,,assert,unknown
conf_1327_1,commons-configuration2-2.8.0-src,TestCombinedBuilderParametersImpl,testProviderForUnknown_1_oe,src/test/java/org/apache/commons/configuration2/builder/combined/TestCombinedBuilderParametersImpl.java,,,,assert,unknown
conf_1328_1,commons-configuration2-2.8.0-src,TestCombinedBuilderParametersImpl,testRegisterChildDefaultsHandler_1_oe,src/test/java/org/apache/commons/configuration2/builder/combined/TestCombinedBuilderParametersImpl.java,,,,assert,unknown
conf_1329_1,commons-configuration2-2.8.0-src,TestCombinedBuilderParametersImpl,testRegisterChildDefaultsHandlerWithStartClass_1_oe,src/test/java/org/apache/commons/configuration2/builder/combined/TestCombinedBuilderParametersImpl.java,,,,assert,unknown
conf_1330_1,commons-configuration2-2.8.0-src,TestCombinedBuilderParametersImpl,testRegisterMissingProviders_1_oe,src/test/java/org/apache/commons/configuration2/builder/combined/TestCombinedBuilderParametersImpl.java,,,,assert,unknown
conf_1330_2,commons-configuration2-2.8.0-src,TestCombinedBuilderParametersImpl,testRegisterMissingProviders_2_oe,src/test/java/org/apache/commons/configuration2/builder/combined/TestCombinedBuilderParametersImpl.java,,,,assert,unknown
conf_1330_3,commons-configuration2-2.8.0-src,TestCombinedBuilderParametersImpl,testRegisterMissingProviders_3_oe,src/test/java/org/apache/commons/configuration2/builder/combined/TestCombinedBuilderParametersImpl.java,,,,assert,unknown
conf_1330_4,commons-configuration2-2.8.0-src,TestCombinedBuilderParametersImpl,testRegisterMissingProviders_4_oe,src/test/java/org/apache/commons/configuration2/builder/combined/TestCombinedBuilderParametersImpl.java,,,,assert,unknown
conf_1331_1,commons-configuration2-2.8.0-src,TestCombinedBuilderParametersImpl,testRegisterMissingProvidersParams_1_oe,src/test/java/org/apache/commons/configuration2/builder/combined/TestCombinedBuilderParametersImpl.java,,,,assert,unknown
conf_1331_2,commons-configuration2-2.8.0-src,TestCombinedBuilderParametersImpl,testRegisterMissingProvidersParams_2_oe,src/test/java/org/apache/commons/configuration2/builder/combined/TestCombinedBuilderParametersImpl.java,,,,assert,unknown
conf_1331_3,commons-configuration2-2.8.0-src,TestCombinedBuilderParametersImpl,testRegisterMissingProvidersParams_3_oe,src/test/java/org/apache/commons/configuration2/builder/combined/TestCombinedBuilderParametersImpl.java,,,,assert,unknown
conf_1331_4,commons-configuration2-2.8.0-src,TestCombinedBuilderParametersImpl,testRegisterMissingProvidersParams_4_oe,src/test/java/org/apache/commons/configuration2/builder/combined/TestCombinedBuilderParametersImpl.java,,,,assert,unknown
conf_1332_1,commons-configuration2-2.8.0-src,TestCombinedBuilderParametersImpl,testRegisterProvider_1_oe,src/test/java/org/apache/commons/configuration2/builder/combined/TestCombinedBuilderParametersImpl.java,,,,assert,unknown
conf_1332_2,commons-configuration2-2.8.0-src,TestCombinedBuilderParametersImpl,testRegisterProvider_2_oe,src/test/java/org/apache/commons/configuration2/builder/combined/TestCombinedBuilderParametersImpl.java,,,,assert,unknown
conf_1332_3,commons-configuration2-2.8.0-src,TestCombinedBuilderParametersImpl,testRegisterProvider_3_oe,src/test/java/org/apache/commons/configuration2/builder/combined/TestCombinedBuilderParametersImpl.java,,,,assert,unknown
conf_1332_4,commons-configuration2-2.8.0-src,TestCombinedBuilderParametersImpl,testRegisterProvider_4_oe,src/test/java/org/apache/commons/configuration2/builder/combined/TestCombinedBuilderParametersImpl.java,,,,assert,unknown
conf_1333_1,commons-configuration2-2.8.0-src,TestCombinedBuilderParametersImpl,testSetBasePath_1_oe,src/test/java/org/apache/commons/configuration2/builder/combined/TestCombinedBuilderParametersImpl.java,,,,assert,unknown
conf_1333_2,commons-configuration2-2.8.0-src,TestCombinedBuilderParametersImpl,testSetBasePath_2_oe,src/test/java/org/apache/commons/configuration2/builder/combined/TestCombinedBuilderParametersImpl.java,,,,assert,unknown
conf_1334_1,commons-configuration2-2.8.0-src,TestCombinedBuilderParametersImpl,testSetBeanProperties_1_oe,src/test/java/org/apache/commons/configuration2/builder/combined/TestCombinedBuilderParametersImpl.java,,,,assert,unknown
conf_1334_2,commons-configuration2-2.8.0-src,TestCombinedBuilderParametersImpl,testSetBeanProperties_2_oe,src/test/java/org/apache/commons/configuration2/builder/combined/TestCombinedBuilderParametersImpl.java,,,,assert,unknown
conf_1334_3,commons-configuration2-2.8.0-src,TestCombinedBuilderParametersImpl,testSetBeanProperties_3_oe,src/test/java/org/apache/commons/configuration2/builder/combined/TestCombinedBuilderParametersImpl.java,,,,assert,unknown
conf_1335_1,commons-configuration2-2.8.0-src,TestCombinedBuilderParametersImpl,testSetDefinitionBuilder_1_oe,src/test/java/org/apache/commons/configuration2/builder/combined/TestCombinedBuilderParametersImpl.java,,,,assert,unknown
conf_1335_2,commons-configuration2-2.8.0-src,TestCombinedBuilderParametersImpl,testSetDefinitionBuilder_2_oe,src/test/java/org/apache/commons/configuration2/builder/combined/TestCombinedBuilderParametersImpl.java,,,,assert,unknown
conf_1335_3,commons-configuration2-2.8.0-src,TestCombinedBuilderParametersImpl,testSetDefinitionBuilder_3_oe,src/test/java/org/apache/commons/configuration2/builder/combined/TestCombinedBuilderParametersImpl.java,,,,assert,unknown
conf_1336_1,commons-configuration2-2.8.0-src,TestCombinedBuilderParametersImpl,testSetDefinitionBuilderParameters_1_oe,src/test/java/org/apache/commons/configuration2/builder/combined/TestCombinedBuilderParametersImpl.java,,,,assert,unknown
conf_1336_2,commons-configuration2-2.8.0-src,TestCombinedBuilderParametersImpl,testSetDefinitionBuilderParameters_2_oe,src/test/java/org/apache/commons/configuration2/builder/combined/TestCombinedBuilderParametersImpl.java,,,,assert,unknown
conf_1337_1,commons-configuration2-2.8.0-src,TestCombinedBuilderParametersImpl,testSetInheritSettings_1_oe,src/test/java/org/apache/commons/configuration2/builder/combined/TestCombinedBuilderParametersImpl.java,,,,assert,unknown
conf_1337_2,commons-configuration2-2.8.0-src,TestCombinedBuilderParametersImpl,testSetInheritSettings_2_oe,src/test/java/org/apache/commons/configuration2/builder/combined/TestCombinedBuilderParametersImpl.java,,,,assert,unknown
conf_1337_3,commons-configuration2-2.8.0-src,TestCombinedBuilderParametersImpl,testSetInheritSettings_3_oe,src/test/java/org/apache/commons/configuration2/builder/combined/TestCombinedBuilderParametersImpl.java,,,,assert,unknown
conf_1338_1,commons-configuration2-2.8.0-src,TestBaseConfigurationBuilderProvider,testGetBuilderNotReloading_1_oe,src/test/java/org/apache/commons/configuration2/builder/combined/TestBaseConfigurationBuilderProvider.java,,,,assert,unknown
conf_1339_1,commons-configuration2-2.8.0-src,TestBaseConfigurationBuilderProvider,testGetBuilderReloading_1_oe,src/test/java/org/apache/commons/configuration2/builder/combined/TestBaseConfigurationBuilderProvider.java,,,,assert,unknown
conf_1340_1,commons-configuration2-2.8.0-src,TestBaseConfigurationBuilderProvider,testInitNoParameterClasses_1_oe,src/test/java/org/apache/commons/configuration2/builder/combined/TestBaseConfigurationBuilderProvider.java,,,,assert,unknown
conf_1341_1,commons-configuration2-2.8.0-src,TestMultiFileConfigurationBuilder,testAddConfigurationListener_1_oe,src/test/java/org/apache/commons/configuration2/builder/combined/TestMultiFileConfigurationBuilder.java,,,,assert,unknown
conf_1341_2,commons-configuration2-2.8.0-src,TestMultiFileConfigurationBuilder,testAddConfigurationListener_2_oe,src/test/java/org/apache/commons/configuration2/builder/combined/TestMultiFileConfigurationBuilder.java,,,,assert,unknown
conf_1341_3,commons-configuration2-2.8.0-src,TestMultiFileConfigurationBuilder,testAddConfigurationListener_3_oe,src/test/java/org/apache/commons/configuration2/builder/combined/TestMultiFileConfigurationBuilder.java,,,,assert,unknown
conf_1341_4,commons-configuration2-2.8.0-src,TestMultiFileConfigurationBuilder,testAddConfigurationListener_4_oe,src/test/java/org/apache/commons/configuration2/builder/combined/TestMultiFileConfigurationBuilder.java,,,,assert,unknown
conf_1341_5,commons-configuration2-2.8.0-src,TestMultiFileConfigurationBuilder,testAddConfigurationListener_5_oe,src/test/java/org/apache/commons/configuration2/builder/combined/TestMultiFileConfigurationBuilder.java,,,,assert,unknown
conf_1341_6,commons-configuration2-2.8.0-src,TestMultiFileConfigurationBuilder,testAddConfigurationListener_6_oe,src/test/java/org/apache/commons/configuration2/builder/combined/TestMultiFileConfigurationBuilder.java,,,,assert,unknown
conf_1342_1,commons-configuration2-2.8.0-src,TestMultiFileConfigurationBuilder,testBuilderListenerOtherTypes_1_oe,src/test/java/org/apache/commons/configuration2/builder/combined/TestMultiFileConfigurationBuilder.java,,,,assert,unknown
conf_1342_2,commons-configuration2-2.8.0-src,TestMultiFileConfigurationBuilder,testBuilderListenerOtherTypes_2_oe,src/test/java/org/apache/commons/configuration2/builder/combined/TestMultiFileConfigurationBuilder.java,,,,assert,unknown
conf_1343_1,commons-configuration2-2.8.0-src,TestMultiFileConfigurationBuilder,testBuilderListenerReset_1_oe,src/test/java/org/apache/commons/configuration2/builder/combined/TestMultiFileConfigurationBuilder.java,,,,assert,unknown
conf_1343_2,commons-configuration2-2.8.0-src,TestMultiFileConfigurationBuilder,testBuilderListenerReset_2_oe,src/test/java/org/apache/commons/configuration2/builder/combined/TestMultiFileConfigurationBuilder.java,,,,assert,unknown
conf_1344_1,commons-configuration2-2.8.0-src,TestMultiFileConfigurationBuilder,testCaching_1_oe,src/test/java/org/apache/commons/configuration2/builder/combined/TestMultiFileConfigurationBuilder.java,,,,assert,unknown
conf_1344_2,commons-configuration2-2.8.0-src,TestMultiFileConfigurationBuilder,testCaching_2_oe,src/test/java/org/apache/commons/configuration2/builder/combined/TestMultiFileConfigurationBuilder.java,,,,assert,unknown
conf_1344_3,commons-configuration2-2.8.0-src,TestMultiFileConfigurationBuilder,testCaching_3_oe,src/test/java/org/apache/commons/configuration2/builder/combined/TestMultiFileConfigurationBuilder.java,,,,assert,unknown
conf_1345_1,commons-configuration2-2.8.0-src,TestMultiFileConfigurationBuilder,testCachingWithReset_1_oe,src/test/java/org/apache/commons/configuration2/builder/combined/TestMultiFileConfigurationBuilder.java,,,,assert,unknown
conf_1346_1,commons-configuration2-2.8.0-src,TestMultiFileConfigurationBuilder,testFileNotFoundAllowFailOnInit_1_oe,src/test/java/org/apache/commons/configuration2/builder/combined/TestMultiFileConfigurationBuilder.java,,,,assert,unknown
conf_1347_1,commons-configuration2-2.8.0-src,TestMultiFileConfigurationBuilder,testGetConfiguration_1_oe,src/test/java/org/apache/commons/configuration2/builder/combined/TestMultiFileConfigurationBuilder.java,,,,assert,unknown
conf_1347_2,commons-configuration2-2.8.0-src,TestMultiFileConfigurationBuilder,testGetConfiguration_2_oe,src/test/java/org/apache/commons/configuration2/builder/combined/TestMultiFileConfigurationBuilder.java,,,,assert,unknown
conf_1347_3,commons-configuration2-2.8.0-src,TestMultiFileConfigurationBuilder,testGetConfiguration_3_oe,src/test/java/org/apache/commons/configuration2/builder/combined/TestMultiFileConfigurationBuilder.java,,,,assert,unknown
conf_1348_1,commons-configuration2-2.8.0-src,TestMultiFileConfigurationBuilder,testGetManagedBuilderClonedParameters_1_oe,src/test/java/org/apache/commons/configuration2/builder/combined/TestMultiFileConfigurationBuilder.java,,,,assert,unknown
conf_1349_1,commons-configuration2-2.8.0-src,TestMultiFileConfigurationBuilder,testInterpolatorFromParameters_1_oe,src/test/java/org/apache/commons/configuration2/builder/combined/TestMultiFileConfigurationBuilder.java,,,,assert,unknown
conf_1350_1,commons-configuration2-2.8.0-src,TestMultiFileConfigurationBuilder,testInterpolatorReset_1_oe,src/test/java/org/apache/commons/configuration2/builder/combined/TestMultiFileConfigurationBuilder.java,,,,assert,unknown
conf_1350_2,commons-configuration2-2.8.0-src,TestMultiFileConfigurationBuilder,testInterpolatorReset_2_oe,src/test/java/org/apache/commons/configuration2/builder/combined/TestMultiFileConfigurationBuilder.java,,,,assert,unknown
conf_1351_1,commons-configuration2-2.8.0-src,TestMultiFileConfigurationBuilder,testManagedConfigurationSettings_1_oe,src/test/java/org/apache/commons/configuration2/builder/combined/TestMultiFileConfigurationBuilder.java,,,,assert,unknown
conf_1351_2,commons-configuration2-2.8.0-src,TestMultiFileConfigurationBuilder,testManagedConfigurationSettings_2_oe,src/test/java/org/apache/commons/configuration2/builder/combined/TestMultiFileConfigurationBuilder.java,,,,assert,unknown
conf_1351_3,commons-configuration2-2.8.0-src,TestMultiFileConfigurationBuilder,testManagedConfigurationSettings_3_oe,src/test/java/org/apache/commons/configuration2/builder/combined/TestMultiFileConfigurationBuilder.java,,,,assert,unknown
conf_1352_1,commons-configuration2-2.8.0-src,TestMultiFileConfigurationBuilder,testRecursiveInterpolation_1_oe,src/test/java/org/apache/commons/configuration2/builder/combined/TestMultiFileConfigurationBuilder.java,,,,assert,unknown
conf_1353_2,commons-configuration2-2.8.0-src,TestMultiFileConfigurationBuilder,testSchemaValidationError_2_oe,src/test/java/org/apache/commons/configuration2/builder/combined/TestMultiFileConfigurationBuilder.java,,,,assert,unknown
conf_1354_1,commons-configuration2-2.8.0-src,TestFileExtensionConfigurationBuilderProvider,testDetermineConfigurationClassExtensionMatch_1_oe,src/test/java/org/apache/commons/configuration2/builder/combined/TestFileExtensionConfigurationBuilderProvider.java,,,,assert,unknown
conf_1355_1,commons-configuration2-2.8.0-src,TestFileExtensionConfigurationBuilderProvider,testDetermineConfigurationClassExtensionNoMatch_1_oe,src/test/java/org/apache/commons/configuration2/builder/combined/TestFileExtensionConfigurationBuilderProvider.java,,,,assert,unknown
conf_1356_1,commons-configuration2-2.8.0-src,TestFileExtensionConfigurationBuilderProvider,testDetermineConfigurationClassMatchCase_1_oe,src/test/java/org/apache/commons/configuration2/builder/combined/TestFileExtensionConfigurationBuilderProvider.java,,,,assert,unknown
conf_1357_1,commons-configuration2-2.8.0-src,TestFileExtensionConfigurationBuilderProvider,testDetermineConfigurationClassNoExtension_1_oe,src/test/java/org/apache/commons/configuration2/builder/combined/TestFileExtensionConfigurationBuilderProvider.java,,,,assert,unknown
conf_1358_1,commons-configuration2-2.8.0-src,TestFileExtensionConfigurationBuilderProvider,testDetermineConfigurationClassNoParams_1_oe,src/test/java/org/apache/commons/configuration2/builder/combined/TestFileExtensionConfigurationBuilderProvider.java,,,,assert,unknown
conf_1359_1,commons-configuration2-2.8.0-src,TestFileExtensionConfigurationBuilderProvider,testDeterminieConfigurationClassNoFileName_1_oe,src/test/java/org/apache/commons/configuration2/builder/combined/TestFileExtensionConfigurationBuilderProvider.java,,,,assert,unknown
conf_1360_1,commons-configuration2-2.8.0-src,TestFileExtensionConfigurationBuilderProvider,testInitSuper_1_oe,src/test/java/org/apache/commons/configuration2/builder/combined/TestFileExtensionConfigurationBuilderProvider.java,,,,assert,unknown
conf_1360_2,commons-configuration2-2.8.0-src,TestFileExtensionConfigurationBuilderProvider,testInitSuper_2_oe,src/test/java/org/apache/commons/configuration2/builder/combined/TestFileExtensionConfigurationBuilderProvider.java,,,,assert,unknown
conf_1360_3,commons-configuration2-2.8.0-src,TestFileExtensionConfigurationBuilderProvider,testInitSuper_3_oe,src/test/java/org/apache/commons/configuration2/builder/combined/TestFileExtensionConfigurationBuilderProvider.java,,,,assert,unknown
conf_1361_1,commons-configuration2-2.8.0-src,TestMultiWrapDynaBean,testGetDynaClass_1_oe,src/test/java/org/apache/commons/configuration2/builder/combined/TestMultiWrapDynaBean.java,,,,assert,unknown
conf_1361_2,commons-configuration2-2.8.0-src,TestMultiWrapDynaBean,testGetDynaClass_2_oe,src/test/java/org/apache/commons/configuration2/builder/combined/TestMultiWrapDynaBean.java,,,,assert,unknown
conf_1362_1,commons-configuration2-2.8.0-src,TestMultiWrapDynaBean,testGetDynaClassName_1_oe,src/test/java/org/apache/commons/configuration2/builder/combined/TestMultiWrapDynaBean.java,,,,assert,unknown
conf_1363_1,commons-configuration2-2.8.0-src,TestMultiWrapDynaBean,testGetIndexedProperty_1_oe,src/test/java/org/apache/commons/configuration2/builder/combined/TestMultiWrapDynaBean.java,,,,assert,unknown
conf_1364_1,commons-configuration2-2.8.0-src,TestMultiWrapDynaBean,testGetMappedProperty_1_oe,src/test/java/org/apache/commons/configuration2/builder/combined/TestMultiWrapDynaBean.java,,,,assert,unknown
conf_1365_1,commons-configuration2-2.8.0-src,TestMultiWrapDynaBean,testGetSimpleProperty_1_oe,src/test/java/org/apache/commons/configuration2/builder/combined/TestMultiWrapDynaBean.java,,,,assert,unknown
conf_1366_1,commons-configuration2-2.8.0-src,TestMultiWrapDynaBean,testOrderOfProperties_1_oe,src/test/java/org/apache/commons/configuration2/builder/combined/TestMultiWrapDynaBean.java,,,,assert,unknown
conf_1366_2,commons-configuration2-2.8.0-src,TestMultiWrapDynaBean,testOrderOfProperties_2_oe,src/test/java/org/apache/commons/configuration2/builder/combined/TestMultiWrapDynaBean.java,,,,assert,unknown
conf_1367_1,commons-configuration2-2.8.0-src,TestMultiWrapDynaBean,testSetIndexedProperty_1_oe,src/test/java/org/apache/commons/configuration2/builder/combined/TestMultiWrapDynaBean.java,,,,assert,unknown
conf_1368_1,commons-configuration2-2.8.0-src,TestMultiWrapDynaBean,testSetMappedProperty_1_oe,src/test/java/org/apache/commons/configuration2/builder/combined/TestMultiWrapDynaBean.java,,,,assert,unknown
conf_1369_1,commons-configuration2-2.8.0-src,TestMultiWrapDynaBean,testSetSimpleProperty_1_oe,src/test/java/org/apache/commons/configuration2/builder/combined/TestMultiWrapDynaBean.java,,,,assert,unknown
conf_1370_1,commons-configuration2-2.8.0-src,TestParameters,testApplyDefaults_1_oe,src/test/java/org/apache/commons/configuration2/builder/fluent/TestParameters.java,,,,assert,unknown
conf_1370_2,commons-configuration2-2.8.0-src,TestParameters,testApplyDefaults_2_oe,src/test/java/org/apache/commons/configuration2/builder/fluent/TestParameters.java,,,,assert,unknown
conf_1371_1,commons-configuration2-2.8.0-src,TestParameters,testBasic_1_oe,src/test/java/org/apache/commons/configuration2/builder/fluent/TestParameters.java,,,,assert,unknown
conf_1372_1,commons-configuration2-2.8.0-src,TestParameters,testCombined_1_oe,src/test/java/org/apache/commons/configuration2/builder/fluent/TestParameters.java,,,,assert,unknown
conf_1373_1,commons-configuration2-2.8.0-src,TestParameters,testDatabase_1_oe,src/test/java/org/apache/commons/configuration2/builder/fluent/TestParameters.java,,,,assert,unknown
conf_1373_2,commons-configuration2-2.8.0-src,TestParameters,testDatabase_2_oe,src/test/java/org/apache/commons/configuration2/builder/fluent/TestParameters.java,,,,assert,unknown
conf_1373_3,commons-configuration2-2.8.0-src,TestParameters,testDatabase_3_oe,src/test/java/org/apache/commons/configuration2/builder/fluent/TestParameters.java,,,,assert,unknown
conf_1374_1,commons-configuration2-2.8.0-src,TestParameters,testDefaultParametersManager_1_oe,src/test/java/org/apache/commons/configuration2/builder/fluent/TestParameters.java,,,,assert,unknown
conf_1375_1,commons-configuration2-2.8.0-src,TestParameters,testFileBased_1_oe,src/test/java/org/apache/commons/configuration2/builder/fluent/TestParameters.java,,,,assert,unknown
conf_1375_2,commons-configuration2-2.8.0-src,TestParameters,testFileBased_2_oe,src/test/java/org/apache/commons/configuration2/builder/fluent/TestParameters.java,,,,assert,unknown
conf_1376_1,commons-configuration2-2.8.0-src,TestParameters,testHierarchical_1_oe,src/test/java/org/apache/commons/configuration2/builder/fluent/TestParameters.java,,,,assert,unknown
conf_1376_2,commons-configuration2-2.8.0-src,TestParameters,testHierarchical_2_oe,src/test/java/org/apache/commons/configuration2/builder/fluent/TestParameters.java,,,,assert,unknown
conf_1377_1,commons-configuration2-2.8.0-src,TestParameters,testInheritance_1_oe,src/test/java/org/apache/commons/configuration2/builder/fluent/TestParameters.java,,,,assert,unknown
conf_1377_2,commons-configuration2-2.8.0-src,TestParameters,testInheritance_2_oe,src/test/java/org/apache/commons/configuration2/builder/fluent/TestParameters.java,,,,assert,unknown
conf_1377_3,commons-configuration2-2.8.0-src,TestParameters,testInheritance_3_oe,src/test/java/org/apache/commons/configuration2/builder/fluent/TestParameters.java,,,,assert,unknown
conf_1378_1,commons-configuration2-2.8.0-src,TestParameters,testJndi_1_oe,src/test/java/org/apache/commons/configuration2/builder/fluent/TestParameters.java,,,,assert,unknown
conf_1379_1,commons-configuration2-2.8.0-src,TestParameters,testMultiFile_1_oe,src/test/java/org/apache/commons/configuration2/builder/fluent/TestParameters.java,,,,assert,unknown
conf_1379_2,commons-configuration2-2.8.0-src,TestParameters,testMultiFile_2_oe,src/test/java/org/apache/commons/configuration2/builder/fluent/TestParameters.java,,,,assert,unknown
conf_1380_1,commons-configuration2-2.8.0-src,TestParameters,testProperties_1_oe,src/test/java/org/apache/commons/configuration2/builder/fluent/TestParameters.java,,,,assert,unknown
conf_1380_2,commons-configuration2-2.8.0-src,TestParameters,testProperties_2_oe,src/test/java/org/apache/commons/configuration2/builder/fluent/TestParameters.java,,,,assert,unknown
conf_1380_3,commons-configuration2-2.8.0-src,TestParameters,testProperties_3_oe,src/test/java/org/apache/commons/configuration2/builder/fluent/TestParameters.java,,,,assert,unknown
conf_1380_4,commons-configuration2-2.8.0-src,TestParameters,testProperties_4_oe,src/test/java/org/apache/commons/configuration2/builder/fluent/TestParameters.java,,,,assert,unknown
conf_1381_1,commons-configuration2-2.8.0-src,TestParameters,testProxyObjectMethods_1_oe,src/test/java/org/apache/commons/configuration2/builder/fluent/TestParameters.java,,,,assert,unknown
conf_1381_2,commons-configuration2-2.8.0-src,TestParameters,testProxyObjectMethods_2_oe,src/test/java/org/apache/commons/configuration2/builder/fluent/TestParameters.java,,,,assert,unknown
conf_1382_1,commons-configuration2-2.8.0-src,TestParameters,testXml_1_oe,src/test/java/org/apache/commons/configuration2/builder/fluent/TestParameters.java,,,,assert,unknown
conf_1382_2,commons-configuration2-2.8.0-src,TestParameters,testXml_2_oe,src/test/java/org/apache/commons/configuration2/builder/fluent/TestParameters.java,,,,assert,unknown
conf_1382_3,commons-configuration2-2.8.0-src,TestParameters,testXml_3_oe,src/test/java/org/apache/commons/configuration2/builder/fluent/TestParameters.java,,,,assert,unknown
conf_1382_4,commons-configuration2-2.8.0-src,TestParameters,testXml_4_oe,src/test/java/org/apache/commons/configuration2/builder/fluent/TestParameters.java,,,,assert,unknown
conf_1383_1,commons-configuration2-2.8.0-src,TestConfigurations,testDefaultParameters_1_oe,src/test/java/org/apache/commons/configuration2/builder/fluent/TestConfigurations.java,,,,assert,unknown
conf_1384_1,commons-configuration2-2.8.0-src,TestConfigurations,testFileBasedBuilderWithFile_1_oe,src/test/java/org/apache/commons/configuration2/builder/fluent/TestConfigurations.java,,,,assert,unknown
conf_1385_1,commons-configuration2-2.8.0-src,TestConfigurations,testFileBasedBuilderWithPath_1_oe,src/test/java/org/apache/commons/configuration2/builder/fluent/TestConfigurations.java,,,,assert,unknown
conf_1386_1,commons-configuration2-2.8.0-src,TestConfigurations,testFileBasedBuilderWithURL_1_oe,src/test/java/org/apache/commons/configuration2/builder/fluent/TestConfigurations.java,,,,assert,unknown
conf_1387_1,commons-configuration2-2.8.0-src,TestConfigurations,testInitWithParameters_1_oe,src/test/java/org/apache/commons/configuration2/builder/fluent/TestConfigurations.java,,,,assert,unknown
conf_1389_2,commons-configuration2-2.8.0-src,TestConfigurations,testPropertiesBuilderFromPathIncludeNotFoundPass_2_oe,src/test/java/org/apache/commons/configuration2/builder/fluent/TestConfigurations.java,,,,assert,unknown
conf_1389_3,commons-configuration2-2.8.0-src,TestConfigurations,testPropertiesBuilderFromPathIncludeNotFoundPass_3_oe,src/test/java/org/apache/commons/configuration2/builder/fluent/TestConfigurations.java,,,,assert,unknown
conf_1390_1,commons-configuration2-2.8.0-src,TestConfigurationPropertySource,testValueInjection_1_oe,src/test/java/org/apache/commons/configuration2/spring/TestConfigurationPropertySource.java,,,,assert,unknown
conf_1391_1,commons-configuration2-2.8.0-src,TestConfigurationPropertiesFactoryBean,testGetConfigurationDefensiveCopy_1_oe,src/test/java/org/apache/commons/configuration2/spring/TestConfigurationPropertiesFactoryBean.java,,,,assert,unknown
conf_1392_1,commons-configuration2-2.8.0-src,TestConfigurationPropertiesFactoryBean,testGetLocationsDefensiveCopy_1_oe,src/test/java/org/apache/commons/configuration2/spring/TestConfigurationPropertiesFactoryBean.java,,,,assert,unknown
conf_1393_1,commons-configuration2-2.8.0-src,TestConfigurationPropertiesFactoryBean,testGetObject_1_oe,src/test/java/org/apache/commons/configuration2/spring/TestConfigurationPropertiesFactoryBean.java,,,,assert,unknown
conf_1393_2,commons-configuration2-2.8.0-src,TestConfigurationPropertiesFactoryBean,testGetObject_2_oe,src/test/java/org/apache/commons/configuration2/spring/TestConfigurationPropertiesFactoryBean.java,,,,assert,unknown
conf_1394_1,commons-configuration2-2.8.0-src,TestConfigurationPropertiesFactoryBean,testInitialConfiguration_1_oe,src/test/java/org/apache/commons/configuration2/spring/TestConfigurationPropertiesFactoryBean.java,,,,assert,unknown
conf_1395_1,commons-configuration2-2.8.0-src,TestConfigurationPropertiesFactoryBean,testLoadResources_1_oe,src/test/java/org/apache/commons/configuration2/spring/TestConfigurationPropertiesFactoryBean.java,,,,assert,unknown
conf_1396_1,commons-configuration2-2.8.0-src,TestConfigurationPropertiesFactoryBean,testMergeConfigurations_1_oe,src/test/java/org/apache/commons/configuration2/spring/TestConfigurationPropertiesFactoryBean.java,,,,assert,unknown
conf_1396_2,commons-configuration2-2.8.0-src,TestConfigurationPropertiesFactoryBean,testMergeConfigurations_2_oe,src/test/java/org/apache/commons/configuration2/spring/TestConfigurationPropertiesFactoryBean.java,,,,assert,unknown
conf_1397_1,commons-configuration2-2.8.0-src,TestConfigurationPropertiesFactoryBean,testSetConfigurationsDefensiveCopy_1_oe,src/test/java/org/apache/commons/configuration2/spring/TestConfigurationPropertiesFactoryBean.java,,,,assert,unknown
conf_1398_1,commons-configuration2-2.8.0-src,TestConfigurationPropertiesFactoryBean,testSetLocationsDefensiveCopy_1_oe,src/test/java/org/apache/commons/configuration2/spring/TestConfigurationPropertiesFactoryBean.java,,,,assert,unknown
conf_1399_1,commons-configuration2-2.8.0-src,TestConfigurationPropertiesFactoryBean,testSetLocationsNull_1_oe,src/test/java/org/apache/commons/configuration2/spring/TestConfigurationPropertiesFactoryBean.java,,,,assert,unknown
conf_1400_1,commons-configuration2-2.8.0-src,TestTrackedNodeModel,testClearTree_1_oe,src/test/java/org/apache/commons/configuration2/tree/TestTrackedNodeModel.java,,,,assert,unknown
conf_1401_1,commons-configuration2-2.8.0-src,TestTrackedNodeModel,testGetInMemoryRepresentation_1_oe,src/test/java/org/apache/commons/configuration2/tree/TestTrackedNodeModel.java,,,,assert,unknown
conf_1402_1,commons-configuration2-2.8.0-src,TestTrackedNodeModel,testGetNodeHandler_1_oe,src/test/java/org/apache/commons/configuration2/tree/TestTrackedNodeModel.java,,,,assert,unknown
conf_1403_1,commons-configuration2-2.8.0-src,AbstractCombinerTest,testInit_1_oe,src/test/java/org/apache/commons/configuration2/tree/AbstractCombinerTest.java,,,,assert,unknown
conf_1403_2,commons-configuration2-2.8.0-src,AbstractCombinerTest,testInit_2_oe,src/test/java/org/apache/commons/configuration2/tree/AbstractCombinerTest.java,,,,assert,unknown
conf_1404_1,commons-configuration2-2.8.0-src,TestNodeUpdateData,testInitChangedValuesDefensiveCopy_1_oe,src/test/java/org/apache/commons/configuration2/tree/TestNodeUpdateData.java,,,,assert,unknown
conf_1404_2,commons-configuration2-2.8.0-src,TestNodeUpdateData,testInitChangedValuesDefensiveCopy_2_oe,src/test/java/org/apache/commons/configuration2/tree/TestNodeUpdateData.java,,,,assert,unknown
conf_1405_1,commons-configuration2-2.8.0-src,TestNodeUpdateData,testInitNewValuesDefensiveCopy_1_oe,src/test/java/org/apache/commons/configuration2/tree/TestNodeUpdateData.java,,,,assert,unknown
conf_1405_2,commons-configuration2-2.8.0-src,TestNodeUpdateData,testInitNewValuesDefensiveCopy_2_oe,src/test/java/org/apache/commons/configuration2/tree/TestNodeUpdateData.java,,,,assert,unknown
conf_1406_1,commons-configuration2-2.8.0-src,TestNodeUpdateData,testInitNoData_1_oe,src/test/java/org/apache/commons/configuration2/tree/TestNodeUpdateData.java,,,,assert,unknown
conf_1406_2,commons-configuration2-2.8.0-src,TestNodeUpdateData,testInitNoData_2_oe,src/test/java/org/apache/commons/configuration2/tree/TestNodeUpdateData.java,,,,assert,unknown
conf_1406_3,commons-configuration2-2.8.0-src,TestNodeUpdateData,testInitNoData_3_oe,src/test/java/org/apache/commons/configuration2/tree/TestNodeUpdateData.java,,,,assert,unknown
conf_1407_1,commons-configuration2-2.8.0-src,TestNodeUpdateData,testInitRemovedNodesDefensiveCopy_1_oe,src/test/java/org/apache/commons/configuration2/tree/TestNodeUpdateData.java,,,,assert,unknown
conf_1407_2,commons-configuration2-2.8.0-src,TestNodeUpdateData,testInitRemovedNodesDefensiveCopy_2_oe,src/test/java/org/apache/commons/configuration2/tree/TestNodeUpdateData.java,,,,assert,unknown
conf_1408_1,commons-configuration2-2.8.0-src,TestNodeTreeWalker,testWalkBFS_1_oe,src/test/java/org/apache/commons/configuration2/tree/TestNodeTreeWalker.java,,,,assert,unknown
conf_1409_1,commons-configuration2-2.8.0-src,TestNodeTreeWalker,testWalkBFSTerminate_1_oe,src/test/java/org/apache/commons/configuration2/tree/TestNodeTreeWalker.java,,,,assert,unknown
conf_1410_1,commons-configuration2-2.8.0-src,TestNodeTreeWalker,testWalkDFS_1_oe,src/test/java/org/apache/commons/configuration2/tree/TestNodeTreeWalker.java,,,,assert,unknown
conf_1411_1,commons-configuration2-2.8.0-src,TestNodeTreeWalker,testWalkDFSTerminate_1_oe,src/test/java/org/apache/commons/configuration2/tree/TestNodeTreeWalker.java,,,,assert,unknown
conf_1412_1,commons-configuration2-2.8.0-src,AbstractImmutableNodeHandlerTest,testGetParentForRoot_1_oe,src/test/java/org/apache/commons/configuration2/tree/AbstractImmutableNodeHandlerTest.java,,,,assert,unknown
conf_1413_1,commons-configuration2-2.8.0-src,AbstractImmutableNodeHandlerTest,testGetParentNode_1_oe,src/test/java/org/apache/commons/configuration2/tree/AbstractImmutableNodeHandlerTest.java,,,,assert,unknown
conf_1413_2,commons-configuration2-2.8.0-src,AbstractImmutableNodeHandlerTest,testGetParentNode_2_oe,src/test/java/org/apache/commons/configuration2/tree/AbstractImmutableNodeHandlerTest.java,,,,assert,unknown
conf_1413_3,commons-configuration2-2.8.0-src,AbstractImmutableNodeHandlerTest,testGetParentNode_3_oe,src/test/java/org/apache/commons/configuration2/tree/AbstractImmutableNodeHandlerTest.java,,,,assert,unknown
conf_1414_1,commons-configuration2-2.8.0-src,AbstractImmutableNodeHandlerTest,testNodeHandlerGetAttributes_1_oe,src/test/java/org/apache/commons/configuration2/tree/AbstractImmutableNodeHandlerTest.java,,,,assert,unknown
conf_1415_1,commons-configuration2-2.8.0-src,AbstractImmutableNodeHandlerTest,testNodeHandlerGetAttributeValue_1_oe,src/test/java/org/apache/commons/configuration2/tree/AbstractImmutableNodeHandlerTest.java,,,,assert,unknown
conf_1416_1,commons-configuration2-2.8.0-src,AbstractImmutableNodeHandlerTest,testNodeHandlerGetChildAtIndex_1_oe,src/test/java/org/apache/commons/configuration2/tree/AbstractImmutableNodeHandlerTest.java,,,,assert,unknown
conf_1417_1,commons-configuration2-2.8.0-src,AbstractImmutableNodeHandlerTest,testNodeHandlerGetChildren_1_oe,src/test/java/org/apache/commons/configuration2/tree/AbstractImmutableNodeHandlerTest.java,,,,assert,unknown
conf_1418_1,commons-configuration2-2.8.0-src,AbstractImmutableNodeHandlerTest,testNodeHandlerGetChildrenByName_1_oe,src/test/java/org/apache/commons/configuration2/tree/AbstractImmutableNodeHandlerTest.java,,,,assert,unknown
conf_1418_2,commons-configuration2-2.8.0-src,AbstractImmutableNodeHandlerTest,testNodeHandlerGetChildrenByName_2_oe,src/test/java/org/apache/commons/configuration2/tree/AbstractImmutableNodeHandlerTest.java,,,,assert,unknown
conf_1419_1,commons-configuration2-2.8.0-src,AbstractImmutableNodeHandlerTest,testNodeHandlerGetChildrenCountAll_1_oe,src/test/java/org/apache/commons/configuration2/tree/AbstractImmutableNodeHandlerTest.java,,,,assert,unknown
conf_1420_1,commons-configuration2-2.8.0-src,AbstractImmutableNodeHandlerTest,testNodeHandlerGetChildrenCountSpecific_1_oe,src/test/java/org/apache/commons/configuration2/tree/AbstractImmutableNodeHandlerTest.java,,,,assert,unknown
conf_1421_1,commons-configuration2-2.8.0-src,AbstractImmutableNodeHandlerTest,testNodeHandlerGetMatchingChildren_1_oe,src/test/java/org/apache/commons/configuration2/tree/AbstractImmutableNodeHandlerTest.java,,,,assert,unknown
conf_1421_2,commons-configuration2-2.8.0-src,AbstractImmutableNodeHandlerTest,testNodeHandlerGetMatchingChildren_2_oe,src/test/java/org/apache/commons/configuration2/tree/AbstractImmutableNodeHandlerTest.java,,,,assert,unknown
conf_1421_3,commons-configuration2-2.8.0-src,AbstractImmutableNodeHandlerTest,testNodeHandlerGetMatchingChildren_3_oe,src/test/java/org/apache/commons/configuration2/tree/AbstractImmutableNodeHandlerTest.java,,,,assert,unknown
conf_1421_4,commons-configuration2-2.8.0-src,AbstractImmutableNodeHandlerTest,testNodeHandlerGetMatchingChildren_4_oe,src/test/java/org/apache/commons/configuration2/tree/AbstractImmutableNodeHandlerTest.java,,,,assert,unknown
conf_1422_1,commons-configuration2-2.8.0-src,AbstractImmutableNodeHandlerTest,testNodeHandlerGetMatchingChildrenCount_1_oe,src/test/java/org/apache/commons/configuration2/tree/AbstractImmutableNodeHandlerTest.java,,,,assert,unknown
conf_1423_1,commons-configuration2-2.8.0-src,AbstractImmutableNodeHandlerTest,testNodeHandlerHasAttributesFalse_1_oe,src/test/java/org/apache/commons/configuration2/tree/AbstractImmutableNodeHandlerTest.java,,,,assert,unknown
conf_1424_1,commons-configuration2-2.8.0-src,AbstractImmutableNodeHandlerTest,testNodeHandlerHasAttributesTrue_1_oe,src/test/java/org/apache/commons/configuration2/tree/AbstractImmutableNodeHandlerTest.java,,,,assert,unknown
conf_1425_1,commons-configuration2-2.8.0-src,AbstractImmutableNodeHandlerTest,testNodeHandlerIndexOfChild_1_oe,src/test/java/org/apache/commons/configuration2/tree/AbstractImmutableNodeHandlerTest.java,,,,assert,unknown
conf_1426_1,commons-configuration2-2.8.0-src,AbstractImmutableNodeHandlerTest,testNodeHandlerIndexOfUnknownChild_1_oe,src/test/java/org/apache/commons/configuration2/tree/AbstractImmutableNodeHandlerTest.java,,,,assert,unknown
conf_1427_1,commons-configuration2-2.8.0-src,AbstractImmutableNodeHandlerTest,testNodeHandlerIsDefinedAttributes_1_oe,src/test/java/org/apache/commons/configuration2/tree/AbstractImmutableNodeHandlerTest.java,,,,assert,unknown
conf_1428_1,commons-configuration2-2.8.0-src,AbstractImmutableNodeHandlerTest,testNodeHandlerIsDefinedChildren_1_oe,src/test/java/org/apache/commons/configuration2/tree/AbstractImmutableNodeHandlerTest.java,,,,assert,unknown
conf_1429_1,commons-configuration2-2.8.0-src,AbstractImmutableNodeHandlerTest,testNodeHandlerIsDefinedFalse_1_oe,src/test/java/org/apache/commons/configuration2/tree/AbstractImmutableNodeHandlerTest.java,,,,assert,unknown
conf_1430_1,commons-configuration2-2.8.0-src,AbstractImmutableNodeHandlerTest,testNodeHandlerIsDefinedValue_1_oe,src/test/java/org/apache/commons/configuration2/tree/AbstractImmutableNodeHandlerTest.java,,,,assert,unknown
conf_1431_1,commons-configuration2-2.8.0-src,AbstractImmutableNodeHandlerTest,testNodeHandlerName_1_oe,src/test/java/org/apache/commons/configuration2/tree/AbstractImmutableNodeHandlerTest.java,,,,assert,unknown
conf_1432_1,commons-configuration2-2.8.0-src,AbstractImmutableNodeHandlerTest,testNodeHandlerValue_1_oe,src/test/java/org/apache/commons/configuration2/tree/AbstractImmutableNodeHandlerTest.java,,,,assert,unknown
conf_1433_1,commons-configuration2-2.8.0-src,TestNodeNameMatchers,testEqualsIgnoreCaseMatch_1_oe,src/test/java/org/apache/commons/configuration2/tree/TestNodeNameMatchers.java,,,,assert,unknown
conf_1433_2,commons-configuration2-2.8.0-src,TestNodeNameMatchers,testEqualsIgnoreCaseMatch_2_oe,src/test/java/org/apache/commons/configuration2/tree/TestNodeNameMatchers.java,,,,assert,unknown
conf_1433_3,commons-configuration2-2.8.0-src,TestNodeNameMatchers,testEqualsIgnoreCaseMatch_3_oe,src/test/java/org/apache/commons/configuration2/tree/TestNodeNameMatchers.java,,,,assert,unknown
conf_1434_1,commons-configuration2-2.8.0-src,TestNodeNameMatchers,testEqualsIgnoreCaseNoMatch_1_oe,src/test/java/org/apache/commons/configuration2/tree/TestNodeNameMatchers.java,,,,assert,unknown
conf_1435_1,commons-configuration2-2.8.0-src,TestNodeNameMatchers,testEqualsMatch_1_oe,src/test/java/org/apache/commons/configuration2/tree/TestNodeNameMatchers.java,,,,assert,unknown
conf_1436_1,commons-configuration2-2.8.0-src,TestNodeNameMatchers,testEqualsNoMatch_1_oe,src/test/java/org/apache/commons/configuration2/tree/TestNodeNameMatchers.java,,,,assert,unknown
conf_1436_2,commons-configuration2-2.8.0-src,TestNodeNameMatchers,testEqualsNoMatch_2_oe,src/test/java/org/apache/commons/configuration2/tree/TestNodeNameMatchers.java,,,,assert,unknown
conf_1437_1,commons-configuration2-2.8.0-src,TestNodeSelector,testSelectIgnoreAttributeResults_1_oe,src/test/java/org/apache/commons/configuration2/tree/TestNodeSelector.java,,,,assert,unknown
conf_1438_1,commons-configuration2-2.8.0-src,TestNodeSelector,testSelectMultipleTargets_1_oe,src/test/java/org/apache/commons/configuration2/tree/TestNodeSelector.java,,,,assert,unknown
conf_1439_1,commons-configuration2-2.8.0-src,TestNodeSelector,testSelectSingleAttributeKey_1_oe,src/test/java/org/apache/commons/configuration2/tree/TestNodeSelector.java,,,,assert,unknown
conf_1440_1,commons-configuration2-2.8.0-src,TestNodeSelector,testSelectSingleKeySuccess_1_oe,src/test/java/org/apache/commons/configuration2/tree/TestNodeSelector.java,,,,assert,unknown
conf_1440_2,commons-configuration2-2.8.0-src,TestNodeSelector,testSelectSingleKeySuccess_2_oe,src/test/java/org/apache/commons/configuration2/tree/TestNodeSelector.java,,,,assert,unknown
conf_1441_1,commons-configuration2-2.8.0-src,TestNodeSelector,testSelectSubKey_1_oe,src/test/java/org/apache/commons/configuration2/tree/TestNodeSelector.java,,,,assert,unknown
conf_1442_1,commons-configuration2-2.8.0-src,TestNodeSelector,testSelectSubKeyComplexEvaluation_1_oe,src/test/java/org/apache/commons/configuration2/tree/TestNodeSelector.java,,,,assert,unknown
conf_1443_1,commons-configuration2-2.8.0-src,TestNodeSelector,testSelectSubKeyMultipleResults_1_oe,src/test/java/org/apache/commons/configuration2/tree/TestNodeSelector.java,,,,assert,unknown
conf_1444_1,commons-configuration2-2.8.0-src,TestNodeSelector,testSelectSubKeyUnknown_1_oe,src/test/java/org/apache/commons/configuration2/tree/TestNodeSelector.java,,,,assert,unknown
conf_1445_1,commons-configuration2-2.8.0-src,TestNodeSelector,testToString_1_oe,src/test/java/org/apache/commons/configuration2/tree/TestNodeSelector.java,,,,assert,unknown
conf_1445_2,commons-configuration2-2.8.0-src,TestNodeSelector,testToString_2_oe,src/test/java/org/apache/commons/configuration2/tree/TestNodeSelector.java,,,,assert,unknown
conf_1446_1,commons-configuration2-2.8.0-src,TestQueryResult,testGetAttributeValue_1_oe,src/test/java/org/apache/commons/configuration2/tree/TestQueryResult.java,,,,assert,unknown
conf_1447_1,commons-configuration2-2.8.0-src,TestQueryResult,testIsAttributeResultFalse_1_oe,src/test/java/org/apache/commons/configuration2/tree/TestQueryResult.java,,,,assert,unknown
conf_1448_1,commons-configuration2-2.8.0-src,TestQueryResult,testIsAttributeResultTrue_1_oe,src/test/java/org/apache/commons/configuration2/tree/TestQueryResult.java,,,,assert,unknown
conf_1449_1,commons-configuration2-2.8.0-src,TestQueryResult,testToStringAttributeResult_1_oe,src/test/java/org/apache/commons/configuration2/tree/TestQueryResult.java,,,,assert,unknown
conf_1449_2,commons-configuration2-2.8.0-src,TestQueryResult,testToStringAttributeResult_2_oe,src/test/java/org/apache/commons/configuration2/tree/TestQueryResult.java,,,,assert,unknown
conf_1450_1,commons-configuration2-2.8.0-src,TestQueryResult,testToStringNodeResult_1_oe,src/test/java/org/apache/commons/configuration2/tree/TestQueryResult.java,,,,assert,unknown
conf_1451_1,commons-configuration2-2.8.0-src,TestUnionCombiner,testAttributes_1_oe,src/test/java/org/apache/commons/configuration2/tree/TestUnionCombiner.java,,,,assert,unknown
conf_1451_2,commons-configuration2-2.8.0-src,TestUnionCombiner,testAttributes_2_oe,src/test/java/org/apache/commons/configuration2/tree/TestUnionCombiner.java,,,,assert,unknown
conf_1452_1,commons-configuration2-2.8.0-src,TestUnionCombiner,testLists_1_oe,src/test/java/org/apache/commons/configuration2/tree/TestUnionCombiner.java,,,,assert,unknown
conf_1452_2,commons-configuration2-2.8.0-src,TestUnionCombiner,testLists_2_oe,src/test/java/org/apache/commons/configuration2/tree/TestUnionCombiner.java,,,,assert,unknown
conf_1452_3,commons-configuration2-2.8.0-src,TestUnionCombiner,testLists_3_oe,src/test/java/org/apache/commons/configuration2/tree/TestUnionCombiner.java,,,,assert,unknown
conf_1452_4,commons-configuration2-2.8.0-src,TestUnionCombiner,testLists_4_oe,src/test/java/org/apache/commons/configuration2/tree/TestUnionCombiner.java,,,,assert,unknown
conf_1452_5,commons-configuration2-2.8.0-src,TestUnionCombiner,testLists_5_oe,src/test/java/org/apache/commons/configuration2/tree/TestUnionCombiner.java,,,,assert,unknown
conf_1453_1,commons-configuration2-2.8.0-src,TestUnionCombiner,testSimpleValues_1_oe,src/test/java/org/apache/commons/configuration2/tree/TestUnionCombiner.java,,,,assert,unknown
conf_1453_2,commons-configuration2-2.8.0-src,TestUnionCombiner,testSimpleValues_2_oe,src/test/java/org/apache/commons/configuration2/tree/TestUnionCombiner.java,,,,assert,unknown
conf_1453_3,commons-configuration2-2.8.0-src,TestUnionCombiner,testSimpleValues_3_oe,src/test/java/org/apache/commons/configuration2/tree/TestUnionCombiner.java,,,,assert,unknown
conf_1453_4,commons-configuration2-2.8.0-src,TestUnionCombiner,testSimpleValues_4_oe,src/test/java/org/apache/commons/configuration2/tree/TestUnionCombiner.java,,,,assert,unknown
conf_1453_5,commons-configuration2-2.8.0-src,TestUnionCombiner,testSimpleValues_5_oe,src/test/java/org/apache/commons/configuration2/tree/TestUnionCombiner.java,,,,assert,unknown
conf_1454_1,commons-configuration2-2.8.0-src,TestUnionCombiner,testSimpleValuesWithAttributes_1_oe,src/test/java/org/apache/commons/configuration2/tree/TestUnionCombiner.java,,,,assert,unknown
conf_1454_2,commons-configuration2-2.8.0-src,TestUnionCombiner,testSimpleValuesWithAttributes_2_oe,src/test/java/org/apache/commons/configuration2/tree/TestUnionCombiner.java,,,,assert,unknown
conf_1454_3,commons-configuration2-2.8.0-src,TestUnionCombiner,testSimpleValuesWithAttributes_3_oe,src/test/java/org/apache/commons/configuration2/tree/TestUnionCombiner.java,,,,assert,unknown
conf_1454_4,commons-configuration2-2.8.0-src,TestUnionCombiner,testSimpleValuesWithAttributes_4_oe,src/test/java/org/apache/commons/configuration2/tree/TestUnionCombiner.java,,,,assert,unknown
conf_1454_5,commons-configuration2-2.8.0-src,TestUnionCombiner,testSimpleValuesWithAttributes_5_oe,src/test/java/org/apache/commons/configuration2/tree/TestUnionCombiner.java,,,,assert,unknown
conf_1454_6,commons-configuration2-2.8.0-src,TestUnionCombiner,testSimpleValuesWithAttributes_6_oe,src/test/java/org/apache/commons/configuration2/tree/TestUnionCombiner.java,,,,assert,unknown
conf_1455_1,commons-configuration2-2.8.0-src,TestUnionCombiner,testTableList_1_oe,src/test/java/org/apache/commons/configuration2/tree/TestUnionCombiner.java,,,,assert,unknown
conf_1455_2,commons-configuration2-2.8.0-src,TestUnionCombiner,testTableList_2_oe,src/test/java/org/apache/commons/configuration2/tree/TestUnionCombiner.java,,,,assert,unknown
conf_1455_3,commons-configuration2-2.8.0-src,TestUnionCombiner,testTableList_3_oe,src/test/java/org/apache/commons/configuration2/tree/TestUnionCombiner.java,,,,assert,unknown
conf_1455_4,commons-configuration2-2.8.0-src,TestUnionCombiner,testTableList_4_oe,src/test/java/org/apache/commons/configuration2/tree/TestUnionCombiner.java,,,,assert,unknown
conf_1456_1,commons-configuration2-2.8.0-src,TestInMemoryNodeModelReferences,testMergeRootOverrideName_1_oe,src/test/java/org/apache/commons/configuration2/tree/TestInMemoryNodeModelReferences.java,,,,assert,unknown
conf_1457_1,commons-configuration2-2.8.0-src,TestInMemoryNodeModelReferences,testMergeRootReference_1_oe,src/test/java/org/apache/commons/configuration2/tree/TestInMemoryNodeModelReferences.java,,,,assert,unknown
conf_1457_2,commons-configuration2-2.8.0-src,TestInMemoryNodeModelReferences,testMergeRootReference_2_oe,src/test/java/org/apache/commons/configuration2/tree/TestInMemoryNodeModelReferences.java,,,,assert,unknown
conf_1458_1,commons-configuration2-2.8.0-src,TestInMemoryNodeModelReferences,testMergeRootWithAttributes_1_oe,src/test/java/org/apache/commons/configuration2/tree/TestInMemoryNodeModelReferences.java,,,,assert,unknown
conf_1458_2,commons-configuration2-2.8.0-src,TestInMemoryNodeModelReferences,testMergeRootWithAttributes_2_oe,src/test/java/org/apache/commons/configuration2/tree/TestInMemoryNodeModelReferences.java,,,,assert,unknown
conf_1459_1,commons-configuration2-2.8.0-src,TestInMemoryNodeModelReferences,testMergeRootWithValue_1_oe,src/test/java/org/apache/commons/configuration2/tree/TestInMemoryNodeModelReferences.java,,,,assert,unknown
conf_1459_2,commons-configuration2-2.8.0-src,TestInMemoryNodeModelReferences,testMergeRootWithValue_2_oe,src/test/java/org/apache/commons/configuration2/tree/TestInMemoryNodeModelReferences.java,,,,assert,unknown
conf_1460_1,commons-configuration2-2.8.0-src,TestInMemoryNodeModelReferences,testQueryReferences_1_oe,src/test/java/org/apache/commons/configuration2/tree/TestInMemoryNodeModelReferences.java,,,,assert,unknown
conf_1461_1,commons-configuration2-2.8.0-src,TestInMemoryNodeModelReferences,testQueryReferencesAfterUpdate_1_oe,src/test/java/org/apache/commons/configuration2/tree/TestInMemoryNodeModelReferences.java,,,,assert,unknown
conf_1461_2,commons-configuration2-2.8.0-src,TestInMemoryNodeModelReferences,testQueryReferencesAfterUpdate_2_oe,src/test/java/org/apache/commons/configuration2/tree/TestInMemoryNodeModelReferences.java,,,,assert,unknown
conf_1462_1,commons-configuration2-2.8.0-src,TestInMemoryNodeModelReferences,testQueryReferenceUnknown_1_oe,src/test/java/org/apache/commons/configuration2/tree/TestInMemoryNodeModelReferences.java,,,,assert,unknown
conf_1463_1,commons-configuration2-2.8.0-src,TestInMemoryNodeModelReferences,testQueryRemovedReferencesAfterRemove_1_oe,src/test/java/org/apache/commons/configuration2/tree/TestInMemoryNodeModelReferences.java,,,,assert,unknown
conf_1463_2,commons-configuration2-2.8.0-src,TestInMemoryNodeModelReferences,testQueryRemovedReferencesAfterRemove_2_oe,src/test/java/org/apache/commons/configuration2/tree/TestInMemoryNodeModelReferences.java,,,,assert,unknown
conf_1464_1,commons-configuration2-2.8.0-src,TestInMemoryNodeModelReferences,testQueryRemovedReferencesEmpty_1_oe,src/test/java/org/apache/commons/configuration2/tree/TestInMemoryNodeModelReferences.java,,,,assert,unknown
conf_1465_1,commons-configuration2-2.8.0-src,TestInMemoryNodeModelReferences,testReplaceRoot_1_oe,src/test/java/org/apache/commons/configuration2/tree/TestInMemoryNodeModelReferences.java,,,,assert,unknown
conf_1465_2,commons-configuration2-2.8.0-src,TestInMemoryNodeModelReferences,testReplaceRoot_2_oe,src/test/java/org/apache/commons/configuration2/tree/TestInMemoryNodeModelReferences.java,,,,assert,unknown
conf_1465_3,commons-configuration2-2.8.0-src,TestInMemoryNodeModelReferences,testReplaceRoot_3_oe,src/test/java/org/apache/commons/configuration2/tree/TestInMemoryNodeModelReferences.java,,,,assert,unknown
conf_1466_1,commons-configuration2-2.8.0-src,TestOverrideCombiner,testAttributes_1_oe,src/test/java/org/apache/commons/configuration2/tree/TestOverrideCombiner.java,,,,assert,unknown
conf_1466_2,commons-configuration2-2.8.0-src,TestOverrideCombiner,testAttributes_2_oe,src/test/java/org/apache/commons/configuration2/tree/TestOverrideCombiner.java,,,,assert,unknown
conf_1466_3,commons-configuration2-2.8.0-src,TestOverrideCombiner,testAttributes_3_oe,src/test/java/org/apache/commons/configuration2/tree/TestOverrideCombiner.java,,,,assert,unknown
conf_1466_4,commons-configuration2-2.8.0-src,TestOverrideCombiner,testAttributes_4_oe,src/test/java/org/apache/commons/configuration2/tree/TestOverrideCombiner.java,,,,assert,unknown
conf_1467_1,commons-configuration2-2.8.0-src,TestOverrideCombiner,testCombineProperties_1_oe,src/test/java/org/apache/commons/configuration2/tree/TestOverrideCombiner.java,,,,assert,unknown
conf_1467_2,commons-configuration2-2.8.0-src,TestOverrideCombiner,testCombineProperties_2_oe,src/test/java/org/apache/commons/configuration2/tree/TestOverrideCombiner.java,,,,assert,unknown
conf_1467_3,commons-configuration2-2.8.0-src,TestOverrideCombiner,testCombineProperties_3_oe,src/test/java/org/apache/commons/configuration2/tree/TestOverrideCombiner.java,,,,assert,unknown
conf_1467_4,commons-configuration2-2.8.0-src,TestOverrideCombiner,testCombineProperties_4_oe,src/test/java/org/apache/commons/configuration2/tree/TestOverrideCombiner.java,,,,assert,unknown
conf_1467_5,commons-configuration2-2.8.0-src,TestOverrideCombiner,testCombineProperties_5_oe,src/test/java/org/apache/commons/configuration2/tree/TestOverrideCombiner.java,,,,assert,unknown
conf_1467_6,commons-configuration2-2.8.0-src,TestOverrideCombiner,testCombineProperties_6_oe,src/test/java/org/apache/commons/configuration2/tree/TestOverrideCombiner.java,,,,assert,unknown
conf_1467_7,commons-configuration2-2.8.0-src,TestOverrideCombiner,testCombineProperties_7_oe,src/test/java/org/apache/commons/configuration2/tree/TestOverrideCombiner.java,,,,assert,unknown
conf_1468_1,commons-configuration2-2.8.0-src,TestOverrideCombiner,testListFromFirstStructure_1_oe,src/test/java/org/apache/commons/configuration2/tree/TestOverrideCombiner.java,,,,assert,unknown
conf_1468_2,commons-configuration2-2.8.0-src,TestOverrideCombiner,testListFromFirstStructure_2_oe,src/test/java/org/apache/commons/configuration2/tree/TestOverrideCombiner.java,,,,assert,unknown
conf_1468_3,commons-configuration2-2.8.0-src,TestOverrideCombiner,testListFromFirstStructure_3_oe,src/test/java/org/apache/commons/configuration2/tree/TestOverrideCombiner.java,,,,assert,unknown
conf_1469_1,commons-configuration2-2.8.0-src,TestOverrideCombiner,testListFromSecondStructure_1_oe,src/test/java/org/apache/commons/configuration2/tree/TestOverrideCombiner.java,,,,assert,unknown
conf_1469_2,commons-configuration2-2.8.0-src,TestOverrideCombiner,testListFromSecondStructure_2_oe,src/test/java/org/apache/commons/configuration2/tree/TestOverrideCombiner.java,,,,assert,unknown
conf_1470_1,commons-configuration2-2.8.0-src,TestOverrideCombiner,testOverrideValues_1_oe,src/test/java/org/apache/commons/configuration2/tree/TestOverrideCombiner.java,,,,assert,unknown
conf_1470_2,commons-configuration2-2.8.0-src,TestOverrideCombiner,testOverrideValues_2_oe,src/test/java/org/apache/commons/configuration2/tree/TestOverrideCombiner.java,,,,assert,unknown
conf_1470_3,commons-configuration2-2.8.0-src,TestOverrideCombiner,testOverrideValues_3_oe,src/test/java/org/apache/commons/configuration2/tree/TestOverrideCombiner.java,,,,assert,unknown
conf_1470_4,commons-configuration2-2.8.0-src,TestOverrideCombiner,testOverrideValues_4_oe,src/test/java/org/apache/commons/configuration2/tree/TestOverrideCombiner.java,,,,assert,unknown
conf_1471_1,commons-configuration2-2.8.0-src,TestOverrideCombiner,testSimpleValues_1_oe,src/test/java/org/apache/commons/configuration2/tree/TestOverrideCombiner.java,,,,assert,unknown
conf_1471_2,commons-configuration2-2.8.0-src,TestOverrideCombiner,testSimpleValues_2_oe,src/test/java/org/apache/commons/configuration2/tree/TestOverrideCombiner.java,,,,assert,unknown
conf_1471_3,commons-configuration2-2.8.0-src,TestOverrideCombiner,testSimpleValues_3_oe,src/test/java/org/apache/commons/configuration2/tree/TestOverrideCombiner.java,,,,assert,unknown
conf_1471_4,commons-configuration2-2.8.0-src,TestOverrideCombiner,testSimpleValues_4_oe,src/test/java/org/apache/commons/configuration2/tree/TestOverrideCombiner.java,,,,assert,unknown
conf_1471_5,commons-configuration2-2.8.0-src,TestOverrideCombiner,testSimpleValues_5_oe,src/test/java/org/apache/commons/configuration2/tree/TestOverrideCombiner.java,,,,assert,unknown
conf_1472_1,commons-configuration2-2.8.0-src,TestDefaultExpressionEngine,testAttributeKey_1_oe,src/test/java/org/apache/commons/configuration2/tree/TestDefaultExpressionEngine.java,,,,assert,unknown
conf_1473_1,commons-configuration2-2.8.0-src,TestDefaultExpressionEngine,testAttributeKeyNoParent_1_oe,src/test/java/org/apache/commons/configuration2/tree/TestDefaultExpressionEngine.java,,,,assert,unknown
conf_1474_1,commons-configuration2-2.8.0-src,TestDefaultExpressionEngine,testAttributeKeyRoot_1_oe,src/test/java/org/apache/commons/configuration2/tree/TestDefaultExpressionEngine.java,,,,assert,unknown
conf_1475_1,commons-configuration2-2.8.0-src,TestDefaultExpressionEngine,testAttributeKeyWithAlternativeSyntax_1_oe,src/test/java/org/apache/commons/configuration2/tree/TestDefaultExpressionEngine.java,,,,assert,unknown
conf_1476_1,commons-configuration2-2.8.0-src,TestDefaultExpressionEngine,testCanonicalKeyNoDuplicates_1_oe,src/test/java/org/apache/commons/configuration2/tree/TestDefaultExpressionEngine.java,,,,assert,unknown
conf_1477_1,commons-configuration2-2.8.0-src,TestDefaultExpressionEngine,testCanonicalKeyNoParentKey_1_oe,src/test/java/org/apache/commons/configuration2/tree/TestDefaultExpressionEngine.java,,,,assert,unknown
conf_1478_1,commons-configuration2-2.8.0-src,TestDefaultExpressionEngine,testCanonicalKeyRootNoParentKey_1_oe,src/test/java/org/apache/commons/configuration2/tree/TestDefaultExpressionEngine.java,,,,assert,unknown
conf_1479_1,commons-configuration2-2.8.0-src,TestDefaultExpressionEngine,testCanonicalKeyRootWithParentKey_1_oe,src/test/java/org/apache/commons/configuration2/tree/TestDefaultExpressionEngine.java,,,,assert,unknown
conf_1480_1,commons-configuration2-2.8.0-src,TestDefaultExpressionEngine,testCanonicalKeyWithDuplicates_1_oe,src/test/java/org/apache/commons/configuration2/tree/TestDefaultExpressionEngine.java,,,,assert,unknown
conf_1480_2,commons-configuration2-2.8.0-src,TestDefaultExpressionEngine,testCanonicalKeyWithDuplicates_2_oe,src/test/java/org/apache/commons/configuration2/tree/TestDefaultExpressionEngine.java,,,,assert,unknown
conf_1481_1,commons-configuration2-2.8.0-src,TestDefaultExpressionEngine,testDefaultSymbols_1_oe,src/test/java/org/apache/commons/configuration2/tree/TestDefaultExpressionEngine.java,,,,assert,unknown
conf_1482_1,commons-configuration2-2.8.0-src,TestDefaultExpressionEngine,testNodeKey_1_oe,src/test/java/org/apache/commons/configuration2/tree/TestDefaultExpressionEngine.java,,,,assert,unknown
conf_1482_2,commons-configuration2-2.8.0-src,TestDefaultExpressionEngine,testNodeKey_2_oe,src/test/java/org/apache/commons/configuration2/tree/TestDefaultExpressionEngine.java,,,,assert,unknown
conf_1482_3,commons-configuration2-2.8.0-src,TestDefaultExpressionEngine,testNodeKey_3_oe,src/test/java/org/apache/commons/configuration2/tree/TestDefaultExpressionEngine.java,,,,assert,unknown
conf_1483_1,commons-configuration2-2.8.0-src,TestDefaultExpressionEngine,testNodeKeyWithAlternativeSyntax_1_oe,src/test/java/org/apache/commons/configuration2/tree/TestDefaultExpressionEngine.java,,,,assert,unknown
conf_1484_1,commons-configuration2-2.8.0-src,TestDefaultExpressionEngine,testNodeKeyWithAlternativeSyntaxAttributePropertyDelimiter_1_oe,src/test/java/org/apache/commons/configuration2/tree/TestDefaultExpressionEngine.java,,,,assert,unknown
conf_1485_1,commons-configuration2-2.8.0-src,TestDefaultExpressionEngine,testNodeKeyWithEscapedDelimiters_1_oe,src/test/java/org/apache/commons/configuration2/tree/TestDefaultExpressionEngine.java,,,,assert,unknown
conf_1485_2,commons-configuration2-2.8.0-src,TestDefaultExpressionEngine,testNodeKeyWithEscapedDelimiters_2_oe,src/test/java/org/apache/commons/configuration2/tree/TestDefaultExpressionEngine.java,,,,assert,unknown
conf_1486_1,commons-configuration2-2.8.0-src,TestDefaultExpressionEngine,testNodeKeyWithRoot_1_oe,src/test/java/org/apache/commons/configuration2/tree/TestDefaultExpressionEngine.java,,,,assert,unknown
conf_1486_2,commons-configuration2-2.8.0-src,TestDefaultExpressionEngine,testNodeKeyWithRoot_2_oe,src/test/java/org/apache/commons/configuration2/tree/TestDefaultExpressionEngine.java,,,,assert,unknown
conf_1487_1,commons-configuration2-2.8.0-src,TestDefaultExpressionEngine,testPrepareAddAttribute_1_oe,src/test/java/org/apache/commons/configuration2/tree/TestDefaultExpressionEngine.java,,,,assert,unknown
conf_1487_2,commons-configuration2-2.8.0-src,TestDefaultExpressionEngine,testPrepareAddAttribute_2_oe,src/test/java/org/apache/commons/configuration2/tree/TestDefaultExpressionEngine.java,,,,assert,unknown
conf_1487_3,commons-configuration2-2.8.0-src,TestDefaultExpressionEngine,testPrepareAddAttribute_3_oe,src/test/java/org/apache/commons/configuration2/tree/TestDefaultExpressionEngine.java,,,,assert,unknown
conf_1487_4,commons-configuration2-2.8.0-src,TestDefaultExpressionEngine,testPrepareAddAttribute_4_oe,src/test/java/org/apache/commons/configuration2/tree/TestDefaultExpressionEngine.java,,,,assert,unknown
conf_1488_1,commons-configuration2-2.8.0-src,TestDefaultExpressionEngine,testPrepareAddAttributeRoot_1_oe,src/test/java/org/apache/commons/configuration2/tree/TestDefaultExpressionEngine.java,,,,assert,unknown
conf_1488_2,commons-configuration2-2.8.0-src,TestDefaultExpressionEngine,testPrepareAddAttributeRoot_2_oe,src/test/java/org/apache/commons/configuration2/tree/TestDefaultExpressionEngine.java,,,,assert,unknown
conf_1488_3,commons-configuration2-2.8.0-src,TestDefaultExpressionEngine,testPrepareAddAttributeRoot_3_oe,src/test/java/org/apache/commons/configuration2/tree/TestDefaultExpressionEngine.java,,,,assert,unknown
conf_1489_1,commons-configuration2-2.8.0-src,TestDefaultExpressionEngine,testPrepareAddDirectly_1_oe,src/test/java/org/apache/commons/configuration2/tree/TestDefaultExpressionEngine.java,,,,assert,unknown
conf_1489_2,commons-configuration2-2.8.0-src,TestDefaultExpressionEngine,testPrepareAddDirectly_2_oe,src/test/java/org/apache/commons/configuration2/tree/TestDefaultExpressionEngine.java,,,,assert,unknown
conf_1489_3,commons-configuration2-2.8.0-src,TestDefaultExpressionEngine,testPrepareAddDirectly_3_oe,src/test/java/org/apache/commons/configuration2/tree/TestDefaultExpressionEngine.java,,,,assert,unknown
conf_1489_4,commons-configuration2-2.8.0-src,TestDefaultExpressionEngine,testPrepareAddDirectly_4_oe,src/test/java/org/apache/commons/configuration2/tree/TestDefaultExpressionEngine.java,,,,assert,unknown
conf_1489_5,commons-configuration2-2.8.0-src,TestDefaultExpressionEngine,testPrepareAddDirectly_5_oe,src/test/java/org/apache/commons/configuration2/tree/TestDefaultExpressionEngine.java,,,,assert,unknown
conf_1489_6,commons-configuration2-2.8.0-src,TestDefaultExpressionEngine,testPrepareAddDirectly_6_oe,src/test/java/org/apache/commons/configuration2/tree/TestDefaultExpressionEngine.java,,,,assert,unknown
conf_1489_7,commons-configuration2-2.8.0-src,TestDefaultExpressionEngine,testPrepareAddDirectly_7_oe,src/test/java/org/apache/commons/configuration2/tree/TestDefaultExpressionEngine.java,,,,assert,unknown
conf_1489_8,commons-configuration2-2.8.0-src,TestDefaultExpressionEngine,testPrepareAddDirectly_8_oe,src/test/java/org/apache/commons/configuration2/tree/TestDefaultExpressionEngine.java,,,,assert,unknown
conf_1489_9,commons-configuration2-2.8.0-src,TestDefaultExpressionEngine,testPrepareAddDirectly_9_oe,src/test/java/org/apache/commons/configuration2/tree/TestDefaultExpressionEngine.java,,,,assert,unknown
conf_1490_1,commons-configuration2-2.8.0-src,TestDefaultExpressionEngine,testPrepareAddWithAlternativeMatcher_1_oe,src/test/java/org/apache/commons/configuration2/tree/TestDefaultExpressionEngine.java,,,,assert,unknown
conf_1490_2,commons-configuration2-2.8.0-src,TestDefaultExpressionEngine,testPrepareAddWithAlternativeMatcher_2_oe,src/test/java/org/apache/commons/configuration2/tree/TestDefaultExpressionEngine.java,,,,assert,unknown
conf_1491_1,commons-configuration2-2.8.0-src,TestDefaultExpressionEngine,testPrepareAddWithAlternativeSyntax_1_oe,src/test/java/org/apache/commons/configuration2/tree/TestDefaultExpressionEngine.java,,,,assert,unknown
conf_1491_2,commons-configuration2-2.8.0-src,TestDefaultExpressionEngine,testPrepareAddWithAlternativeSyntax_2_oe,src/test/java/org/apache/commons/configuration2/tree/TestDefaultExpressionEngine.java,,,,assert,unknown
conf_1491_3,commons-configuration2-2.8.0-src,TestDefaultExpressionEngine,testPrepareAddWithAlternativeSyntax_3_oe,src/test/java/org/apache/commons/configuration2/tree/TestDefaultExpressionEngine.java,,,,assert,unknown
conf_1491_4,commons-configuration2-2.8.0-src,TestDefaultExpressionEngine,testPrepareAddWithAlternativeSyntax_4_oe,src/test/java/org/apache/commons/configuration2/tree/TestDefaultExpressionEngine.java,,,,assert,unknown
conf_1491_5,commons-configuration2-2.8.0-src,TestDefaultExpressionEngine,testPrepareAddWithAlternativeSyntax_5_oe,src/test/java/org/apache/commons/configuration2/tree/TestDefaultExpressionEngine.java,,,,assert,unknown
conf_1492_1,commons-configuration2-2.8.0-src,TestDefaultExpressionEngine,testPrepareAddWithIndex_1_oe,src/test/java/org/apache/commons/configuration2/tree/TestDefaultExpressionEngine.java,,,,assert,unknown
conf_1492_2,commons-configuration2-2.8.0-src,TestDefaultExpressionEngine,testPrepareAddWithIndex_2_oe,src/test/java/org/apache/commons/configuration2/tree/TestDefaultExpressionEngine.java,,,,assert,unknown
conf_1492_3,commons-configuration2-2.8.0-src,TestDefaultExpressionEngine,testPrepareAddWithIndex_3_oe,src/test/java/org/apache/commons/configuration2/tree/TestDefaultExpressionEngine.java,,,,assert,unknown
conf_1492_4,commons-configuration2-2.8.0-src,TestDefaultExpressionEngine,testPrepareAddWithIndex_4_oe,src/test/java/org/apache/commons/configuration2/tree/TestDefaultExpressionEngine.java,,,,assert,unknown
conf_1492_5,commons-configuration2-2.8.0-src,TestDefaultExpressionEngine,testPrepareAddWithIndex_5_oe,src/test/java/org/apache/commons/configuration2/tree/TestDefaultExpressionEngine.java,,,,assert,unknown
conf_1492_6,commons-configuration2-2.8.0-src,TestDefaultExpressionEngine,testPrepareAddWithIndex_6_oe,src/test/java/org/apache/commons/configuration2/tree/TestDefaultExpressionEngine.java,,,,assert,unknown
conf_1492_7,commons-configuration2-2.8.0-src,TestDefaultExpressionEngine,testPrepareAddWithIndex_7_oe,src/test/java/org/apache/commons/configuration2/tree/TestDefaultExpressionEngine.java,,,,assert,unknown
conf_1493_1,commons-configuration2-2.8.0-src,TestDefaultExpressionEngine,testPrepareAddWithPath_1_oe,src/test/java/org/apache/commons/configuration2/tree/TestDefaultExpressionEngine.java,,,,assert,unknown
conf_1493_2,commons-configuration2-2.8.0-src,TestDefaultExpressionEngine,testPrepareAddWithPath_2_oe,src/test/java/org/apache/commons/configuration2/tree/TestDefaultExpressionEngine.java,,,,assert,unknown
conf_1493_3,commons-configuration2-2.8.0-src,TestDefaultExpressionEngine,testPrepareAddWithPath_3_oe,src/test/java/org/apache/commons/configuration2/tree/TestDefaultExpressionEngine.java,,,,assert,unknown
conf_1493_4,commons-configuration2-2.8.0-src,TestDefaultExpressionEngine,testPrepareAddWithPath_4_oe,src/test/java/org/apache/commons/configuration2/tree/TestDefaultExpressionEngine.java,,,,assert,unknown
conf_1493_5,commons-configuration2-2.8.0-src,TestDefaultExpressionEngine,testPrepareAddWithPath_5_oe,src/test/java/org/apache/commons/configuration2/tree/TestDefaultExpressionEngine.java,,,,assert,unknown
conf_1493_6,commons-configuration2-2.8.0-src,TestDefaultExpressionEngine,testPrepareAddWithPath_6_oe,src/test/java/org/apache/commons/configuration2/tree/TestDefaultExpressionEngine.java,,,,assert,unknown
conf_1494_1,commons-configuration2-2.8.0-src,TestDefaultExpressionEngine,testPrepareAddWithSameAttributeDelimiter_1_oe,src/test/java/org/apache/commons/configuration2/tree/TestDefaultExpressionEngine.java,,,,assert,unknown
conf_1494_2,commons-configuration2-2.8.0-src,TestDefaultExpressionEngine,testPrepareAddWithSameAttributeDelimiter_2_oe,src/test/java/org/apache/commons/configuration2/tree/TestDefaultExpressionEngine.java,,,,assert,unknown
conf_1494_3,commons-configuration2-2.8.0-src,TestDefaultExpressionEngine,testPrepareAddWithSameAttributeDelimiter_3_oe,src/test/java/org/apache/commons/configuration2/tree/TestDefaultExpressionEngine.java,,,,assert,unknown
conf_1494_4,commons-configuration2-2.8.0-src,TestDefaultExpressionEngine,testPrepareAddWithSameAttributeDelimiter_4_oe,src/test/java/org/apache/commons/configuration2/tree/TestDefaultExpressionEngine.java,,,,assert,unknown
conf_1495_1,commons-configuration2-2.8.0-src,TestMergeCombiner,testAttributes_1_oe,src/test/java/org/apache/commons/configuration2/tree/TestMergeCombiner.java,,,,assert,unknown
conf_1495_2,commons-configuration2-2.8.0-src,TestMergeCombiner,testAttributes_2_oe,src/test/java/org/apache/commons/configuration2/tree/TestMergeCombiner.java,,,,assert,unknown
conf_1495_3,commons-configuration2-2.8.0-src,TestMergeCombiner,testAttributes_3_oe,src/test/java/org/apache/commons/configuration2/tree/TestMergeCombiner.java,,,,assert,unknown
conf_1495_4,commons-configuration2-2.8.0-src,TestMergeCombiner,testAttributes_4_oe,src/test/java/org/apache/commons/configuration2/tree/TestMergeCombiner.java,,,,assert,unknown
conf_1496_1,commons-configuration2-2.8.0-src,TestMergeCombiner,testListFromFirstStructure_1_oe,src/test/java/org/apache/commons/configuration2/tree/TestMergeCombiner.java,,,,assert,unknown
conf_1496_2,commons-configuration2-2.8.0-src,TestMergeCombiner,testListFromFirstStructure_2_oe,src/test/java/org/apache/commons/configuration2/tree/TestMergeCombiner.java,,,,assert,unknown
conf_1496_3,commons-configuration2-2.8.0-src,TestMergeCombiner,testListFromFirstStructure_3_oe,src/test/java/org/apache/commons/configuration2/tree/TestMergeCombiner.java,,,,assert,unknown
conf_1497_1,commons-configuration2-2.8.0-src,TestMergeCombiner,testListFromSecondStructure_1_oe,src/test/java/org/apache/commons/configuration2/tree/TestMergeCombiner.java,,,,assert,unknown
conf_1497_2,commons-configuration2-2.8.0-src,TestMergeCombiner,testListFromSecondStructure_2_oe,src/test/java/org/apache/commons/configuration2/tree/TestMergeCombiner.java,,,,assert,unknown
conf_1498_1,commons-configuration2-2.8.0-src,TestMergeCombiner,testMerge_1_oe,src/test/java/org/apache/commons/configuration2/tree/TestMergeCombiner.java,,,,assert,unknown
conf_1498_2,commons-configuration2-2.8.0-src,TestMergeCombiner,testMerge_2_oe,src/test/java/org/apache/commons/configuration2/tree/TestMergeCombiner.java,,,,assert,unknown
conf_1498_3,commons-configuration2-2.8.0-src,TestMergeCombiner,testMerge_3_oe,src/test/java/org/apache/commons/configuration2/tree/TestMergeCombiner.java,,,,assert,unknown
conf_1498_4,commons-configuration2-2.8.0-src,TestMergeCombiner,testMerge_4_oe,src/test/java/org/apache/commons/configuration2/tree/TestMergeCombiner.java,,,,assert,unknown
conf_1498_5,commons-configuration2-2.8.0-src,TestMergeCombiner,testMerge_5_oe,src/test/java/org/apache/commons/configuration2/tree/TestMergeCombiner.java,,,,assert,unknown
conf_1498_6,commons-configuration2-2.8.0-src,TestMergeCombiner,testMerge_6_oe,src/test/java/org/apache/commons/configuration2/tree/TestMergeCombiner.java,,,,assert,unknown
conf_1498_7,commons-configuration2-2.8.0-src,TestMergeCombiner,testMerge_7_oe,src/test/java/org/apache/commons/configuration2/tree/TestMergeCombiner.java,,,,assert,unknown
conf_1498_8,commons-configuration2-2.8.0-src,TestMergeCombiner,testMerge_8_oe,src/test/java/org/apache/commons/configuration2/tree/TestMergeCombiner.java,,,,assert,unknown
conf_1499_1,commons-configuration2-2.8.0-src,TestMergeCombiner,testOverrideValues_1_oe,src/test/java/org/apache/commons/configuration2/tree/TestMergeCombiner.java,,,,assert,unknown
conf_1499_2,commons-configuration2-2.8.0-src,TestMergeCombiner,testOverrideValues_2_oe,src/test/java/org/apache/commons/configuration2/tree/TestMergeCombiner.java,,,,assert,unknown
conf_1499_3,commons-configuration2-2.8.0-src,TestMergeCombiner,testOverrideValues_3_oe,src/test/java/org/apache/commons/configuration2/tree/TestMergeCombiner.java,,,,assert,unknown
conf_1499_4,commons-configuration2-2.8.0-src,TestMergeCombiner,testOverrideValues_4_oe,src/test/java/org/apache/commons/configuration2/tree/TestMergeCombiner.java,,,,assert,unknown
conf_1500_1,commons-configuration2-2.8.0-src,TestMergeCombiner,testSimpleValues_1_oe,src/test/java/org/apache/commons/configuration2/tree/TestMergeCombiner.java,,,,assert,unknown
conf_1500_2,commons-configuration2-2.8.0-src,TestMergeCombiner,testSimpleValues_2_oe,src/test/java/org/apache/commons/configuration2/tree/TestMergeCombiner.java,,,,assert,unknown
conf_1500_3,commons-configuration2-2.8.0-src,TestMergeCombiner,testSimpleValues_3_oe,src/test/java/org/apache/commons/configuration2/tree/TestMergeCombiner.java,,,,assert,unknown
conf_1500_4,commons-configuration2-2.8.0-src,TestMergeCombiner,testSimpleValues_4_oe,src/test/java/org/apache/commons/configuration2/tree/TestMergeCombiner.java,,,,assert,unknown
conf_1500_5,commons-configuration2-2.8.0-src,TestMergeCombiner,testSimpleValues_5_oe,src/test/java/org/apache/commons/configuration2/tree/TestMergeCombiner.java,,,,assert,unknown
conf_1501_1,commons-configuration2-2.8.0-src,TestInMemoryNodeModel,testAddNodesToExistingNode_1_oe,src/test/java/org/apache/commons/configuration2/tree/TestInMemoryNodeModel.java,,,,assert,unknown
conf_1501_2,commons-configuration2-2.8.0-src,TestInMemoryNodeModel,testAddNodesToExistingNode_2_oe,src/test/java/org/apache/commons/configuration2/tree/TestInMemoryNodeModel.java,,,,assert,unknown
conf_1502_1,commons-configuration2-2.8.0-src,TestInMemoryNodeModel,testAddNodesToNewNode_1_oe,src/test/java/org/apache/commons/configuration2/tree/TestInMemoryNodeModel.java,,,,assert,unknown
conf_1503_1,commons-configuration2-2.8.0-src,TestInMemoryNodeModel,testAddPropertyAttributeNoPathNodes_1_oe,src/test/java/org/apache/commons/configuration2/tree/TestInMemoryNodeModel.java,,,,assert,unknown
conf_1504_1,commons-configuration2-2.8.0-src,TestInMemoryNodeModel,testAddPropertyAttributeWithPathNodes_1_oe,src/test/java/org/apache/commons/configuration2/tree/TestInMemoryNodeModel.java,,,,assert,unknown
conf_1505_1,commons-configuration2-2.8.0-src,TestInMemoryNodeModel,testAddPropertyAttributeWithSinglePathNode_1_oe,src/test/java/org/apache/commons/configuration2/tree/TestInMemoryNodeModel.java,,,,assert,unknown
conf_1506_1,commons-configuration2-2.8.0-src,TestInMemoryNodeModel,testAddPropertyNoPathNodes_1_oe,src/test/java/org/apache/commons/configuration2/tree/TestInMemoryNodeModel.java,,,,assert,unknown
conf_1506_2,commons-configuration2-2.8.0-src,TestInMemoryNodeModel,testAddPropertyNoPathNodes_2_oe,src/test/java/org/apache/commons/configuration2/tree/TestInMemoryNodeModel.java,,,,assert,unknown
conf_1507_1,commons-configuration2-2.8.0-src,TestInMemoryNodeModel,testAddPropertyNoValues_1_oe,src/test/java/org/apache/commons/configuration2/tree/TestInMemoryNodeModel.java,,,,assert,unknown
conf_1508_1,commons-configuration2-2.8.0-src,TestInMemoryNodeModel,testAddPropertyWithPathNodes_1_oe,src/test/java/org/apache/commons/configuration2/tree/TestInMemoryNodeModel.java,,,,assert,unknown
conf_1508_2,commons-configuration2-2.8.0-src,TestInMemoryNodeModel,testAddPropertyWithPathNodes_2_oe,src/test/java/org/apache/commons/configuration2/tree/TestInMemoryNodeModel.java,,,,assert,unknown
conf_1508_3,commons-configuration2-2.8.0-src,TestInMemoryNodeModel,testAddPropertyWithPathNodes_3_oe,src/test/java/org/apache/commons/configuration2/tree/TestInMemoryNodeModel.java,,,,assert,unknown
conf_1508_4,commons-configuration2-2.8.0-src,TestInMemoryNodeModel,testAddPropertyWithPathNodes_4_oe,src/test/java/org/apache/commons/configuration2/tree/TestInMemoryNodeModel.java,,,,assert,unknown
conf_1508_5,commons-configuration2-2.8.0-src,TestInMemoryNodeModel,testAddPropertyWithPathNodes_5_oe,src/test/java/org/apache/commons/configuration2/tree/TestInMemoryNodeModel.java,,,,assert,unknown
conf_1508_6,commons-configuration2-2.8.0-src,TestInMemoryNodeModel,testAddPropertyWithPathNodes_6_oe,src/test/java/org/apache/commons/configuration2/tree/TestInMemoryNodeModel.java,,,,assert,unknown
conf_1509_1,commons-configuration2-2.8.0-src,TestInMemoryNodeModel,testClear_1_oe,src/test/java/org/apache/commons/configuration2/tree/TestInMemoryNodeModel.java,,,,assert,unknown
conf_1509_2,commons-configuration2-2.8.0-src,TestInMemoryNodeModel,testClear_2_oe,src/test/java/org/apache/commons/configuration2/tree/TestInMemoryNodeModel.java,,,,assert,unknown
conf_1510_1,commons-configuration2-2.8.0-src,TestInMemoryNodeModel,testClearPropertyAttribute_1_oe,src/test/java/org/apache/commons/configuration2/tree/TestInMemoryNodeModel.java,,,,assert,unknown
conf_1511_1,commons-configuration2-2.8.0-src,TestInMemoryNodeModel,testClearPropertyNode_1_oe,src/test/java/org/apache/commons/configuration2/tree/TestInMemoryNodeModel.java,,,,assert,unknown
conf_1512_1,commons-configuration2-2.8.0-src,TestInMemoryNodeModel,testClearPropertyNonExisting_1_oe,src/test/java/org/apache/commons/configuration2/tree/TestInMemoryNodeModel.java,,,,assert,unknown
conf_1512_2,commons-configuration2-2.8.0-src,TestInMemoryNodeModel,testClearPropertyNonExisting_2_oe,src/test/java/org/apache/commons/configuration2/tree/TestInMemoryNodeModel.java,,,,assert,unknown
conf_1513_1,commons-configuration2-2.8.0-src,TestInMemoryNodeModel,testClearTreeAttribute_1_oe,src/test/java/org/apache/commons/configuration2/tree/TestInMemoryNodeModel.java,,,,assert,unknown
conf_1513_2,commons-configuration2-2.8.0-src,TestInMemoryNodeModel,testClearTreeAttribute_2_oe,src/test/java/org/apache/commons/configuration2/tree/TestInMemoryNodeModel.java,,,,assert,unknown
conf_1513_3,commons-configuration2-2.8.0-src,TestInMemoryNodeModel,testClearTreeAttribute_3_oe,src/test/java/org/apache/commons/configuration2/tree/TestInMemoryNodeModel.java,,,,assert,unknown
conf_1514_1,commons-configuration2-2.8.0-src,TestInMemoryNodeModel,testClearTreeNodes_1_oe,src/test/java/org/apache/commons/configuration2/tree/TestInMemoryNodeModel.java,,,,assert,unknown
conf_1514_2,commons-configuration2-2.8.0-src,TestInMemoryNodeModel,testClearTreeNodes_2_oe,src/test/java/org/apache/commons/configuration2/tree/TestInMemoryNodeModel.java,,,,assert,unknown
conf_1514_3,commons-configuration2-2.8.0-src,TestInMemoryNodeModel,testClearTreeNodes_3_oe,src/test/java/org/apache/commons/configuration2/tree/TestInMemoryNodeModel.java,,,,assert,unknown
conf_1514_4,commons-configuration2-2.8.0-src,TestInMemoryNodeModel,testClearTreeNodes_4_oe,src/test/java/org/apache/commons/configuration2/tree/TestInMemoryNodeModel.java,,,,assert,unknown
conf_1516_1,commons-configuration2-2.8.0-src,TestInMemoryNodeModel,testClearTreeNonExistingKey_1_oe,src/test/java/org/apache/commons/configuration2/tree/TestInMemoryNodeModel.java,,,,assert,unknown
conf_1516_2,commons-configuration2-2.8.0-src,TestInMemoryNodeModel,testClearTreeNonExistingKey_2_oe,src/test/java/org/apache/commons/configuration2/tree/TestInMemoryNodeModel.java,,,,assert,unknown
conf_1516_3,commons-configuration2-2.8.0-src,TestInMemoryNodeModel,testClearTreeNonExistingKey_3_oe,src/test/java/org/apache/commons/configuration2/tree/TestInMemoryNodeModel.java,,,,assert,unknown
conf_1517_1,commons-configuration2-2.8.0-src,TestInMemoryNodeModel,testClearTreeRemoveUndefinedNodes_1_oe,src/test/java/org/apache/commons/configuration2/tree/TestInMemoryNodeModel.java,,,,assert,unknown
conf_1517_2,commons-configuration2-2.8.0-src,TestInMemoryNodeModel,testClearTreeRemoveUndefinedNodes_2_oe,src/test/java/org/apache/commons/configuration2/tree/TestInMemoryNodeModel.java,,,,assert,unknown
conf_1518_1,commons-configuration2-2.8.0-src,TestInMemoryNodeModel,testClearTreeResultIsEmpty_1_oe,src/test/java/org/apache/commons/configuration2/tree/TestInMemoryNodeModel.java,,,,assert,unknown
conf_1519_1,commons-configuration2-2.8.0-src,TestInMemoryNodeModel,testClearTreeRootNode_1_oe,src/test/java/org/apache/commons/configuration2/tree/TestInMemoryNodeModel.java,,,,assert,unknown
conf_1520_2,commons-configuration2-2.8.0-src,TestInMemoryNodeModel,testCompactReplacementMapping_2_oe,src/test/java/org/apache/commons/configuration2/tree/TestInMemoryNodeModel.java,,,,assert,unknown
conf_1520_3,commons-configuration2-2.8.0-src,TestInMemoryNodeModel,testCompactReplacementMapping_3_oe,src/test/java/org/apache/commons/configuration2/tree/TestInMemoryNodeModel.java,,,,assert,unknown
conf_1521_1,commons-configuration2-2.8.0-src,TestInMemoryNodeModel,testConcurrentUpdate_1_oe,src/test/java/org/apache/commons/configuration2/tree/TestInMemoryNodeModel.java,,,,assert,unknown
conf_1521_2,commons-configuration2-2.8.0-src,TestInMemoryNodeModel,testConcurrentUpdate_2_oe,src/test/java/org/apache/commons/configuration2/tree/TestInMemoryNodeModel.java,,,,assert,unknown
conf_1521_3,commons-configuration2-2.8.0-src,TestInMemoryNodeModel,testConcurrentUpdate_3_oe,src/test/java/org/apache/commons/configuration2/tree/TestInMemoryNodeModel.java,,,,assert,unknown
conf_1522_1,commons-configuration2-2.8.0-src,TestInMemoryNodeModel,testGetInMemoryRepresentation_1_oe,src/test/java/org/apache/commons/configuration2/tree/TestInMemoryNodeModel.java,,,,assert,unknown
conf_1523_1,commons-configuration2-2.8.0-src,TestInMemoryNodeModel,testGetNodeHandler_1_oe,src/test/java/org/apache/commons/configuration2/tree/TestInMemoryNodeModel.java,,,,assert,unknown
conf_1524_1,commons-configuration2-2.8.0-src,TestInMemoryNodeModel,testGetRootNodeFromConstructor_1_oe,src/test/java/org/apache/commons/configuration2/tree/TestInMemoryNodeModel.java,,,,assert,unknown
conf_1525_1,commons-configuration2-2.8.0-src,TestInMemoryNodeModel,testInitDefaultRoot_1_oe,src/test/java/org/apache/commons/configuration2/tree/TestInMemoryNodeModel.java,,,,assert,unknown
conf_1525_2,commons-configuration2-2.8.0-src,TestInMemoryNodeModel,testInitDefaultRoot_2_oe,src/test/java/org/apache/commons/configuration2/tree/TestInMemoryNodeModel.java,,,,assert,unknown
conf_1525_3,commons-configuration2-2.8.0-src,TestInMemoryNodeModel,testInitDefaultRoot_3_oe,src/test/java/org/apache/commons/configuration2/tree/TestInMemoryNodeModel.java,,,,assert,unknown
conf_1525_4,commons-configuration2-2.8.0-src,TestInMemoryNodeModel,testInitDefaultRoot_4_oe,src/test/java/org/apache/commons/configuration2/tree/TestInMemoryNodeModel.java,,,,assert,unknown
conf_1526_1,commons-configuration2-2.8.0-src,TestInMemoryNodeModel,testSetPropertyChangedValues_1_oe,src/test/java/org/apache/commons/configuration2/tree/TestInMemoryNodeModel.java,,,,assert,unknown
conf_1526_2,commons-configuration2-2.8.0-src,TestInMemoryNodeModel,testSetPropertyChangedValues_2_oe,src/test/java/org/apache/commons/configuration2/tree/TestInMemoryNodeModel.java,,,,assert,unknown
conf_1527_1,commons-configuration2-2.8.0-src,TestInMemoryNodeModel,testSetPropertyClearValues_1_oe,src/test/java/org/apache/commons/configuration2/tree/TestInMemoryNodeModel.java,,,,assert,unknown
conf_1528_1,commons-configuration2-2.8.0-src,TestInMemoryNodeModel,testSetPropertyNewValues_1_oe,src/test/java/org/apache/commons/configuration2/tree/TestInMemoryNodeModel.java,,,,assert,unknown
conf_1528_2,commons-configuration2-2.8.0-src,TestInMemoryNodeModel,testSetPropertyNewValues_2_oe,src/test/java/org/apache/commons/configuration2/tree/TestInMemoryNodeModel.java,,,,assert,unknown
conf_1529_1,commons-configuration2-2.8.0-src,TestInMemoryNodeModel,testSetPropertyNoChanges_1_oe,src/test/java/org/apache/commons/configuration2/tree/TestInMemoryNodeModel.java,,,,assert,unknown
conf_1530_1,commons-configuration2-2.8.0-src,TestInMemoryNodeModel,testSetRoot_1_oe,src/test/java/org/apache/commons/configuration2/tree/TestInMemoryNodeModel.java,,,,assert,unknown
conf_1530_2,commons-configuration2-2.8.0-src,TestInMemoryNodeModel,testSetRoot_2_oe,src/test/java/org/apache/commons/configuration2/tree/TestInMemoryNodeModel.java,,,,assert,unknown
conf_1531_1,commons-configuration2-2.8.0-src,TestInMemoryNodeModel,testSetRootNull_1_oe,src/test/java/org/apache/commons/configuration2/tree/TestInMemoryNodeModel.java,,,,assert,unknown
conf_1532_1,commons-configuration2-2.8.0-src,TestNodeAddData,testInitPathNodesDefensiveCopy_1_oe,src/test/java/org/apache/commons/configuration2/tree/TestNodeAddData.java,,,,assert,unknown
conf_1532_2,commons-configuration2-2.8.0-src,TestNodeAddData,testInitPathNodesDefensiveCopy_2_oe,src/test/java/org/apache/commons/configuration2/tree/TestNodeAddData.java,,,,assert,unknown
conf_1533_1,commons-configuration2-2.8.0-src,TestNodeAddData,testPathNodesNull_1_oe,src/test/java/org/apache/commons/configuration2/tree/TestNodeAddData.java,,,,assert,unknown
conf_1534_1,commons-configuration2-2.8.0-src,TestDefaultConfigurationKey,testAppend_1_oe,src/test/java/org/apache/commons/configuration2/tree/TestDefaultConfigurationKey.java,,,,assert,unknown
conf_1535_1,commons-configuration2-2.8.0-src,TestDefaultConfigurationKey,testAppendAttribute_1_oe,src/test/java/org/apache/commons/configuration2/tree/TestDefaultConfigurationKey.java,,,,assert,unknown
conf_1536_1,commons-configuration2-2.8.0-src,TestDefaultConfigurationKey,testAppendComplexKey_1_oe,src/test/java/org/apache/commons/configuration2/tree/TestDefaultConfigurationKey.java,,,,assert,unknown
conf_1537_1,commons-configuration2-2.8.0-src,TestDefaultConfigurationKey,testAppendDecoratedAttributeKey_1_oe,src/test/java/org/apache/commons/configuration2/tree/TestDefaultConfigurationKey.java,,,,assert,unknown
conf_1538_1,commons-configuration2-2.8.0-src,TestDefaultConfigurationKey,testAppendDelimiters_1_oe,src/test/java/org/apache/commons/configuration2/tree/TestDefaultConfigurationKey.java,,,,assert,unknown
conf_1539_1,commons-configuration2-2.8.0-src,TestDefaultConfigurationKey,testAppendDelimitersWithoutEscaping_1_oe,src/test/java/org/apache/commons/configuration2/tree/TestDefaultConfigurationKey.java,,,,assert,unknown
conf_1540_1,commons-configuration2-2.8.0-src,TestDefaultConfigurationKey,testAppendIndex_1_oe,src/test/java/org/apache/commons/configuration2/tree/TestDefaultConfigurationKey.java,,,,assert,unknown
conf_1541_1,commons-configuration2-2.8.0-src,TestDefaultConfigurationKey,testAppendNullAttributeKey_1_oe,src/test/java/org/apache/commons/configuration2/tree/TestDefaultConfigurationKey.java,,,,assert,unknown
conf_1542_1,commons-configuration2-2.8.0-src,TestDefaultConfigurationKey,testAppendWithEscapeFlag_1_oe,src/test/java/org/apache/commons/configuration2/tree/TestDefaultConfigurationKey.java,,,,assert,unknown
conf_1543_1,commons-configuration2-2.8.0-src,TestDefaultConfigurationKey,testAttributeKeyWithIndex_1_oe,src/test/java/org/apache/commons/configuration2/tree/TestDefaultConfigurationKey.java,,,,assert,unknown
conf_1543_2,commons-configuration2-2.8.0-src,TestDefaultConfigurationKey,testAttributeKeyWithIndex_2_oe,src/test/java/org/apache/commons/configuration2/tree/TestDefaultConfigurationKey.java,,,,assert,unknown
conf_1543_3,commons-configuration2-2.8.0-src,TestDefaultConfigurationKey,testAttributeKeyWithIndex_3_oe,src/test/java/org/apache/commons/configuration2/tree/TestDefaultConfigurationKey.java,,,,assert,unknown
conf_1543_4,commons-configuration2-2.8.0-src,TestDefaultConfigurationKey,testAttributeKeyWithIndex_4_oe,src/test/java/org/apache/commons/configuration2/tree/TestDefaultConfigurationKey.java,,,,assert,unknown
conf_1543_5,commons-configuration2-2.8.0-src,TestDefaultConfigurationKey,testAttributeKeyWithIndex_5_oe,src/test/java/org/apache/commons/configuration2/tree/TestDefaultConfigurationKey.java,,,,assert,unknown
conf_1543_6,commons-configuration2-2.8.0-src,TestDefaultConfigurationKey,testAttributeKeyWithIndex_6_oe,src/test/java/org/apache/commons/configuration2/tree/TestDefaultConfigurationKey.java,,,,assert,unknown
conf_1543_7,commons-configuration2-2.8.0-src,TestDefaultConfigurationKey,testAttributeKeyWithIndex_7_oe,src/test/java/org/apache/commons/configuration2/tree/TestDefaultConfigurationKey.java,,,,assert,unknown
conf_1544_1,commons-configuration2-2.8.0-src,TestDefaultConfigurationKey,testAttributeName_1_oe,src/test/java/org/apache/commons/configuration2/tree/TestDefaultConfigurationKey.java,,,,assert,unknown
conf_1544_2,commons-configuration2-2.8.0-src,TestDefaultConfigurationKey,testAttributeName_2_oe,src/test/java/org/apache/commons/configuration2/tree/TestDefaultConfigurationKey.java,,,,assert,unknown
conf_1544_3,commons-configuration2-2.8.0-src,TestDefaultConfigurationKey,testAttributeName_3_oe,src/test/java/org/apache/commons/configuration2/tree/TestDefaultConfigurationKey.java,,,,assert,unknown
conf_1545_1,commons-configuration2-2.8.0-src,TestDefaultConfigurationKey,testCommonKey_1_oe,src/test/java/org/apache/commons/configuration2/tree/TestDefaultConfigurationKey.java,,,,assert,unknown
conf_1545_2,commons-configuration2-2.8.0-src,TestDefaultConfigurationKey,testCommonKey_2_oe,src/test/java/org/apache/commons/configuration2/tree/TestDefaultConfigurationKey.java,,,,assert,unknown
conf_1545_3,commons-configuration2-2.8.0-src,TestDefaultConfigurationKey,testCommonKey_3_oe,src/test/java/org/apache/commons/configuration2/tree/TestDefaultConfigurationKey.java,,,,assert,unknown
conf_1545_4,commons-configuration2-2.8.0-src,TestDefaultConfigurationKey,testCommonKey_4_oe,src/test/java/org/apache/commons/configuration2/tree/TestDefaultConfigurationKey.java,,,,assert,unknown
conf_1545_5,commons-configuration2-2.8.0-src,TestDefaultConfigurationKey,testCommonKey_5_oe,src/test/java/org/apache/commons/configuration2/tree/TestDefaultConfigurationKey.java,,,,assert,unknown
conf_1545_6,commons-configuration2-2.8.0-src,TestDefaultConfigurationKey,testCommonKey_6_oe,src/test/java/org/apache/commons/configuration2/tree/TestDefaultConfigurationKey.java,,,,assert,unknown
conf_1546_1,commons-configuration2-2.8.0-src,TestDefaultConfigurationKey,testConstructAttributeKey_1_oe,src/test/java/org/apache/commons/configuration2/tree/TestDefaultConfigurationKey.java,,,,assert,unknown
conf_1546_2,commons-configuration2-2.8.0-src,TestDefaultConfigurationKey,testConstructAttributeKey_2_oe,src/test/java/org/apache/commons/configuration2/tree/TestDefaultConfigurationKey.java,,,,assert,unknown
conf_1546_3,commons-configuration2-2.8.0-src,TestDefaultConfigurationKey,testConstructAttributeKey_3_oe,src/test/java/org/apache/commons/configuration2/tree/TestDefaultConfigurationKey.java,,,,assert,unknown
conf_1547_1,commons-configuration2-2.8.0-src,TestDefaultConfigurationKey,testConstructAttributeKeyWithoutEndMarkers_1_oe,src/test/java/org/apache/commons/configuration2/tree/TestDefaultConfigurationKey.java,,,,assert,unknown
conf_1547_2,commons-configuration2-2.8.0-src,TestDefaultConfigurationKey,testConstructAttributeKeyWithoutEndMarkers_2_oe,src/test/java/org/apache/commons/configuration2/tree/TestDefaultConfigurationKey.java,,,,assert,unknown
conf_1548_1,commons-configuration2-2.8.0-src,TestDefaultConfigurationKey,testDifferenceKey_1_oe,src/test/java/org/apache/commons/configuration2/tree/TestDefaultConfigurationKey.java,,,,assert,unknown
conf_1548_2,commons-configuration2-2.8.0-src,TestDefaultConfigurationKey,testDifferenceKey_2_oe,src/test/java/org/apache/commons/configuration2/tree/TestDefaultConfigurationKey.java,,,,assert,unknown
conf_1548_3,commons-configuration2-2.8.0-src,TestDefaultConfigurationKey,testDifferenceKey_3_oe,src/test/java/org/apache/commons/configuration2/tree/TestDefaultConfigurationKey.java,,,,assert,unknown
conf_1549_1,commons-configuration2-2.8.0-src,TestDefaultConfigurationKey,testDifferenceKeySame_1_oe,src/test/java/org/apache/commons/configuration2/tree/TestDefaultConfigurationKey.java,,,,assert,unknown
conf_1550_1,commons-configuration2-2.8.0-src,TestDefaultConfigurationKey,testEquals_1_oe,src/test/java/org/apache/commons/configuration2/tree/TestDefaultConfigurationKey.java,,,,assert,unknown
conf_1550_2,commons-configuration2-2.8.0-src,TestDefaultConfigurationKey,testEquals_2_oe,src/test/java/org/apache/commons/configuration2/tree/TestDefaultConfigurationKey.java,,,,assert,unknown
conf_1550_3,commons-configuration2-2.8.0-src,TestDefaultConfigurationKey,testEquals_3_oe,src/test/java/org/apache/commons/configuration2/tree/TestDefaultConfigurationKey.java,,,,assert,unknown
conf_1550_4,commons-configuration2-2.8.0-src,TestDefaultConfigurationKey,testEquals_4_oe,src/test/java/org/apache/commons/configuration2/tree/TestDefaultConfigurationKey.java,,,,assert,unknown
conf_1550_5,commons-configuration2-2.8.0-src,TestDefaultConfigurationKey,testEquals_5_oe,src/test/java/org/apache/commons/configuration2/tree/TestDefaultConfigurationKey.java,,,,assert,unknown
conf_1550_6,commons-configuration2-2.8.0-src,TestDefaultConfigurationKey,testEquals_6_oe,src/test/java/org/apache/commons/configuration2/tree/TestDefaultConfigurationKey.java,,,,assert,unknown
conf_1550_7,commons-configuration2-2.8.0-src,TestDefaultConfigurationKey,testEquals_7_oe,src/test/java/org/apache/commons/configuration2/tree/TestDefaultConfigurationKey.java,,,,assert,unknown
conf_1550_8,commons-configuration2-2.8.0-src,TestDefaultConfigurationKey,testEquals_8_oe,src/test/java/org/apache/commons/configuration2/tree/TestDefaultConfigurationKey.java,,,,assert,unknown
conf_1551_1,commons-configuration2-2.8.0-src,TestDefaultConfigurationKey,testIsAttributeKey_1_oe,src/test/java/org/apache/commons/configuration2/tree/TestDefaultConfigurationKey.java,,,,assert,unknown
conf_1551_2,commons-configuration2-2.8.0-src,TestDefaultConfigurationKey,testIsAttributeKey_2_oe,src/test/java/org/apache/commons/configuration2/tree/TestDefaultConfigurationKey.java,,,,assert,unknown
conf_1551_3,commons-configuration2-2.8.0-src,TestDefaultConfigurationKey,testIsAttributeKey_3_oe,src/test/java/org/apache/commons/configuration2/tree/TestDefaultConfigurationKey.java,,,,assert,unknown
conf_1552_1,commons-configuration2-2.8.0-src,TestDefaultConfigurationKey,testIsAttributeKeyWithoutEndMarkers_1_oe,src/test/java/org/apache/commons/configuration2/tree/TestDefaultConfigurationKey.java,,,,assert,unknown
conf_1552_2,commons-configuration2-2.8.0-src,TestDefaultConfigurationKey,testIsAttributeKeyWithoutEndMarkers_2_oe,src/test/java/org/apache/commons/configuration2/tree/TestDefaultConfigurationKey.java,,,,assert,unknown
conf_1553_1,commons-configuration2-2.8.0-src,TestDefaultConfigurationKey,testIterate_1_oe,src/test/java/org/apache/commons/configuration2/tree/TestDefaultConfigurationKey.java,,,,assert,unknown
conf_1553_2,commons-configuration2-2.8.0-src,TestDefaultConfigurationKey,testIterate_2_oe,src/test/java/org/apache/commons/configuration2/tree/TestDefaultConfigurationKey.java,,,,assert,unknown
conf_1553_3,commons-configuration2-2.8.0-src,TestDefaultConfigurationKey,testIterate_3_oe,src/test/java/org/apache/commons/configuration2/tree/TestDefaultConfigurationKey.java,,,,assert,unknown
conf_1553_4,commons-configuration2-2.8.0-src,TestDefaultConfigurationKey,testIterate_4_oe,src/test/java/org/apache/commons/configuration2/tree/TestDefaultConfigurationKey.java,,,,assert,unknown
conf_1553_5,commons-configuration2-2.8.0-src,TestDefaultConfigurationKey,testIterate_5_oe,src/test/java/org/apache/commons/configuration2/tree/TestDefaultConfigurationKey.java,,,,assert,unknown
conf_1553_6,commons-configuration2-2.8.0-src,TestDefaultConfigurationKey,testIterate_6_oe,src/test/java/org/apache/commons/configuration2/tree/TestDefaultConfigurationKey.java,,,,assert,unknown
conf_1553_7,commons-configuration2-2.8.0-src,TestDefaultConfigurationKey,testIterate_7_oe,src/test/java/org/apache/commons/configuration2/tree/TestDefaultConfigurationKey.java,,,,assert,unknown
conf_1553_8,commons-configuration2-2.8.0-src,TestDefaultConfigurationKey,testIterate_8_oe,src/test/java/org/apache/commons/configuration2/tree/TestDefaultConfigurationKey.java,,,,assert,unknown
conf_1553_9,commons-configuration2-2.8.0-src,TestDefaultConfigurationKey,testIterate_9_oe,src/test/java/org/apache/commons/configuration2/tree/TestDefaultConfigurationKey.java,,,,assert,unknown
conf_1553_10,commons-configuration2-2.8.0-src,TestDefaultConfigurationKey,testIterate_10_oe,src/test/java/org/apache/commons/configuration2/tree/TestDefaultConfigurationKey.java,,,,assert,unknown
conf_1553_11,commons-configuration2-2.8.0-src,TestDefaultConfigurationKey,testIterate_11_oe,src/test/java/org/apache/commons/configuration2/tree/TestDefaultConfigurationKey.java,,,,assert,unknown
conf_1553_12,commons-configuration2-2.8.0-src,TestDefaultConfigurationKey,testIterate_12_oe,src/test/java/org/apache/commons/configuration2/tree/TestDefaultConfigurationKey.java,,,,assert,unknown
conf_1553_13,commons-configuration2-2.8.0-src,TestDefaultConfigurationKey,testIterate_13_oe,src/test/java/org/apache/commons/configuration2/tree/TestDefaultConfigurationKey.java,,,,assert,unknown
conf_1553_14,commons-configuration2-2.8.0-src,TestDefaultConfigurationKey,testIterate_14_oe,src/test/java/org/apache/commons/configuration2/tree/TestDefaultConfigurationKey.java,,,,assert,unknown
conf_1553_15,commons-configuration2-2.8.0-src,TestDefaultConfigurationKey,testIterate_15_oe,src/test/java/org/apache/commons/configuration2/tree/TestDefaultConfigurationKey.java,,,,assert,unknown
conf_1554_1,commons-configuration2-2.8.0-src,TestDefaultConfigurationKey,testIterateAlternativeEscapeDelimiter_1_oe,src/test/java/org/apache/commons/configuration2/tree/TestDefaultConfigurationKey.java,,,,assert,unknown
conf_1554_2,commons-configuration2-2.8.0-src,TestDefaultConfigurationKey,testIterateAlternativeEscapeDelimiter_2_oe,src/test/java/org/apache/commons/configuration2/tree/TestDefaultConfigurationKey.java,,,,assert,unknown
conf_1554_3,commons-configuration2-2.8.0-src,TestDefaultConfigurationKey,testIterateAlternativeEscapeDelimiter_3_oe,src/test/java/org/apache/commons/configuration2/tree/TestDefaultConfigurationKey.java,,,,assert,unknown
conf_1554_4,commons-configuration2-2.8.0-src,TestDefaultConfigurationKey,testIterateAlternativeEscapeDelimiter_4_oe,src/test/java/org/apache/commons/configuration2/tree/TestDefaultConfigurationKey.java,,,,assert,unknown
conf_1554_5,commons-configuration2-2.8.0-src,TestDefaultConfigurationKey,testIterateAlternativeEscapeDelimiter_5_oe,src/test/java/org/apache/commons/configuration2/tree/TestDefaultConfigurationKey.java,,,,assert,unknown
conf_1555_1,commons-configuration2-2.8.0-src,TestDefaultConfigurationKey,testIterateAttributeEqualsPropertyDelimiter_1_oe,src/test/java/org/apache/commons/configuration2/tree/TestDefaultConfigurationKey.java,,,,assert,unknown
conf_1555_2,commons-configuration2-2.8.0-src,TestDefaultConfigurationKey,testIterateAttributeEqualsPropertyDelimiter_2_oe,src/test/java/org/apache/commons/configuration2/tree/TestDefaultConfigurationKey.java,,,,assert,unknown
conf_1555_3,commons-configuration2-2.8.0-src,TestDefaultConfigurationKey,testIterateAttributeEqualsPropertyDelimiter_3_oe,src/test/java/org/apache/commons/configuration2/tree/TestDefaultConfigurationKey.java,,,,assert,unknown
conf_1555_4,commons-configuration2-2.8.0-src,TestDefaultConfigurationKey,testIterateAttributeEqualsPropertyDelimiter_4_oe,src/test/java/org/apache/commons/configuration2/tree/TestDefaultConfigurationKey.java,,,,assert,unknown
conf_1555_5,commons-configuration2-2.8.0-src,TestDefaultConfigurationKey,testIterateAttributeEqualsPropertyDelimiter_5_oe,src/test/java/org/apache/commons/configuration2/tree/TestDefaultConfigurationKey.java,,,,assert,unknown
conf_1555_6,commons-configuration2-2.8.0-src,TestDefaultConfigurationKey,testIterateAttributeEqualsPropertyDelimiter_6_oe,src/test/java/org/apache/commons/configuration2/tree/TestDefaultConfigurationKey.java,,,,assert,unknown
conf_1555_7,commons-configuration2-2.8.0-src,TestDefaultConfigurationKey,testIterateAttributeEqualsPropertyDelimiter_7_oe,src/test/java/org/apache/commons/configuration2/tree/TestDefaultConfigurationKey.java,,,,assert,unknown
conf_1555_8,commons-configuration2-2.8.0-src,TestDefaultConfigurationKey,testIterateAttributeEqualsPropertyDelimiter_8_oe,src/test/java/org/apache/commons/configuration2/tree/TestDefaultConfigurationKey.java,,,,assert,unknown
conf_1555_9,commons-configuration2-2.8.0-src,TestDefaultConfigurationKey,testIterateAttributeEqualsPropertyDelimiter_9_oe,src/test/java/org/apache/commons/configuration2/tree/TestDefaultConfigurationKey.java,,,,assert,unknown
conf_1555_10,commons-configuration2-2.8.0-src,TestDefaultConfigurationKey,testIterateAttributeEqualsPropertyDelimiter_10_oe,src/test/java/org/apache/commons/configuration2/tree/TestDefaultConfigurationKey.java,,,,assert,unknown
conf_1556_1,commons-configuration2-2.8.0-src,TestDefaultConfigurationKey,testIterateEscapedDelimiters_1_oe,src/test/java/org/apache/commons/configuration2/tree/TestDefaultConfigurationKey.java,,,,assert,unknown
conf_1556_2,commons-configuration2-2.8.0-src,TestDefaultConfigurationKey,testIterateEscapedDelimiters_2_oe,src/test/java/org/apache/commons/configuration2/tree/TestDefaultConfigurationKey.java,,,,assert,unknown
conf_1556_3,commons-configuration2-2.8.0-src,TestDefaultConfigurationKey,testIterateEscapedDelimiters_3_oe,src/test/java/org/apache/commons/configuration2/tree/TestDefaultConfigurationKey.java,,,,assert,unknown
conf_1556_4,commons-configuration2-2.8.0-src,TestDefaultConfigurationKey,testIterateEscapedDelimiters_4_oe,src/test/java/org/apache/commons/configuration2/tree/TestDefaultConfigurationKey.java,,,,assert,unknown
conf_1556_5,commons-configuration2-2.8.0-src,TestDefaultConfigurationKey,testIterateEscapedDelimiters_5_oe,src/test/java/org/apache/commons/configuration2/tree/TestDefaultConfigurationKey.java,,,,assert,unknown
conf_1557_1,commons-configuration2-2.8.0-src,TestDefaultConfigurationKey,testIterateStrangeKeys_1_oe,src/test/java/org/apache/commons/configuration2/tree/TestDefaultConfigurationKey.java,,,,assert,unknown
conf_1557_2,commons-configuration2-2.8.0-src,TestDefaultConfigurationKey,testIterateStrangeKeys_2_oe,src/test/java/org/apache/commons/configuration2/tree/TestDefaultConfigurationKey.java,,,,assert,unknown
conf_1557_3,commons-configuration2-2.8.0-src,TestDefaultConfigurationKey,testIterateStrangeKeys_3_oe,src/test/java/org/apache/commons/configuration2/tree/TestDefaultConfigurationKey.java,,,,assert,unknown
conf_1557_4,commons-configuration2-2.8.0-src,TestDefaultConfigurationKey,testIterateStrangeKeys_4_oe,src/test/java/org/apache/commons/configuration2/tree/TestDefaultConfigurationKey.java,,,,assert,unknown
conf_1557_5,commons-configuration2-2.8.0-src,TestDefaultConfigurationKey,testIterateStrangeKeys_5_oe,src/test/java/org/apache/commons/configuration2/tree/TestDefaultConfigurationKey.java,,,,assert,unknown
conf_1557_6,commons-configuration2-2.8.0-src,TestDefaultConfigurationKey,testIterateStrangeKeys_6_oe,src/test/java/org/apache/commons/configuration2/tree/TestDefaultConfigurationKey.java,,,,assert,unknown
conf_1557_7,commons-configuration2-2.8.0-src,TestDefaultConfigurationKey,testIterateStrangeKeys_7_oe,src/test/java/org/apache/commons/configuration2/tree/TestDefaultConfigurationKey.java,,,,assert,unknown
conf_1557_8,commons-configuration2-2.8.0-src,TestDefaultConfigurationKey,testIterateStrangeKeys_8_oe,src/test/java/org/apache/commons/configuration2/tree/TestDefaultConfigurationKey.java,,,,assert,unknown
conf_1557_9,commons-configuration2-2.8.0-src,TestDefaultConfigurationKey,testIterateStrangeKeys_9_oe,src/test/java/org/apache/commons/configuration2/tree/TestDefaultConfigurationKey.java,,,,assert,unknown
conf_1558_1,commons-configuration2-2.8.0-src,TestDefaultConfigurationKey,testIterateWithBrackets_1_oe,src/test/java/org/apache/commons/configuration2/tree/TestDefaultConfigurationKey.java,,,,assert,unknown
conf_1558_2,commons-configuration2-2.8.0-src,TestDefaultConfigurationKey,testIterateWithBrackets_2_oe,src/test/java/org/apache/commons/configuration2/tree/TestDefaultConfigurationKey.java,,,,assert,unknown
conf_1558_3,commons-configuration2-2.8.0-src,TestDefaultConfigurationKey,testIterateWithBrackets_3_oe,src/test/java/org/apache/commons/configuration2/tree/TestDefaultConfigurationKey.java,,,,assert,unknown
conf_1558_4,commons-configuration2-2.8.0-src,TestDefaultConfigurationKey,testIterateWithBrackets_4_oe,src/test/java/org/apache/commons/configuration2/tree/TestDefaultConfigurationKey.java,,,,assert,unknown
conf_1558_5,commons-configuration2-2.8.0-src,TestDefaultConfigurationKey,testIterateWithBrackets_5_oe,src/test/java/org/apache/commons/configuration2/tree/TestDefaultConfigurationKey.java,,,,assert,unknown
conf_1558_6,commons-configuration2-2.8.0-src,TestDefaultConfigurationKey,testIterateWithBrackets_6_oe,src/test/java/org/apache/commons/configuration2/tree/TestDefaultConfigurationKey.java,,,,assert,unknown
conf_1558_7,commons-configuration2-2.8.0-src,TestDefaultConfigurationKey,testIterateWithBrackets_7_oe,src/test/java/org/apache/commons/configuration2/tree/TestDefaultConfigurationKey.java,,,,assert,unknown
conf_1559_1,commons-configuration2-2.8.0-src,TestDefaultConfigurationKey,testIterateWithoutEscapeDelimiter_1_oe,src/test/java/org/apache/commons/configuration2/tree/TestDefaultConfigurationKey.java,,,,assert,unknown
conf_1559_2,commons-configuration2-2.8.0-src,TestDefaultConfigurationKey,testIterateWithoutEscapeDelimiter_2_oe,src/test/java/org/apache/commons/configuration2/tree/TestDefaultConfigurationKey.java,,,,assert,unknown
conf_1559_3,commons-configuration2-2.8.0-src,TestDefaultConfigurationKey,testIterateWithoutEscapeDelimiter_3_oe,src/test/java/org/apache/commons/configuration2/tree/TestDefaultConfigurationKey.java,,,,assert,unknown
conf_1560_1,commons-configuration2-2.8.0-src,TestDefaultConfigurationKey,testIterateWithRemove_1_oe,src/test/java/org/apache/commons/configuration2/tree/TestDefaultConfigurationKey.java,,,,assert,unknown
conf_1560_2,commons-configuration2-2.8.0-src,TestDefaultConfigurationKey,testIterateWithRemove_2_oe,src/test/java/org/apache/commons/configuration2/tree/TestDefaultConfigurationKey.java,,,,assert,unknown
conf_1560_3,commons-configuration2-2.8.0-src,TestDefaultConfigurationKey,testIterateWithRemove_3_oe,src/test/java/org/apache/commons/configuration2/tree/TestDefaultConfigurationKey.java,,,,assert,unknown
conf_1561_1,commons-configuration2-2.8.0-src,TestDefaultConfigurationKey,testLength_1_oe,src/test/java/org/apache/commons/configuration2/tree/TestDefaultConfigurationKey.java,,,,assert,unknown
conf_1561_2,commons-configuration2-2.8.0-src,TestDefaultConfigurationKey,testLength_2_oe,src/test/java/org/apache/commons/configuration2/tree/TestDefaultConfigurationKey.java,,,,assert,unknown
conf_1561_3,commons-configuration2-2.8.0-src,TestDefaultConfigurationKey,testLength_3_oe,src/test/java/org/apache/commons/configuration2/tree/TestDefaultConfigurationKey.java,,,,assert,unknown
conf_1561_4,commons-configuration2-2.8.0-src,TestDefaultConfigurationKey,testLength_4_oe,src/test/java/org/apache/commons/configuration2/tree/TestDefaultConfigurationKey.java,,,,assert,unknown
conf_1562_1,commons-configuration2-2.8.0-src,TestDefaultConfigurationKey,testTrim_1_oe,src/test/java/org/apache/commons/configuration2/tree/TestDefaultConfigurationKey.java,,,,assert,unknown
conf_1562_2,commons-configuration2-2.8.0-src,TestDefaultConfigurationKey,testTrim_2_oe,src/test/java/org/apache/commons/configuration2/tree/TestDefaultConfigurationKey.java,,,,assert,unknown
conf_1562_3,commons-configuration2-2.8.0-src,TestDefaultConfigurationKey,testTrim_3_oe,src/test/java/org/apache/commons/configuration2/tree/TestDefaultConfigurationKey.java,,,,assert,unknown
conf_1563_1,commons-configuration2-2.8.0-src,TestDefaultConfigurationKey,testTrimLeft_1_oe,src/test/java/org/apache/commons/configuration2/tree/TestDefaultConfigurationKey.java,,,,assert,unknown
conf_1563_2,commons-configuration2-2.8.0-src,TestDefaultConfigurationKey,testTrimLeft_2_oe,src/test/java/org/apache/commons/configuration2/tree/TestDefaultConfigurationKey.java,,,,assert,unknown
conf_1564_1,commons-configuration2-2.8.0-src,TestDefaultConfigurationKey,testTrimRight_1_oe,src/test/java/org/apache/commons/configuration2/tree/TestDefaultConfigurationKey.java,,,,assert,unknown
conf_1564_2,commons-configuration2-2.8.0-src,TestDefaultConfigurationKey,testTrimRight_2_oe,src/test/java/org/apache/commons/configuration2/tree/TestDefaultConfigurationKey.java,,,,assert,unknown
conf_1565_1,commons-configuration2-2.8.0-src,TestImmutableNode,testAddAttributesNull_1_oe,src/test/java/org/apache/commons/configuration2/tree/TestImmutableNode.java,,,,assert,unknown
conf_1566_1,commons-configuration2-2.8.0-src,TestImmutableNode,testAddChildrenNull_1_oe,src/test/java/org/apache/commons/configuration2/tree/TestImmutableNode.java,,,,assert,unknown
conf_1567_1,commons-configuration2-2.8.0-src,TestImmutableNode,testGetChildrenByMissingName_1_oe,src/test/java/org/apache/commons/configuration2/tree/TestImmutableNode.java,,,,assert,unknown
conf_1568_1,commons-configuration2-2.8.0-src,TestImmutableNode,testGetChildrenByName_1_oe,src/test/java/org/apache/commons/configuration2/tree/TestImmutableNode.java,,,,assert,unknown
conf_1568_2,commons-configuration2-2.8.0-src,TestImmutableNode,testGetChildrenByName_2_oe,src/test/java/org/apache/commons/configuration2/tree/TestImmutableNode.java,,,,assert,unknown
conf_1569_1,commons-configuration2-2.8.0-src,TestImmutableNode,testGetChildrenByNullName_1_oe,src/test/java/org/apache/commons/configuration2/tree/TestImmutableNode.java,,,,assert,unknown
conf_1570_1,commons-configuration2-2.8.0-src,TestImmutableNode,testNodeWithAttributesManipulateLater_1_oe,src/test/java/org/apache/commons/configuration2/tree/TestImmutableNode.java,,,,assert,unknown
conf_1570_2,commons-configuration2-2.8.0-src,TestImmutableNode,testNodeWithAttributesManipulateLater_2_oe,src/test/java/org/apache/commons/configuration2/tree/TestImmutableNode.java,,,,assert,unknown
conf_1571_1,commons-configuration2-2.8.0-src,TestImmutableNode,testRemoveAttributeExisting_1_oe,src/test/java/org/apache/commons/configuration2/tree/TestImmutableNode.java,,,,assert,unknown
conf_1571_2,commons-configuration2-2.8.0-src,TestImmutableNode,testRemoveAttributeExisting_2_oe,src/test/java/org/apache/commons/configuration2/tree/TestImmutableNode.java,,,,assert,unknown
conf_1572_1,commons-configuration2-2.8.0-src,TestImmutableNode,testRemoveAttributeNotExisting_1_oe,src/test/java/org/apache/commons/configuration2/tree/TestImmutableNode.java,,,,assert,unknown
conf_1573_1,commons-configuration2-2.8.0-src,TestImmutableNode,testRemoveChildNodeNotExisting_1_oe,src/test/java/org/apache/commons/configuration2/tree/TestImmutableNode.java,,,,assert,unknown
conf_1574_1,commons-configuration2-2.8.0-src,TestImmutableNode,testReplaceChildNotExisting_1_oe,src/test/java/org/apache/commons/configuration2/tree/TestImmutableNode.java,,,,assert,unknown
conf_1575_1,commons-configuration2-2.8.0-src,TestImmutableNode,testSetAttribute_1_oe,src/test/java/org/apache/commons/configuration2/tree/TestImmutableNode.java,,,,assert,unknown
conf_1576_1,commons-configuration2-2.8.0-src,TestImmutableNode,testSetAttributes_1_oe,src/test/java/org/apache/commons/configuration2/tree/TestImmutableNode.java,,,,assert,unknown
conf_1577_1,commons-configuration2-2.8.0-src,TestImmutableNode,testSetName_1_oe,src/test/java/org/apache/commons/configuration2/tree/TestImmutableNode.java,,,,assert,unknown
conf_1577_2,commons-configuration2-2.8.0-src,TestImmutableNode,testSetName_2_oe,src/test/java/org/apache/commons/configuration2/tree/TestImmutableNode.java,,,,assert,unknown
conf_1578_1,commons-configuration2-2.8.0-src,TestImmutableNode,testSetValue_1_oe,src/test/java/org/apache/commons/configuration2/tree/TestImmutableNode.java,,,,assert,unknown
conf_1578_2,commons-configuration2-2.8.0-src,TestImmutableNode,testSetValue_2_oe,src/test/java/org/apache/commons/configuration2/tree/TestImmutableNode.java,,,,assert,unknown
conf_1579_1,commons-configuration2-2.8.0-src,TestImmutableNode,testSimpleProperties_1_oe,src/test/java/org/apache/commons/configuration2/tree/TestImmutableNode.java,,,,assert,unknown
conf_1579_2,commons-configuration2-2.8.0-src,TestImmutableNode,testSimpleProperties_2_oe,src/test/java/org/apache/commons/configuration2/tree/TestImmutableNode.java,,,,assert,unknown
conf_1579_3,commons-configuration2-2.8.0-src,TestImmutableNode,testSimpleProperties_3_oe,src/test/java/org/apache/commons/configuration2/tree/TestImmutableNode.java,,,,assert,unknown
conf_1580_1,commons-configuration2-2.8.0-src,TestDefaultExpressionEngineSymbols,testDefaultSymbols_1_oe,src/test/java/org/apache/commons/configuration2/tree/TestDefaultExpressionEngineSymbols.java,,,,assert,unknown
conf_1580_2,commons-configuration2-2.8.0-src,TestDefaultExpressionEngineSymbols,testDefaultSymbols_2_oe,src/test/java/org/apache/commons/configuration2/tree/TestDefaultExpressionEngineSymbols.java,,,,assert,unknown
conf_1580_3,commons-configuration2-2.8.0-src,TestDefaultExpressionEngineSymbols,testDefaultSymbols_3_oe,src/test/java/org/apache/commons/configuration2/tree/TestDefaultExpressionEngineSymbols.java,,,,assert,unknown
conf_1580_4,commons-configuration2-2.8.0-src,TestDefaultExpressionEngineSymbols,testDefaultSymbols_4_oe,src/test/java/org/apache/commons/configuration2/tree/TestDefaultExpressionEngineSymbols.java,,,,assert,unknown
conf_1580_5,commons-configuration2-2.8.0-src,TestDefaultExpressionEngineSymbols,testDefaultSymbols_5_oe,src/test/java/org/apache/commons/configuration2/tree/TestDefaultExpressionEngineSymbols.java,,,,assert,unknown
conf_1580_6,commons-configuration2-2.8.0-src,TestDefaultExpressionEngineSymbols,testDefaultSymbols_6_oe,src/test/java/org/apache/commons/configuration2/tree/TestDefaultExpressionEngineSymbols.java,,,,assert,unknown
conf_1581_1,commons-configuration2-2.8.0-src,TestDefaultExpressionEngineSymbols,testToString_1_oe,src/test/java/org/apache/commons/configuration2/tree/TestDefaultExpressionEngineSymbols.java,,,,assert,unknown
conf_1581_2,commons-configuration2-2.8.0-src,TestDefaultExpressionEngineSymbols,testToString_2_oe,src/test/java/org/apache/commons/configuration2/tree/TestDefaultExpressionEngineSymbols.java,,,,assert,unknown
conf_1581_3,commons-configuration2-2.8.0-src,TestDefaultExpressionEngineSymbols,testToString_3_oe,src/test/java/org/apache/commons/configuration2/tree/TestDefaultExpressionEngineSymbols.java,,,,assert,unknown
conf_1581_4,commons-configuration2-2.8.0-src,TestDefaultExpressionEngineSymbols,testToString_4_oe,src/test/java/org/apache/commons/configuration2/tree/TestDefaultExpressionEngineSymbols.java,,,,assert,unknown
conf_1581_5,commons-configuration2-2.8.0-src,TestDefaultExpressionEngineSymbols,testToString_5_oe,src/test/java/org/apache/commons/configuration2/tree/TestDefaultExpressionEngineSymbols.java,,,,assert,unknown
conf_1581_6,commons-configuration2-2.8.0-src,TestDefaultExpressionEngineSymbols,testToString_6_oe,src/test/java/org/apache/commons/configuration2/tree/TestDefaultExpressionEngineSymbols.java,,,,assert,unknown
conf_1582_1,commons-configuration2-2.8.0-src,TestTrackedNodeHandler,testGetParent_1_oe,src/test/java/org/apache/commons/configuration2/tree/TestTrackedNodeHandler.java,,,,assert,unknown
conf_1583_1,commons-configuration2-2.8.0-src,TestTrackedNodeHandler,testGetRootNode_1_oe,src/test/java/org/apache/commons/configuration2/tree/TestTrackedNodeHandler.java,,,,assert,unknown
conf_1584_1,commons-configuration2-2.8.0-src,TestInMemoryNodeModelTrackedNodes,testAddNodesOnDetachedNode_1_oe,src/test/java/org/apache/commons/configuration2/tree/TestInMemoryNodeModelTrackedNodes.java,,,,assert,unknown
conf_1585_1,commons-configuration2-2.8.0-src,TestInMemoryNodeModelTrackedNodes,testAddPropertyOnDetachedNode_1_oe,src/test/java/org/apache/commons/configuration2/tree/TestInMemoryNodeModelTrackedNodes.java,,,,assert,unknown
conf_1586_1,commons-configuration2-2.8.0-src,TestInMemoryNodeModelTrackedNodes,testClearPropertyOnDetachedNode_1_oe,src/test/java/org/apache/commons/configuration2/tree/TestInMemoryNodeModelTrackedNodes.java,,,,assert,unknown
conf_1587_1,commons-configuration2-2.8.0-src,TestInMemoryNodeModelTrackedNodes,testClearTreeOnDetachedNode_1_oe,src/test/java/org/apache/commons/configuration2/tree/TestInMemoryNodeModelTrackedNodes.java,,,,assert,unknown
conf_1588_1,commons-configuration2-2.8.0-src,TestInMemoryNodeModelTrackedNodes,testGetTrackedNodeAfterClear_1_oe,src/test/java/org/apache/commons/configuration2/tree/TestInMemoryNodeModelTrackedNodes.java,,,,assert,unknown
conf_1589_1,commons-configuration2-2.8.0-src,TestInMemoryNodeModelTrackedNodes,testGetTrackedNodeAfterSetRootNode_1_oe,src/test/java/org/apache/commons/configuration2/tree/TestInMemoryNodeModelTrackedNodes.java,,,,assert,unknown
conf_1590_1,commons-configuration2-2.8.0-src,TestInMemoryNodeModelTrackedNodes,testGetTrackedNodeAfterUpdate_1_oe,src/test/java/org/apache/commons/configuration2/tree/TestInMemoryNodeModelTrackedNodes.java,,,,assert,unknown
conf_1591_1,commons-configuration2-2.8.0-src,TestInMemoryNodeModelTrackedNodes,testGetTrackedNodeAfterUpdateNoLongerExisting_1_oe,src/test/java/org/apache/commons/configuration2/tree/TestInMemoryNodeModelTrackedNodes.java,,,,assert,unknown
conf_1592_1,commons-configuration2-2.8.0-src,TestInMemoryNodeModelTrackedNodes,testGetTrackedNodeExisting_1_oe,src/test/java/org/apache/commons/configuration2/tree/TestInMemoryNodeModelTrackedNodes.java,,,,assert,unknown
conf_1593_1,commons-configuration2-2.8.0-src,TestInMemoryNodeModelTrackedNodes,testGetTrackedNodeHandlerActive_1_oe,src/test/java/org/apache/commons/configuration2/tree/TestInMemoryNodeModelTrackedNodes.java,,,,assert,unknown
conf_1593_2,commons-configuration2-2.8.0-src,TestInMemoryNodeModelTrackedNodes,testGetTrackedNodeHandlerActive_2_oe,src/test/java/org/apache/commons/configuration2/tree/TestInMemoryNodeModelTrackedNodes.java,,,,assert,unknown
conf_1593_3,commons-configuration2-2.8.0-src,TestInMemoryNodeModelTrackedNodes,testGetTrackedNodeHandlerActive_3_oe,src/test/java/org/apache/commons/configuration2/tree/TestInMemoryNodeModelTrackedNodes.java,,,,assert,unknown
conf_1594_1,commons-configuration2-2.8.0-src,TestInMemoryNodeModelTrackedNodes,testGetTrackedNodeHandlerDetached_1_oe,src/test/java/org/apache/commons/configuration2/tree/TestInMemoryNodeModelTrackedNodes.java,,,,assert,unknown
conf_1594_2,commons-configuration2-2.8.0-src,TestInMemoryNodeModelTrackedNodes,testGetTrackedNodeHandlerDetached_2_oe,src/test/java/org/apache/commons/configuration2/tree/TestInMemoryNodeModelTrackedNodes.java,,,,assert,unknown
conf_1594_3,commons-configuration2-2.8.0-src,TestInMemoryNodeModelTrackedNodes,testGetTrackedNodeHandlerDetached_3_oe,src/test/java/org/apache/commons/configuration2/tree/TestInMemoryNodeModelTrackedNodes.java,,,,assert,unknown
conf_1595_1,commons-configuration2-2.8.0-src,TestInMemoryNodeModelTrackedNodes,testIsDetachedAfterClear_1_oe,src/test/java/org/apache/commons/configuration2/tree/TestInMemoryNodeModelTrackedNodes.java,,,,assert,unknown
conf_1596_1,commons-configuration2-2.8.0-src,TestInMemoryNodeModelTrackedNodes,testIsDetachedAfterSetRoot_1_oe,src/test/java/org/apache/commons/configuration2/tree/TestInMemoryNodeModelTrackedNodes.java,,,,assert,unknown
conf_1597_1,commons-configuration2-2.8.0-src,TestInMemoryNodeModelTrackedNodes,testIsDetachedFalseAfterUpdate_1_oe,src/test/java/org/apache/commons/configuration2/tree/TestInMemoryNodeModelTrackedNodes.java,,,,assert,unknown
conf_1598_1,commons-configuration2-2.8.0-src,TestInMemoryNodeModelTrackedNodes,testIsDetachedFalseNoUpdates_1_oe,src/test/java/org/apache/commons/configuration2/tree/TestInMemoryNodeModelTrackedNodes.java,,,,assert,unknown
conf_1599_1,commons-configuration2-2.8.0-src,TestInMemoryNodeModelTrackedNodes,testIsDetachedTrue_1_oe,src/test/java/org/apache/commons/configuration2/tree/TestInMemoryNodeModelTrackedNodes.java,,,,assert,unknown
conf_1600_1,commons-configuration2-2.8.0-src,TestInMemoryNodeModelTrackedNodes,testSelectAndTrackNodes_1_oe,src/test/java/org/apache/commons/configuration2/tree/TestInMemoryNodeModelTrackedNodes.java,,,,assert,unknown
conf_1600_2,commons-configuration2-2.8.0-src,TestInMemoryNodeModelTrackedNodes,testSelectAndTrackNodes_2_oe,src/test/java/org/apache/commons/configuration2/tree/TestInMemoryNodeModelTrackedNodes.java,,,,assert,unknown
conf_1600_3,commons-configuration2-2.8.0-src,TestInMemoryNodeModelTrackedNodes,testSelectAndTrackNodes_3_oe,src/test/java/org/apache/commons/configuration2/tree/TestInMemoryNodeModelTrackedNodes.java,,,,assert,unknown
conf_1600_4,commons-configuration2-2.8.0-src,TestInMemoryNodeModelTrackedNodes,testSelectAndTrackNodes_4_oe,src/test/java/org/apache/commons/configuration2/tree/TestInMemoryNodeModelTrackedNodes.java,,,,assert,unknown
conf_1600_5,commons-configuration2-2.8.0-src,TestInMemoryNodeModelTrackedNodes,testSelectAndTrackNodes_5_oe,src/test/java/org/apache/commons/configuration2/tree/TestInMemoryNodeModelTrackedNodes.java,,,,assert,unknown
conf_1601_1,commons-configuration2-2.8.0-src,TestInMemoryNodeModelTrackedNodes,testSelectAndTrackNodesNodeAlreadyTracked_1_oe,src/test/java/org/apache/commons/configuration2/tree/TestInMemoryNodeModelTrackedNodes.java,,,,assert,unknown
conf_1601_2,commons-configuration2-2.8.0-src,TestInMemoryNodeModelTrackedNodes,testSelectAndTrackNodesNodeAlreadyTracked_2_oe,src/test/java/org/apache/commons/configuration2/tree/TestInMemoryNodeModelTrackedNodes.java,,,,assert,unknown
conf_1601_3,commons-configuration2-2.8.0-src,TestInMemoryNodeModelTrackedNodes,testSelectAndTrackNodesNodeAlreadyTracked_3_oe,src/test/java/org/apache/commons/configuration2/tree/TestInMemoryNodeModelTrackedNodes.java,,,,assert,unknown
conf_1602_1,commons-configuration2-2.8.0-src,TestInMemoryNodeModelTrackedNodes,testSelectAndTrackNodesNoSelection_1_oe,src/test/java/org/apache/commons/configuration2/tree/TestInMemoryNodeModelTrackedNodes.java,,,,assert,unknown
conf_1603_1,commons-configuration2-2.8.0-src,TestInMemoryNodeModelTrackedNodes,testSetPropertyOnDetachedNode_1_oe,src/test/java/org/apache/commons/configuration2/tree/TestInMemoryNodeModelTrackedNodes.java,,,,assert,unknown
conf_1604_1,commons-configuration2-2.8.0-src,TestInMemoryNodeModelTrackedNodes,testTrackChildNodes_1_oe,src/test/java/org/apache/commons/configuration2/tree/TestInMemoryNodeModelTrackedNodes.java,,,,assert,unknown
conf_1604_2,commons-configuration2-2.8.0-src,TestInMemoryNodeModelTrackedNodes,testTrackChildNodes_2_oe,src/test/java/org/apache/commons/configuration2/tree/TestInMemoryNodeModelTrackedNodes.java,,,,assert,unknown
conf_1604_3,commons-configuration2-2.8.0-src,TestInMemoryNodeModelTrackedNodes,testTrackChildNodes_3_oe,src/test/java/org/apache/commons/configuration2/tree/TestInMemoryNodeModelTrackedNodes.java,,,,assert,unknown
conf_1605_1,commons-configuration2-2.8.0-src,TestInMemoryNodeModelTrackedNodes,testTrackChildNodeWithCreationExisting_1_oe,src/test/java/org/apache/commons/configuration2/tree/TestInMemoryNodeModelTrackedNodes.java,,,,assert,unknown
conf_1605_2,commons-configuration2-2.8.0-src,TestInMemoryNodeModelTrackedNodes,testTrackChildNodeWithCreationExisting_2_oe,src/test/java/org/apache/commons/configuration2/tree/TestInMemoryNodeModelTrackedNodes.java,,,,assert,unknown
conf_1606_1,commons-configuration2-2.8.0-src,TestInMemoryNodeModelTrackedNodes,testTrackChildNodeWithCreationNonExisting_1_oe,src/test/java/org/apache/commons/configuration2/tree/TestInMemoryNodeModelTrackedNodes.java,,,,assert,unknown
conf_1606_2,commons-configuration2-2.8.0-src,TestInMemoryNodeModelTrackedNodes,testTrackChildNodeWithCreationNonExisting_2_oe,src/test/java/org/apache/commons/configuration2/tree/TestInMemoryNodeModelTrackedNodes.java,,,,assert,unknown
conf_1606_3,commons-configuration2-2.8.0-src,TestInMemoryNodeModelTrackedNodes,testTrackChildNodeWithCreationNonExisting_3_oe,src/test/java/org/apache/commons/configuration2/tree/TestInMemoryNodeModelTrackedNodes.java,,,,assert,unknown
conf_1606_4,commons-configuration2-2.8.0-src,TestInMemoryNodeModelTrackedNodes,testTrackChildNodeWithCreationNonExisting_4_oe,src/test/java/org/apache/commons/configuration2/tree/TestInMemoryNodeModelTrackedNodes.java,,,,assert,unknown
conf_1606_5,commons-configuration2-2.8.0-src,TestInMemoryNodeModelTrackedNodes,testTrackChildNodeWithCreationNonExisting_5_oe,src/test/java/org/apache/commons/configuration2/tree/TestInMemoryNodeModelTrackedNodes.java,,,,assert,unknown
conf_1607_1,commons-configuration2-2.8.0-src,TestInMemoryNodeModelTrackedNodes,testTrackedNodeClearedInOperation_1_oe,src/test/java/org/apache/commons/configuration2/tree/TestInMemoryNodeModelTrackedNodes.java,,,,assert,unknown
conf_1607_2,commons-configuration2-2.8.0-src,TestInMemoryNodeModelTrackedNodes,testTrackedNodeClearedInOperation_2_oe,src/test/java/org/apache/commons/configuration2/tree/TestInMemoryNodeModelTrackedNodes.java,,,,assert,unknown
conf_1607_3,commons-configuration2-2.8.0-src,TestInMemoryNodeModelTrackedNodes,testTrackedNodeClearedInOperation_3_oe,src/test/java/org/apache/commons/configuration2/tree/TestInMemoryNodeModelTrackedNodes.java,,,,assert,unknown
conf_1608_1,commons-configuration2-2.8.0-src,TestInMemoryNodeModelTrackedNodes,testTrackNodeMultipleTimes_1_oe,src/test/java/org/apache/commons/configuration2/tree/TestInMemoryNodeModelTrackedNodes.java,,,,assert,unknown
conf_1610_1,commons-configuration2-2.8.0-src,TestXPathExpressionEngine,testAttributeKeyOfRootNode_1_oe,src/test/java/org/apache/commons/configuration2/tree/xpath/TestXPathExpressionEngine.java,,,,assert,unknown
conf_1611_1,commons-configuration2-2.8.0-src,TestXPathExpressionEngine,testCanonicalKeyNoDuplicates_1_oe,src/test/java/org/apache/commons/configuration2/tree/xpath/TestXPathExpressionEngine.java,,,,assert,unknown
conf_1612_1,commons-configuration2-2.8.0-src,TestXPathExpressionEngine,testCanonicalKeyNoParentKey_1_oe,src/test/java/org/apache/commons/configuration2/tree/xpath/TestXPathExpressionEngine.java,,,,assert,unknown
conf_1613_1,commons-configuration2-2.8.0-src,TestXPathExpressionEngine,testCanonicalKeyRootNoParentKey_1_oe,src/test/java/org/apache/commons/configuration2/tree/xpath/TestXPathExpressionEngine.java,,,,assert,unknown
conf_1614_1,commons-configuration2-2.8.0-src,TestXPathExpressionEngine,testCanonicalKeyRootWithParentKey_1_oe,src/test/java/org/apache/commons/configuration2/tree/xpath/TestXPathExpressionEngine.java,,,,assert,unknown
conf_1615_1,commons-configuration2-2.8.0-src,TestXPathExpressionEngine,testCanonicalKeyWithDuplicates_1_oe,src/test/java/org/apache/commons/configuration2/tree/xpath/TestXPathExpressionEngine.java,,,,assert,unknown
conf_1615_2,commons-configuration2-2.8.0-src,TestXPathExpressionEngine,testCanonicalKeyWithDuplicates_2_oe,src/test/java/org/apache/commons/configuration2/tree/xpath/TestXPathExpressionEngine.java,,,,assert,unknown
conf_1616_1,commons-configuration2-2.8.0-src,TestXPathExpressionEngine,testDefaultContextFactory_1_oe,src/test/java/org/apache/commons/configuration2/tree/xpath/TestXPathExpressionEngine.java,,,,assert,unknown
conf_1617_1,commons-configuration2-2.8.0-src,TestXPathExpressionEngine,testNodeKeyAttribute_1_oe,src/test/java/org/apache/commons/configuration2/tree/xpath/TestXPathExpressionEngine.java,,,,assert,unknown
conf_1618_1,commons-configuration2-2.8.0-src,TestXPathExpressionEngine,testNodeKeyForRootChild_1_oe,src/test/java/org/apache/commons/configuration2/tree/xpath/TestXPathExpressionEngine.java,,,,assert,unknown
conf_1619_1,commons-configuration2-2.8.0-src,TestXPathExpressionEngine,testNodeKeyForRootNode_1_oe,src/test/java/org/apache/commons/configuration2/tree/xpath/TestXPathExpressionEngine.java,,,,assert,unknown
conf_1620_1,commons-configuration2-2.8.0-src,TestXPathExpressionEngine,testNodeKeyNoNodeName_1_oe,src/test/java/org/apache/commons/configuration2/tree/xpath/TestXPathExpressionEngine.java,,,,assert,unknown
conf_1621_1,commons-configuration2-2.8.0-src,TestXPathExpressionEngine,testNodeKeyNormal_1_oe,src/test/java/org/apache/commons/configuration2/tree/xpath/TestXPathExpressionEngine.java,,,,assert,unknown
conf_1622_1,commons-configuration2-2.8.0-src,TestXPathExpressionEngine,testNodePointerFactory_1_oe,src/test/java/org/apache/commons/configuration2/tree/xpath/TestXPathExpressionEngine.java,,,,assert,unknown
conf_1623_1,commons-configuration2-2.8.0-src,TestXPathExpressionEngine,testQueryAttributeExpression_1_oe,src/test/java/org/apache/commons/configuration2/tree/xpath/TestXPathExpressionEngine.java,,,,assert,unknown
conf_1623_2,commons-configuration2-2.8.0-src,TestXPathExpressionEngine,testQueryAttributeExpression_2_oe,src/test/java/org/apache/commons/configuration2/tree/xpath/TestXPathExpressionEngine.java,,,,assert,unknown
conf_1624_1,commons-configuration2-2.8.0-src,TestXPathExpressionEngine,testQueryNodeExpression_1_oe,src/test/java/org/apache/commons/configuration2/tree/xpath/TestXPathExpressionEngine.java,,,,assert,unknown
conf_1624_2,commons-configuration2-2.8.0-src,TestXPathExpressionEngine,testQueryNodeExpression_2_oe,src/test/java/org/apache/commons/configuration2/tree/xpath/TestXPathExpressionEngine.java,,,,assert,unknown
conf_1624_3,commons-configuration2-2.8.0-src,TestXPathExpressionEngine,testQueryNodeExpression_3_oe,src/test/java/org/apache/commons/configuration2/tree/xpath/TestXPathExpressionEngine.java,,,,assert,unknown
conf_1625_1,commons-configuration2-2.8.0-src,TestXPathExpressionEngine,testQueryWithoutResult_1_oe,src/test/java/org/apache/commons/configuration2/tree/xpath/TestXPathExpressionEngine.java,,,,assert,unknown
conf_1626_1,commons-configuration2-2.8.0-src,TestConfigurationNodePointerFactory,testFollowingSiblingAxis_1_oe,src/test/java/org/apache/commons/configuration2/tree/xpath/TestConfigurationNodePointerFactory.java,,,,assert,unknown
conf_1626_2,commons-configuration2-2.8.0-src,TestConfigurationNodePointerFactory,testFollowingSiblingAxis_2_oe,src/test/java/org/apache/commons/configuration2/tree/xpath/TestConfigurationNodePointerFactory.java,,,,assert,unknown
conf_1626_3,commons-configuration2-2.8.0-src,TestConfigurationNodePointerFactory,testFollowingSiblingAxis_3_oe,src/test/java/org/apache/commons/configuration2/tree/xpath/TestConfigurationNodePointerFactory.java,,,,assert,unknown
conf_1627_1,commons-configuration2-2.8.0-src,TestConfigurationNodePointerFactory,testIndices_1_oe,src/test/java/org/apache/commons/configuration2/tree/xpath/TestConfigurationNodePointerFactory.java,,,,assert,unknown
conf_1627_2,commons-configuration2-2.8.0-src,TestConfigurationNodePointerFactory,testIndices_2_oe,src/test/java/org/apache/commons/configuration2/tree/xpath/TestConfigurationNodePointerFactory.java,,,,assert,unknown
conf_1628_1,commons-configuration2-2.8.0-src,TestXPathExpressionEngineInConfig,testAddPropertyComplexStructures_1_oe,src/test/java/org/apache/commons/configuration2/tree/xpath/TestXPathExpressionEngineInConfig.java,,,,assert,unknown
conf_1628_2,commons-configuration2-2.8.0-src,TestXPathExpressionEngineInConfig,testAddPropertyComplexStructures_2_oe,src/test/java/org/apache/commons/configuration2/tree/xpath/TestXPathExpressionEngineInConfig.java,,,,assert,unknown
conf_1628_3,commons-configuration2-2.8.0-src,TestXPathExpressionEngineInConfig,testAddPropertyComplexStructures_3_oe,src/test/java/org/apache/commons/configuration2/tree/xpath/TestXPathExpressionEngineInConfig.java,,,,assert,unknown
conf_1629_1,commons-configuration2-2.8.0-src,TestXPathExpressionEngineInConfig,testPropertiesWithNamespace_1_oe,src/test/java/org/apache/commons/configuration2/tree/xpath/TestXPathExpressionEngineInConfig.java,,,,assert,unknown
conf_1630_1,commons-configuration2-2.8.0-src,TestXPathExpressionEngineInConfig,testSetPropertyExisting_1_oe,src/test/java/org/apache/commons/configuration2/tree/xpath/TestXPathExpressionEngineInConfig.java,,,,assert,unknown
conf_1631_1,commons-configuration2-2.8.0-src,TestXPathExpressionEngineInConfig,testSetPropertyNewAttribute_1_oe,src/test/java/org/apache/commons/configuration2/tree/xpath/TestXPathExpressionEngineInConfig.java,,,,assert,unknown
conf_1632_1,commons-configuration2-2.8.0-src,TestXPathExpressionEngineInConfig,testSetPropertyNewKey_1_oe,src/test/java/org/apache/commons/configuration2/tree/xpath/TestXPathExpressionEngineInConfig.java,,,,assert,unknown
conf_1633_1,commons-configuration2-2.8.0-src,TestXPathExpressionEngineInConfig,testSetPropertyPartlyExisting_1_oe,src/test/java/org/apache/commons/configuration2/tree/xpath/TestXPathExpressionEngineInConfig.java,,,,assert,unknown
conf_1634_1,commons-configuration2-2.8.0-src,TestConfigurationNodeIteratorChildren,testIterateAllChildren_1_oe,src/test/java/org/apache/commons/configuration2/tree/xpath/TestConfigurationNodeIteratorChildren.java,,,,assert,unknown
conf_1635_1,commons-configuration2-2.8.0-src,TestConfigurationNodeIteratorChildren,testIterateReverse_1_oe,src/test/java/org/apache/commons/configuration2/tree/xpath/TestConfigurationNodeIteratorChildren.java,,,,assert,unknown
conf_1636_1,commons-configuration2-2.8.0-src,TestConfigurationNodeIteratorChildren,testIterateStartsWith_1_oe,src/test/java/org/apache/commons/configuration2/tree/xpath/TestConfigurationNodeIteratorChildren.java,,,,assert,unknown
conf_1636_2,commons-configuration2-2.8.0-src,TestConfigurationNodeIteratorChildren,testIterateStartsWith_2_oe,src/test/java/org/apache/commons/configuration2/tree/xpath/TestConfigurationNodeIteratorChildren.java,,,,assert,unknown
conf_1636_3,commons-configuration2-2.8.0-src,TestConfigurationNodeIteratorChildren,testIterateStartsWith_3_oe,src/test/java/org/apache/commons/configuration2/tree/xpath/TestConfigurationNodeIteratorChildren.java,,,,assert,unknown
conf_1637_1,commons-configuration2-2.8.0-src,TestConfigurationNodeIteratorChildren,testIterateStartsWithInvalid_1_oe,src/test/java/org/apache/commons/configuration2/tree/xpath/TestConfigurationNodeIteratorChildren.java,,,,assert,unknown
conf_1637_2,commons-configuration2-2.8.0-src,TestConfigurationNodeIteratorChildren,testIterateStartsWithInvalid_2_oe,src/test/java/org/apache/commons/configuration2/tree/xpath/TestConfigurationNodeIteratorChildren.java,,,,assert,unknown
conf_1638_1,commons-configuration2-2.8.0-src,TestConfigurationNodeIteratorChildren,testIterateStartsWithReverse_1_oe,src/test/java/org/apache/commons/configuration2/tree/xpath/TestConfigurationNodeIteratorChildren.java,,,,assert,unknown
conf_1638_2,commons-configuration2-2.8.0-src,TestConfigurationNodeIteratorChildren,testIterateStartsWithReverse_2_oe,src/test/java/org/apache/commons/configuration2/tree/xpath/TestConfigurationNodeIteratorChildren.java,,,,assert,unknown
conf_1639_1,commons-configuration2-2.8.0-src,TestConfigurationNodeIteratorChildren,testIterateWithMatchingPrefixTest_1_oe,src/test/java/org/apache/commons/configuration2/tree/xpath/TestConfigurationNodeIteratorChildren.java,,,,assert,unknown
conf_1639_2,commons-configuration2-2.8.0-src,TestConfigurationNodeIteratorChildren,testIterateWithMatchingPrefixTest_2_oe,src/test/java/org/apache/commons/configuration2/tree/xpath/TestConfigurationNodeIteratorChildren.java,,,,assert,unknown
conf_1640_1,commons-configuration2-2.8.0-src,TestConfigurationNodeIteratorChildren,testIterateWithNameTest_1_oe,src/test/java/org/apache/commons/configuration2/tree/xpath/TestConfigurationNodeIteratorChildren.java,,,,assert,unknown
conf_1640_2,commons-configuration2-2.8.0-src,TestConfigurationNodeIteratorChildren,testIterateWithNameTest_2_oe,src/test/java/org/apache/commons/configuration2/tree/xpath/TestConfigurationNodeIteratorChildren.java,,,,assert,unknown
conf_1641_1,commons-configuration2-2.8.0-src,TestConfigurationNodeIteratorChildren,testIterateWithNodeType_1_oe,src/test/java/org/apache/commons/configuration2/tree/xpath/TestConfigurationNodeIteratorChildren.java,,,,assert,unknown
conf_1642_1,commons-configuration2-2.8.0-src,TestConfigurationNodeIteratorChildren,testIterateWithPrefixTest_1_oe,src/test/java/org/apache/commons/configuration2/tree/xpath/TestConfigurationNodeIteratorChildren.java,,,,assert,unknown
conf_1642_2,commons-configuration2-2.8.0-src,TestConfigurationNodeIteratorChildren,testIterateWithPrefixTest_2_oe,src/test/java/org/apache/commons/configuration2/tree/xpath/TestConfigurationNodeIteratorChildren.java,,,,assert,unknown
conf_1643_1,commons-configuration2-2.8.0-src,TestConfigurationNodeIteratorChildren,testIterateWithUnknownTest_1_oe,src/test/java/org/apache/commons/configuration2/tree/xpath/TestConfigurationNodeIteratorChildren.java,,,,assert,unknown
conf_1644_1,commons-configuration2-2.8.0-src,TestConfigurationNodeIteratorChildren,testIterateWithUnknownType_1_oe,src/test/java/org/apache/commons/configuration2/tree/xpath/TestConfigurationNodeIteratorChildren.java,,,,assert,unknown
conf_1645_1,commons-configuration2-2.8.0-src,TestConfigurationNodeIteratorChildren,testIterateWithWildcardTest_1_oe,src/test/java/org/apache/commons/configuration2/tree/xpath/TestConfigurationNodeIteratorChildren.java,,,,assert,unknown
conf_1646_1,commons-configuration2-2.8.0-src,TestConfigurationNodeIteratorChildren,testIterateWithWildcardTestPrefix_1_oe,src/test/java/org/apache/commons/configuration2/tree/xpath/TestConfigurationNodeIteratorChildren.java,,,,assert,unknown
conf_1646_2,commons-configuration2-2.8.0-src,TestConfigurationNodeIteratorChildren,testIterateWithWildcardTestPrefix_2_oe,src/test/java/org/apache/commons/configuration2/tree/xpath/TestConfigurationNodeIteratorChildren.java,,,,assert,unknown
conf_1647_1,commons-configuration2-2.8.0-src,TestXPathContextFactory,testCreateContext_1_oe,src/test/java/org/apache/commons/configuration2/tree/xpath/TestXPathContextFactory.java,,,,assert,unknown
conf_1647_2,commons-configuration2-2.8.0-src,TestXPathContextFactory,testCreateContext_2_oe,src/test/java/org/apache/commons/configuration2/tree/xpath/TestXPathContextFactory.java,,,,assert,unknown
conf_1647_3,commons-configuration2-2.8.0-src,TestXPathContextFactory,testCreateContext_3_oe,src/test/java/org/apache/commons/configuration2/tree/xpath/TestXPathContextFactory.java,,,,assert,unknown
conf_1648_1,commons-configuration2-2.8.0-src,TestConfigurationIteratorAttributes,testIterateAllAttributes_1_oe,src/test/java/org/apache/commons/configuration2/tree/xpath/TestConfigurationIteratorAttributes.java,,,,assert,unknown
conf_1648_2,commons-configuration2-2.8.0-src,TestConfigurationIteratorAttributes,testIterateAllAttributes_2_oe,src/test/java/org/apache/commons/configuration2/tree/xpath/TestConfigurationIteratorAttributes.java,,,,assert,unknown
conf_1648_3,commons-configuration2-2.8.0-src,TestConfigurationIteratorAttributes,testIterateAllAttributes_3_oe,src/test/java/org/apache/commons/configuration2/tree/xpath/TestConfigurationIteratorAttributes.java,,,,assert,unknown
conf_1648_4,commons-configuration2-2.8.0-src,TestConfigurationIteratorAttributes,testIterateAllAttributes_4_oe,src/test/java/org/apache/commons/configuration2/tree/xpath/TestConfigurationIteratorAttributes.java,,,,assert,unknown
conf_1649_1,commons-configuration2-2.8.0-src,TestConfigurationIteratorAttributes,testIterateNamespaceAttribute_1_oe,src/test/java/org/apache/commons/configuration2/tree/xpath/TestConfigurationIteratorAttributes.java,,,,assert,unknown
conf_1649_2,commons-configuration2-2.8.0-src,TestConfigurationIteratorAttributes,testIterateNamespaceAttribute_2_oe,src/test/java/org/apache/commons/configuration2/tree/xpath/TestConfigurationIteratorAttributes.java,,,,assert,unknown
conf_1650_1,commons-configuration2-2.8.0-src,TestConfigurationIteratorAttributes,testIterateNamespaceUnknown_1_oe,src/test/java/org/apache/commons/configuration2/tree/xpath/TestConfigurationIteratorAttributes.java,,,,assert,unknown
conf_1651_1,commons-configuration2-2.8.0-src,TestConfigurationIteratorAttributes,testIterateNamespaceWildcard_1_oe,src/test/java/org/apache/commons/configuration2/tree/xpath/TestConfigurationIteratorAttributes.java,,,,assert,unknown
conf_1651_2,commons-configuration2-2.8.0-src,TestConfigurationIteratorAttributes,testIterateNamespaceWildcard_2_oe,src/test/java/org/apache/commons/configuration2/tree/xpath/TestConfigurationIteratorAttributes.java,,,,assert,unknown
conf_1652_1,commons-configuration2-2.8.0-src,TestConfigurationIteratorAttributes,testIterateSpecificAttribute_1_oe,src/test/java/org/apache/commons/configuration2/tree/xpath/TestConfigurationIteratorAttributes.java,,,,assert,unknown
conf_1652_2,commons-configuration2-2.8.0-src,TestConfigurationIteratorAttributes,testIterateSpecificAttribute_2_oe,src/test/java/org/apache/commons/configuration2/tree/xpath/TestConfigurationIteratorAttributes.java,,,,assert,unknown
conf_1653_1,commons-configuration2-2.8.0-src,TestConfigurationIteratorAttributes,testIterateUnknownAttribute_1_oe,src/test/java/org/apache/commons/configuration2/tree/xpath/TestConfigurationIteratorAttributes.java,,,,assert,unknown
conf_1654_1,commons-configuration2-2.8.0-src,TestConfigurationAttributePointer,testAttributeIterator_1_oe,src/test/java/org/apache/commons/configuration2/tree/xpath/TestConfigurationAttributePointer.java,,,,assert,unknown
conf_1655_1,commons-configuration2-2.8.0-src,TestConfigurationAttributePointer,testChildIterator_1_oe,src/test/java/org/apache/commons/configuration2/tree/xpath/TestConfigurationAttributePointer.java,,,,assert,unknown
conf_1656_1,commons-configuration2-2.8.0-src,TestConfigurationAttributePointer,testGetBaseValue_1_oe,src/test/java/org/apache/commons/configuration2/tree/xpath/TestConfigurationAttributePointer.java,,,,assert,unknown
conf_1657_1,commons-configuration2-2.8.0-src,TestConfigurationAttributePointer,testGetImmediateNode_1_oe,src/test/java/org/apache/commons/configuration2/tree/xpath/TestConfigurationAttributePointer.java,,,,assert,unknown
conf_1657_2,commons-configuration2-2.8.0-src,TestConfigurationAttributePointer,testGetImmediateNode_2_oe,src/test/java/org/apache/commons/configuration2/tree/xpath/TestConfigurationAttributePointer.java,,,,assert,unknown
conf_1657_3,commons-configuration2-2.8.0-src,TestConfigurationAttributePointer,testGetImmediateNode_3_oe,src/test/java/org/apache/commons/configuration2/tree/xpath/TestConfigurationAttributePointer.java,,,,assert,unknown
conf_1657_4,commons-configuration2-2.8.0-src,TestConfigurationAttributePointer,testGetImmediateNode_4_oe,src/test/java/org/apache/commons/configuration2/tree/xpath/TestConfigurationAttributePointer.java,,,,assert,unknown
conf_1658_1,commons-configuration2-2.8.0-src,TestConfigurationAttributePointer,testGetLength_1_oe,src/test/java/org/apache/commons/configuration2/tree/xpath/TestConfigurationAttributePointer.java,,,,assert,unknown
conf_1659_1,commons-configuration2-2.8.0-src,TestConfigurationAttributePointer,testGetName_1_oe,src/test/java/org/apache/commons/configuration2/tree/xpath/TestConfigurationAttributePointer.java,,,,assert,unknown
conf_1659_2,commons-configuration2-2.8.0-src,TestConfigurationAttributePointer,testGetName_2_oe,src/test/java/org/apache/commons/configuration2/tree/xpath/TestConfigurationAttributePointer.java,,,,assert,unknown
conf_1660_1,commons-configuration2-2.8.0-src,TestConfigurationAttributePointer,testGetParentPointer_1_oe,src/test/java/org/apache/commons/configuration2/tree/xpath/TestConfigurationAttributePointer.java,,,,assert,unknown
conf_1661_1,commons-configuration2-2.8.0-src,TestConfigurationAttributePointer,testGetValue_1_oe,src/test/java/org/apache/commons/configuration2/tree/xpath/TestConfigurationAttributePointer.java,,,,assert,unknown
conf_1662_1,commons-configuration2-2.8.0-src,TestConfigurationAttributePointer,testIsAttribute_1_oe,src/test/java/org/apache/commons/configuration2/tree/xpath/TestConfigurationAttributePointer.java,,,,assert,unknown
conf_1663_1,commons-configuration2-2.8.0-src,TestConfigurationAttributePointer,testIsCollection_1_oe,src/test/java/org/apache/commons/configuration2/tree/xpath/TestConfigurationAttributePointer.java,,,,assert,unknown
conf_1664_1,commons-configuration2-2.8.0-src,TestConfigurationAttributePointer,testIsLeaf_1_oe,src/test/java/org/apache/commons/configuration2/tree/xpath/TestConfigurationAttributePointer.java,,,,assert,unknown
conf_1665_1,commons-configuration2-2.8.0-src,TestConfigurationAttributePointer,testTestNode_1_oe,src/test/java/org/apache/commons/configuration2/tree/xpath/TestConfigurationAttributePointer.java,,,,assert,unknown
conf_1665_2,commons-configuration2-2.8.0-src,TestConfigurationAttributePointer,testTestNode_2_oe,src/test/java/org/apache/commons/configuration2/tree/xpath/TestConfigurationAttributePointer.java,,,,assert,unknown
conf_1666_1,commons-configuration2-2.8.0-src,TestConfigurationNodePointer,testCompareChildNodePointersAttributes_1_oe,src/test/java/org/apache/commons/configuration2/tree/xpath/TestConfigurationNodePointer.java,,,,assert,unknown
conf_1666_2,commons-configuration2-2.8.0-src,TestConfigurationNodePointer,testCompareChildNodePointersAttributes_2_oe,src/test/java/org/apache/commons/configuration2/tree/xpath/TestConfigurationNodePointer.java,,,,assert,unknown
conf_1667_1,commons-configuration2-2.8.0-src,TestConfigurationNodePointer,testCompareChildNodePointersChildren_1_oe,src/test/java/org/apache/commons/configuration2/tree/xpath/TestConfigurationNodePointer.java,,,,assert,unknown
conf_1667_2,commons-configuration2-2.8.0-src,TestConfigurationNodePointer,testCompareChildNodePointersChildren_2_oe,src/test/java/org/apache/commons/configuration2/tree/xpath/TestConfigurationNodePointer.java,,,,assert,unknown
conf_1668_1,commons-configuration2-2.8.0-src,TestConfigurationNodePointer,testIsAttribute_1_oe,src/test/java/org/apache/commons/configuration2/tree/xpath/TestConfigurationNodePointer.java,,,,assert,unknown
conf_1669_1,commons-configuration2-2.8.0-src,TestConfigurationNodePointer,testIsLeafTrue_1_oe,src/test/java/org/apache/commons/configuration2/tree/xpath/TestConfigurationNodePointer.java,,,,assert,unknown
conf_1670_1,commons-configuration2-2.8.0-src,TestConfigurationNodePointer,testIsLeave_1_oe,src/test/java/org/apache/commons/configuration2/tree/xpath/TestConfigurationNodePointer.java,,,,assert,unknown
conf_1671_1,commons-configuration2-2.8.0-src,TestPropertyListConfiguration,testAddDataProperty_1_oe,src/test/java/org/apache/commons/configuration2/plist/TestPropertyListConfiguration.java,,,,assert,unknown
conf_1671_2,commons-configuration2-2.8.0-src,TestPropertyListConfiguration,testAddDataProperty_2_oe,src/test/java/org/apache/commons/configuration2/plist/TestPropertyListConfiguration.java,,,,assert,unknown
conf_1671_3,commons-configuration2-2.8.0-src,TestPropertyListConfiguration,testAddDataProperty_3_oe,src/test/java/org/apache/commons/configuration2/plist/TestPropertyListConfiguration.java,,,,assert,unknown
conf_1672_1,commons-configuration2-2.8.0-src,TestPropertyListConfiguration,testArray_1_oe,src/test/java/org/apache/commons/configuration2/plist/TestPropertyListConfiguration.java,,,,assert,unknown
conf_1672_2,commons-configuration2-2.8.0-src,TestPropertyListConfiguration,testArray_2_oe,src/test/java/org/apache/commons/configuration2/plist/TestPropertyListConfiguration.java,,,,assert,unknown
conf_1672_3,commons-configuration2-2.8.0-src,TestPropertyListConfiguration,testArray_3_oe,src/test/java/org/apache/commons/configuration2/plist/TestPropertyListConfiguration.java,,,,assert,unknown
conf_1672_4,commons-configuration2-2.8.0-src,TestPropertyListConfiguration,testArray_4_oe,src/test/java/org/apache/commons/configuration2/plist/TestPropertyListConfiguration.java,,,,assert,unknown
conf_1672_5,commons-configuration2-2.8.0-src,TestPropertyListConfiguration,testArray_5_oe,src/test/java/org/apache/commons/configuration2/plist/TestPropertyListConfiguration.java,,,,assert,unknown
conf_1673_1,commons-configuration2-2.8.0-src,TestPropertyListConfiguration,testData_1_oe,src/test/java/org/apache/commons/configuration2/plist/TestPropertyListConfiguration.java,,,,assert,unknown
conf_1674_1,commons-configuration2-2.8.0-src,TestPropertyListConfiguration,testDate_1_oe,src/test/java/org/apache/commons/configuration2/plist/TestPropertyListConfiguration.java,,,,assert,unknown
conf_1675_1,commons-configuration2-2.8.0-src,TestPropertyListConfiguration,testDictionary_1_oe,src/test/java/org/apache/commons/configuration2/plist/TestPropertyListConfiguration.java,,,,assert,unknown
conf_1675_2,commons-configuration2-2.8.0-src,TestPropertyListConfiguration,testDictionary_2_oe,src/test/java/org/apache/commons/configuration2/plist/TestPropertyListConfiguration.java,,,,assert,unknown
conf_1676_1,commons-configuration2-2.8.0-src,TestPropertyListConfiguration,testDictionaryArray_1_oe,src/test/java/org/apache/commons/configuration2/plist/TestPropertyListConfiguration.java,,,,assert,unknown
conf_1676_2,commons-configuration2-2.8.0-src,TestPropertyListConfiguration,testDictionaryArray_2_oe,src/test/java/org/apache/commons/configuration2/plist/TestPropertyListConfiguration.java,,,,assert,unknown
conf_1676_3,commons-configuration2-2.8.0-src,TestPropertyListConfiguration,testDictionaryArray_3_oe,src/test/java/org/apache/commons/configuration2/plist/TestPropertyListConfiguration.java,,,,assert,unknown
conf_1676_4,commons-configuration2-2.8.0-src,TestPropertyListConfiguration,testDictionaryArray_4_oe,src/test/java/org/apache/commons/configuration2/plist/TestPropertyListConfiguration.java,,,,assert,unknown
conf_1676_5,commons-configuration2-2.8.0-src,TestPropertyListConfiguration,testDictionaryArray_5_oe,src/test/java/org/apache/commons/configuration2/plist/TestPropertyListConfiguration.java,,,,assert,unknown
conf_1676_6,commons-configuration2-2.8.0-src,TestPropertyListConfiguration,testDictionaryArray_6_oe,src/test/java/org/apache/commons/configuration2/plist/TestPropertyListConfiguration.java,,,,assert,unknown
conf_1676_7,commons-configuration2-2.8.0-src,TestPropertyListConfiguration,testDictionaryArray_7_oe,src/test/java/org/apache/commons/configuration2/plist/TestPropertyListConfiguration.java,,,,assert,unknown
conf_1677_1,commons-configuration2-2.8.0-src,TestPropertyListConfiguration,testEmptyArray_1_oe,src/test/java/org/apache/commons/configuration2/plist/TestPropertyListConfiguration.java,,,,assert,unknown
conf_1677_2,commons-configuration2-2.8.0-src,TestPropertyListConfiguration,testEmptyArray_2_oe,src/test/java/org/apache/commons/configuration2/plist/TestPropertyListConfiguration.java,,,,assert,unknown
conf_1678_1,commons-configuration2-2.8.0-src,TestPropertyListConfiguration,testFormatDate_1_oe,src/test/java/org/apache/commons/configuration2/plist/TestPropertyListConfiguration.java,,,,assert,unknown
conf_1678_2,commons-configuration2-2.8.0-src,TestPropertyListConfiguration,testFormatDate_2_oe,src/test/java/org/apache/commons/configuration2/plist/TestPropertyListConfiguration.java,,,,assert,unknown
conf_1679_1,commons-configuration2-2.8.0-src,TestPropertyListConfiguration,testInitCopy_1_oe,src/test/java/org/apache/commons/configuration2/plist/TestPropertyListConfiguration.java,,,,assert,unknown
conf_1680_1,commons-configuration2-2.8.0-src,TestPropertyListConfiguration,testLoad_1_oe,src/test/java/org/apache/commons/configuration2/plist/TestPropertyListConfiguration.java,,,,assert,unknown
conf_1681_2,commons-configuration2-2.8.0-src,TestPropertyListConfiguration,testLoadWithError_2_oe,src/test/java/org/apache/commons/configuration2/plist/TestPropertyListConfiguration.java,,,,assert,unknown
conf_1682_1,commons-configuration2-2.8.0-src,TestPropertyListConfiguration,testNestedArrays_1_oe,src/test/java/org/apache/commons/configuration2/plist/TestPropertyListConfiguration.java,,,,assert,unknown
conf_1682_2,commons-configuration2-2.8.0-src,TestPropertyListConfiguration,testNestedArrays_2_oe,src/test/java/org/apache/commons/configuration2/plist/TestPropertyListConfiguration.java,,,,assert,unknown
conf_1682_3,commons-configuration2-2.8.0-src,TestPropertyListConfiguration,testNestedArrays_3_oe,src/test/java/org/apache/commons/configuration2/plist/TestPropertyListConfiguration.java,,,,assert,unknown
conf_1682_4,commons-configuration2-2.8.0-src,TestPropertyListConfiguration,testNestedArrays_4_oe,src/test/java/org/apache/commons/configuration2/plist/TestPropertyListConfiguration.java,,,,assert,unknown
conf_1682_5,commons-configuration2-2.8.0-src,TestPropertyListConfiguration,testNestedArrays_5_oe,src/test/java/org/apache/commons/configuration2/plist/TestPropertyListConfiguration.java,,,,assert,unknown
conf_1682_6,commons-configuration2-2.8.0-src,TestPropertyListConfiguration,testNestedArrays_6_oe,src/test/java/org/apache/commons/configuration2/plist/TestPropertyListConfiguration.java,,,,assert,unknown
conf_1682_7,commons-configuration2-2.8.0-src,TestPropertyListConfiguration,testNestedArrays_7_oe,src/test/java/org/apache/commons/configuration2/plist/TestPropertyListConfiguration.java,,,,assert,unknown
conf_1682_8,commons-configuration2-2.8.0-src,TestPropertyListConfiguration,testNestedArrays_8_oe,src/test/java/org/apache/commons/configuration2/plist/TestPropertyListConfiguration.java,,,,assert,unknown
conf_1682_9,commons-configuration2-2.8.0-src,TestPropertyListConfiguration,testNestedArrays_9_oe,src/test/java/org/apache/commons/configuration2/plist/TestPropertyListConfiguration.java,,,,assert,unknown
conf_1682_10,commons-configuration2-2.8.0-src,TestPropertyListConfiguration,testNestedArrays_10_oe,src/test/java/org/apache/commons/configuration2/plist/TestPropertyListConfiguration.java,,,,assert,unknown
conf_1682_11,commons-configuration2-2.8.0-src,TestPropertyListConfiguration,testNestedArrays_11_oe,src/test/java/org/apache/commons/configuration2/plist/TestPropertyListConfiguration.java,,,,assert,unknown
conf_1683_1,commons-configuration2-2.8.0-src,TestPropertyListConfiguration,testNestedDictionaries_1_oe,src/test/java/org/apache/commons/configuration2/plist/TestPropertyListConfiguration.java,,,,assert,unknown
conf_1684_1,commons-configuration2-2.8.0-src,TestPropertyListConfiguration,testQuotedString_1_oe,src/test/java/org/apache/commons/configuration2/plist/TestPropertyListConfiguration.java,,,,assert,unknown
conf_1684_2,commons-configuration2-2.8.0-src,TestPropertyListConfiguration,testQuotedString_2_oe,src/test/java/org/apache/commons/configuration2/plist/TestPropertyListConfiguration.java,,,,assert,unknown
conf_1684_3,commons-configuration2-2.8.0-src,TestPropertyListConfiguration,testQuotedString_3_oe,src/test/java/org/apache/commons/configuration2/plist/TestPropertyListConfiguration.java,,,,assert,unknown
conf_1685_1,commons-configuration2-2.8.0-src,TestPropertyListConfiguration,testQuoteString_1_oe,src/test/java/org/apache/commons/configuration2/plist/TestPropertyListConfiguration.java,,,,assert,unknown
conf_1685_2,commons-configuration2-2.8.0-src,TestPropertyListConfiguration,testQuoteString_2_oe,src/test/java/org/apache/commons/configuration2/plist/TestPropertyListConfiguration.java,,,,assert,unknown
conf_1685_3,commons-configuration2-2.8.0-src,TestPropertyListConfiguration,testQuoteString_3_oe,src/test/java/org/apache/commons/configuration2/plist/TestPropertyListConfiguration.java,,,,assert,unknown
conf_1685_4,commons-configuration2-2.8.0-src,TestPropertyListConfiguration,testQuoteString_4_oe,src/test/java/org/apache/commons/configuration2/plist/TestPropertyListConfiguration.java,,,,assert,unknown
conf_1685_5,commons-configuration2-2.8.0-src,TestPropertyListConfiguration,testQuoteString_5_oe,src/test/java/org/apache/commons/configuration2/plist/TestPropertyListConfiguration.java,,,,assert,unknown
conf_1686_1,commons-configuration2-2.8.0-src,TestPropertyListConfiguration,testSave_1_oe,src/test/java/org/apache/commons/configuration2/plist/TestPropertyListConfiguration.java,,,,assert,unknown
conf_1686_2,commons-configuration2-2.8.0-src,TestPropertyListConfiguration,testSave_2_oe,src/test/java/org/apache/commons/configuration2/plist/TestPropertyListConfiguration.java,,,,assert,unknown
conf_1686_3,commons-configuration2-2.8.0-src,TestPropertyListConfiguration,testSave_3_oe,src/test/java/org/apache/commons/configuration2/plist/TestPropertyListConfiguration.java,,,,assert,unknown
conf_1686_4,commons-configuration2-2.8.0-src,TestPropertyListConfiguration,testSave_4_oe,src/test/java/org/apache/commons/configuration2/plist/TestPropertyListConfiguration.java,,,,assert,unknown
conf_1686_5,commons-configuration2-2.8.0-src,TestPropertyListConfiguration,testSave_5_oe,src/test/java/org/apache/commons/configuration2/plist/TestPropertyListConfiguration.java,,,,assert,unknown
conf_1686_6,commons-configuration2-2.8.0-src,TestPropertyListConfiguration,testSave_6_oe,src/test/java/org/apache/commons/configuration2/plist/TestPropertyListConfiguration.java,,,,assert,unknown
conf_1686_7,commons-configuration2-2.8.0-src,TestPropertyListConfiguration,testSave_7_oe,src/test/java/org/apache/commons/configuration2/plist/TestPropertyListConfiguration.java,,,,assert,unknown
conf_1686_8,commons-configuration2-2.8.0-src,TestPropertyListConfiguration,testSave_8_oe,src/test/java/org/apache/commons/configuration2/plist/TestPropertyListConfiguration.java,,,,assert,unknown
conf_1687_1,commons-configuration2-2.8.0-src,TestPropertyListConfiguration,testSaveEmptyDictionary_1_oe,src/test/java/org/apache/commons/configuration2/plist/TestPropertyListConfiguration.java,,,,assert,unknown
conf_1687_2,commons-configuration2-2.8.0-src,TestPropertyListConfiguration,testSaveEmptyDictionary_2_oe,src/test/java/org/apache/commons/configuration2/plist/TestPropertyListConfiguration.java,,,,assert,unknown
conf_1687_3,commons-configuration2-2.8.0-src,TestPropertyListConfiguration,testSaveEmptyDictionary_3_oe,src/test/java/org/apache/commons/configuration2/plist/TestPropertyListConfiguration.java,,,,assert,unknown
conf_1688_1,commons-configuration2-2.8.0-src,TestPropertyListConfiguration,testSetDataProperty_1_oe,src/test/java/org/apache/commons/configuration2/plist/TestPropertyListConfiguration.java,,,,assert,unknown
conf_1688_2,commons-configuration2-2.8.0-src,TestPropertyListConfiguration,testSetDataProperty_2_oe,src/test/java/org/apache/commons/configuration2/plist/TestPropertyListConfiguration.java,,,,assert,unknown
conf_1688_3,commons-configuration2-2.8.0-src,TestPropertyListConfiguration,testSetDataProperty_3_oe,src/test/java/org/apache/commons/configuration2/plist/TestPropertyListConfiguration.java,,,,assert,unknown
conf_1689_1,commons-configuration2-2.8.0-src,TestPropertyListConfiguration,testString_1_oe,src/test/java/org/apache/commons/configuration2/plist/TestPropertyListConfiguration.java,,,,assert,unknown
conf_1690_1,commons-configuration2-2.8.0-src,TestPropertyListParser,testFilterData_1_oe,src/test/java/org/apache/commons/configuration2/plist/TestPropertyListParser.java,,,,assert,unknown
conf_1690_2,commons-configuration2-2.8.0-src,TestPropertyListParser,testFilterData_2_oe,src/test/java/org/apache/commons/configuration2/plist/TestPropertyListParser.java,,,,assert,unknown
conf_1690_3,commons-configuration2-2.8.0-src,TestPropertyListParser,testFilterData_3_oe,src/test/java/org/apache/commons/configuration2/plist/TestPropertyListParser.java,,,,assert,unknown
conf_1690_4,commons-configuration2-2.8.0-src,TestPropertyListParser,testFilterData_4_oe,src/test/java/org/apache/commons/configuration2/plist/TestPropertyListParser.java,,,,assert,unknown
conf_1690_5,commons-configuration2-2.8.0-src,TestPropertyListParser,testFilterData_5_oe,src/test/java/org/apache/commons/configuration2/plist/TestPropertyListParser.java,,,,assert,unknown
conf_1691_1,commons-configuration2-2.8.0-src,TestPropertyListParser,testParseDate_1_oe,src/test/java/org/apache/commons/configuration2/plist/TestPropertyListParser.java,,,,assert,unknown
conf_1692_1,commons-configuration2-2.8.0-src,TestPropertyListParser,testRemoveQuotes_1_oe,src/test/java/org/apache/commons/configuration2/plist/TestPropertyListParser.java,,,,assert,unknown
conf_1692_2,commons-configuration2-2.8.0-src,TestPropertyListParser,testRemoveQuotes_2_oe,src/test/java/org/apache/commons/configuration2/plist/TestPropertyListParser.java,,,,assert,unknown
conf_1692_3,commons-configuration2-2.8.0-src,TestPropertyListParser,testRemoveQuotes_3_oe,src/test/java/org/apache/commons/configuration2/plist/TestPropertyListParser.java,,,,assert,unknown
conf_1692_4,commons-configuration2-2.8.0-src,TestPropertyListParser,testRemoveQuotes_4_oe,src/test/java/org/apache/commons/configuration2/plist/TestPropertyListParser.java,,,,assert,unknown
conf_1692_5,commons-configuration2-2.8.0-src,TestPropertyListParser,testRemoveQuotes_5_oe,src/test/java/org/apache/commons/configuration2/plist/TestPropertyListParser.java,,,,assert,unknown
conf_1693_1,commons-configuration2-2.8.0-src,TestPropertyListParser,testUnescapeQuotes_1_oe,src/test/java/org/apache/commons/configuration2/plist/TestPropertyListParser.java,,,,assert,unknown
conf_1693_2,commons-configuration2-2.8.0-src,TestPropertyListParser,testUnescapeQuotes_2_oe,src/test/java/org/apache/commons/configuration2/plist/TestPropertyListParser.java,,,,assert,unknown
conf_1694_1,commons-configuration2-2.8.0-src,TestXMLPropertyListConfiguration,testAddDataProperty_1_oe,src/test/java/org/apache/commons/configuration2/plist/TestXMLPropertyListConfiguration.java,,,,assert,unknown
conf_1694_2,commons-configuration2-2.8.0-src,TestXMLPropertyListConfiguration,testAddDataProperty_2_oe,src/test/java/org/apache/commons/configuration2/plist/TestXMLPropertyListConfiguration.java,,,,assert,unknown
conf_1694_3,commons-configuration2-2.8.0-src,TestXMLPropertyListConfiguration,testAddDataProperty_3_oe,src/test/java/org/apache/commons/configuration2/plist/TestXMLPropertyListConfiguration.java,,,,assert,unknown
conf_1695_1,commons-configuration2-2.8.0-src,TestXMLPropertyListConfiguration,testArray_1_oe,src/test/java/org/apache/commons/configuration2/plist/TestXMLPropertyListConfiguration.java,,,,assert,unknown
conf_1695_2,commons-configuration2-2.8.0-src,TestXMLPropertyListConfiguration,testArray_2_oe,src/test/java/org/apache/commons/configuration2/plist/TestXMLPropertyListConfiguration.java,,,,assert,unknown
conf_1695_3,commons-configuration2-2.8.0-src,TestXMLPropertyListConfiguration,testArray_3_oe,src/test/java/org/apache/commons/configuration2/plist/TestXMLPropertyListConfiguration.java,,,,assert,unknown
conf_1695_4,commons-configuration2-2.8.0-src,TestXMLPropertyListConfiguration,testArray_4_oe,src/test/java/org/apache/commons/configuration2/plist/TestXMLPropertyListConfiguration.java,,,,assert,unknown
conf_1695_5,commons-configuration2-2.8.0-src,TestXMLPropertyListConfiguration,testArray_5_oe,src/test/java/org/apache/commons/configuration2/plist/TestXMLPropertyListConfiguration.java,,,,assert,unknown
conf_1695_6,commons-configuration2-2.8.0-src,TestXMLPropertyListConfiguration,testArray_6_oe,src/test/java/org/apache/commons/configuration2/plist/TestXMLPropertyListConfiguration.java,,,,assert,unknown
conf_1696_1,commons-configuration2-2.8.0-src,TestXMLPropertyListConfiguration,testBoolean_1_oe,src/test/java/org/apache/commons/configuration2/plist/TestXMLPropertyListConfiguration.java,,,,assert,unknown
conf_1696_2,commons-configuration2-2.8.0-src,TestXMLPropertyListConfiguration,testBoolean_2_oe,src/test/java/org/apache/commons/configuration2/plist/TestXMLPropertyListConfiguration.java,,,,assert,unknown
conf_1697_1,commons-configuration2-2.8.0-src,TestXMLPropertyListConfiguration,testDate_1_oe,src/test/java/org/apache/commons/configuration2/plist/TestXMLPropertyListConfiguration.java,,,,assert,unknown
conf_1697_2,commons-configuration2-2.8.0-src,TestXMLPropertyListConfiguration,testDate_2_oe,src/test/java/org/apache/commons/configuration2/plist/TestXMLPropertyListConfiguration.java,,,,assert,unknown
conf_1698_1,commons-configuration2-2.8.0-src,TestXMLPropertyListConfiguration,testDictionary_1_oe,src/test/java/org/apache/commons/configuration2/plist/TestXMLPropertyListConfiguration.java,,,,assert,unknown
conf_1698_2,commons-configuration2-2.8.0-src,TestXMLPropertyListConfiguration,testDictionary_2_oe,src/test/java/org/apache/commons/configuration2/plist/TestXMLPropertyListConfiguration.java,,,,assert,unknown
conf_1698_3,commons-configuration2-2.8.0-src,TestXMLPropertyListConfiguration,testDictionary_3_oe,src/test/java/org/apache/commons/configuration2/plist/TestXMLPropertyListConfiguration.java,,,,assert,unknown
conf_1699_1,commons-configuration2-2.8.0-src,TestXMLPropertyListConfiguration,testDictionaryArray_1_oe,src/test/java/org/apache/commons/configuration2/plist/TestXMLPropertyListConfiguration.java,,,,assert,unknown
conf_1699_2,commons-configuration2-2.8.0-src,TestXMLPropertyListConfiguration,testDictionaryArray_2_oe,src/test/java/org/apache/commons/configuration2/plist/TestXMLPropertyListConfiguration.java,,,,assert,unknown
conf_1699_3,commons-configuration2-2.8.0-src,TestXMLPropertyListConfiguration,testDictionaryArray_3_oe,src/test/java/org/apache/commons/configuration2/plist/TestXMLPropertyListConfiguration.java,,,,assert,unknown
conf_1699_4,commons-configuration2-2.8.0-src,TestXMLPropertyListConfiguration,testDictionaryArray_4_oe,src/test/java/org/apache/commons/configuration2/plist/TestXMLPropertyListConfiguration.java,,,,assert,unknown
conf_1699_5,commons-configuration2-2.8.0-src,TestXMLPropertyListConfiguration,testDictionaryArray_5_oe,src/test/java/org/apache/commons/configuration2/plist/TestXMLPropertyListConfiguration.java,,,,assert,unknown
conf_1699_6,commons-configuration2-2.8.0-src,TestXMLPropertyListConfiguration,testDictionaryArray_6_oe,src/test/java/org/apache/commons/configuration2/plist/TestXMLPropertyListConfiguration.java,,,,assert,unknown
conf_1699_7,commons-configuration2-2.8.0-src,TestXMLPropertyListConfiguration,testDictionaryArray_7_oe,src/test/java/org/apache/commons/configuration2/plist/TestXMLPropertyListConfiguration.java,,,,assert,unknown
conf_1700_1,commons-configuration2-2.8.0-src,TestXMLPropertyListConfiguration,testInitCopy_1_oe,src/test/java/org/apache/commons/configuration2/plist/TestXMLPropertyListConfiguration.java,,,,assert,unknown
conf_1701_1,commons-configuration2-2.8.0-src,TestXMLPropertyListConfiguration,testInteger_1_oe,src/test/java/org/apache/commons/configuration2/plist/TestXMLPropertyListConfiguration.java,,,,assert,unknown
conf_1702_1,commons-configuration2-2.8.0-src,TestXMLPropertyListConfiguration,testLoadNoDict_1_oe,src/test/java/org/apache/commons/configuration2/plist/TestXMLPropertyListConfiguration.java,,,,assert,unknown
conf_1703_1,commons-configuration2-2.8.0-src,TestXMLPropertyListConfiguration,testLoadNoDictConstr_1_oe,src/test/java/org/apache/commons/configuration2/plist/TestXMLPropertyListConfiguration.java,,,,assert,unknown
conf_1704_1,commons-configuration2-2.8.0-src,TestXMLPropertyListConfiguration,testNested_1_oe,src/test/java/org/apache/commons/configuration2/plist/TestXMLPropertyListConfiguration.java,,,,assert,unknown
conf_1705_1,commons-configuration2-2.8.0-src,TestXMLPropertyListConfiguration,testNestedArray_1_oe,src/test/java/org/apache/commons/configuration2/plist/TestXMLPropertyListConfiguration.java,,,,assert,unknown
conf_1705_2,commons-configuration2-2.8.0-src,TestXMLPropertyListConfiguration,testNestedArray_2_oe,src/test/java/org/apache/commons/configuration2/plist/TestXMLPropertyListConfiguration.java,,,,assert,unknown
conf_1705_3,commons-configuration2-2.8.0-src,TestXMLPropertyListConfiguration,testNestedArray_3_oe,src/test/java/org/apache/commons/configuration2/plist/TestXMLPropertyListConfiguration.java,,,,assert,unknown
conf_1705_4,commons-configuration2-2.8.0-src,TestXMLPropertyListConfiguration,testNestedArray_4_oe,src/test/java/org/apache/commons/configuration2/plist/TestXMLPropertyListConfiguration.java,,,,assert,unknown
conf_1705_5,commons-configuration2-2.8.0-src,TestXMLPropertyListConfiguration,testNestedArray_5_oe,src/test/java/org/apache/commons/configuration2/plist/TestXMLPropertyListConfiguration.java,,,,assert,unknown
conf_1705_6,commons-configuration2-2.8.0-src,TestXMLPropertyListConfiguration,testNestedArray_6_oe,src/test/java/org/apache/commons/configuration2/plist/TestXMLPropertyListConfiguration.java,,,,assert,unknown
conf_1705_7,commons-configuration2-2.8.0-src,TestXMLPropertyListConfiguration,testNestedArray_7_oe,src/test/java/org/apache/commons/configuration2/plist/TestXMLPropertyListConfiguration.java,,,,assert,unknown
conf_1705_8,commons-configuration2-2.8.0-src,TestXMLPropertyListConfiguration,testNestedArray_8_oe,src/test/java/org/apache/commons/configuration2/plist/TestXMLPropertyListConfiguration.java,,,,assert,unknown
conf_1705_9,commons-configuration2-2.8.0-src,TestXMLPropertyListConfiguration,testNestedArray_9_oe,src/test/java/org/apache/commons/configuration2/plist/TestXMLPropertyListConfiguration.java,,,,assert,unknown
conf_1705_10,commons-configuration2-2.8.0-src,TestXMLPropertyListConfiguration,testNestedArray_10_oe,src/test/java/org/apache/commons/configuration2/plist/TestXMLPropertyListConfiguration.java,,,,assert,unknown
conf_1705_11,commons-configuration2-2.8.0-src,TestXMLPropertyListConfiguration,testNestedArray_11_oe,src/test/java/org/apache/commons/configuration2/plist/TestXMLPropertyListConfiguration.java,,,,assert,unknown
conf_1706_1,commons-configuration2-2.8.0-src,TestXMLPropertyListConfiguration,testReal_1_oe,src/test/java/org/apache/commons/configuration2/plist/TestXMLPropertyListConfiguration.java,,,,assert,unknown
conf_1707_1,commons-configuration2-2.8.0-src,TestXMLPropertyListConfiguration,testSave_1_oe,src/test/java/org/apache/commons/configuration2/plist/TestXMLPropertyListConfiguration.java,,,,assert,unknown
conf_1707_2,commons-configuration2-2.8.0-src,TestXMLPropertyListConfiguration,testSave_2_oe,src/test/java/org/apache/commons/configuration2/plist/TestXMLPropertyListConfiguration.java,,,,assert,unknown
conf_1707_3,commons-configuration2-2.8.0-src,TestXMLPropertyListConfiguration,testSave_3_oe,src/test/java/org/apache/commons/configuration2/plist/TestXMLPropertyListConfiguration.java,,,,assert,unknown
conf_1707_4,commons-configuration2-2.8.0-src,TestXMLPropertyListConfiguration,testSave_4_oe,src/test/java/org/apache/commons/configuration2/plist/TestXMLPropertyListConfiguration.java,,,,assert,unknown
conf_1707_5,commons-configuration2-2.8.0-src,TestXMLPropertyListConfiguration,testSave_5_oe,src/test/java/org/apache/commons/configuration2/plist/TestXMLPropertyListConfiguration.java,,,,assert,unknown
conf_1707_6,commons-configuration2-2.8.0-src,TestXMLPropertyListConfiguration,testSave_6_oe,src/test/java/org/apache/commons/configuration2/plist/TestXMLPropertyListConfiguration.java,,,,assert,unknown
conf_1707_7,commons-configuration2-2.8.0-src,TestXMLPropertyListConfiguration,testSave_7_oe,src/test/java/org/apache/commons/configuration2/plist/TestXMLPropertyListConfiguration.java,,,,assert,unknown
conf_1707_8,commons-configuration2-2.8.0-src,TestXMLPropertyListConfiguration,testSave_8_oe,src/test/java/org/apache/commons/configuration2/plist/TestXMLPropertyListConfiguration.java,,,,assert,unknown
conf_1708_1,commons-configuration2-2.8.0-src,TestXMLPropertyListConfiguration,testSaveEmptyDictionary_1_oe,src/test/java/org/apache/commons/configuration2/plist/TestXMLPropertyListConfiguration.java,,,,assert,unknown
conf_1708_2,commons-configuration2-2.8.0-src,TestXMLPropertyListConfiguration,testSaveEmptyDictionary_2_oe,src/test/java/org/apache/commons/configuration2/plist/TestXMLPropertyListConfiguration.java,,,,assert,unknown
conf_1708_3,commons-configuration2-2.8.0-src,TestXMLPropertyListConfiguration,testSaveEmptyDictionary_3_oe,src/test/java/org/apache/commons/configuration2/plist/TestXMLPropertyListConfiguration.java,,,,assert,unknown
conf_1709_1,commons-configuration2-2.8.0-src,TestXMLPropertyListConfiguration,testSaveNoEncoding_1_oe,src/test/java/org/apache/commons/configuration2/plist/TestXMLPropertyListConfiguration.java,,,,assert,unknown
conf_1710_1,commons-configuration2-2.8.0-src,TestXMLPropertyListConfiguration,testSaveWithEncoding_1_oe,src/test/java/org/apache/commons/configuration2/plist/TestXMLPropertyListConfiguration.java,,,,assert,unknown
conf_1711_1,commons-configuration2-2.8.0-src,TestXMLPropertyListConfiguration,testSetDataProperty_1_oe,src/test/java/org/apache/commons/configuration2/plist/TestXMLPropertyListConfiguration.java,,,,assert,unknown
conf_1711_2,commons-configuration2-2.8.0-src,TestXMLPropertyListConfiguration,testSetDataProperty_2_oe,src/test/java/org/apache/commons/configuration2/plist/TestXMLPropertyListConfiguration.java,,,,assert,unknown
conf_1711_3,commons-configuration2-2.8.0-src,TestXMLPropertyListConfiguration,testSetDataProperty_3_oe,src/test/java/org/apache/commons/configuration2/plist/TestXMLPropertyListConfiguration.java,,,,assert,unknown
conf_1712_1,commons-configuration2-2.8.0-src,TestXMLPropertyListConfiguration,testSetDatePropertyInvalid_1_oe,src/test/java/org/apache/commons/configuration2/plist/TestXMLPropertyListConfiguration.java,,,,assert,unknown
conf_1712_2,commons-configuration2-2.8.0-src,TestXMLPropertyListConfiguration,testSetDatePropertyInvalid_2_oe,src/test/java/org/apache/commons/configuration2/plist/TestXMLPropertyListConfiguration.java,,,,assert,unknown
conf_1713_1,commons-configuration2-2.8.0-src,TestXMLPropertyListConfiguration,testString_1_oe,src/test/java/org/apache/commons/configuration2/plist/TestXMLPropertyListConfiguration.java,,,,assert,unknown
conf_1714_1,commons-configuration2-2.8.0-src,TestXMLPropertyListConfiguration,testSubset_1_oe,src/test/java/org/apache/commons/configuration2/plist/TestXMLPropertyListConfiguration.java,,,,assert,unknown
conf_1714_2,commons-configuration2-2.8.0-src,TestXMLPropertyListConfiguration,testSubset_2_oe,src/test/java/org/apache/commons/configuration2/plist/TestXMLPropertyListConfiguration.java,,,,assert,unknown
conf_1714_3,commons-configuration2-2.8.0-src,TestXMLPropertyListConfiguration,testSubset_3_oe,src/test/java/org/apache/commons/configuration2/plist/TestXMLPropertyListConfiguration.java,,,,assert,unknown
conf_1714_4,commons-configuration2-2.8.0-src,TestXMLPropertyListConfiguration,testSubset_4_oe,src/test/java/org/apache/commons/configuration2/plist/TestXMLPropertyListConfiguration.java,,,,assert,unknown
conf_1714_5,commons-configuration2-2.8.0-src,TestXMLPropertyListConfiguration,testSubset_5_oe,src/test/java/org/apache/commons/configuration2/plist/TestXMLPropertyListConfiguration.java,,,,assert,unknown
conf_1714_6,commons-configuration2-2.8.0-src,TestXMLPropertyListConfiguration,testSubset_6_oe,src/test/java/org/apache/commons/configuration2/plist/TestXMLPropertyListConfiguration.java,,,,assert,unknown
conf_1714_7,commons-configuration2-2.8.0-src,TestXMLPropertyListConfiguration,testSubset_7_oe,src/test/java/org/apache/commons/configuration2/plist/TestXMLPropertyListConfiguration.java,,,,assert,unknown
conf_1715_1,commons-configuration2-2.8.0-src,TestXMLPropertyListConfiguration,testWriteCalledDirectly_1_oe,src/test/java/org/apache/commons/configuration2/plist/TestXMLPropertyListConfiguration.java,,,,assert,unknown
conf_1715_2,commons-configuration2-2.8.0-src,TestXMLPropertyListConfiguration,testWriteCalledDirectly_2_oe,src/test/java/org/apache/commons/configuration2/plist/TestXMLPropertyListConfiguration.java,,,,assert,unknown
conf_1716_1,commons-configuration2-2.8.0-src,TestCombinedBeanDeclaration,testGetBeanClassNameDefined_1_oe,src/test/java/org/apache/commons/configuration2/beanutils/TestCombinedBeanDeclaration.java,,,,assert,unknown
conf_1717_1,commons-configuration2-2.8.0-src,TestCombinedBeanDeclaration,testGetBeanClassNameUndefined_1_oe,src/test/java/org/apache/commons/configuration2/beanutils/TestCombinedBeanDeclaration.java,,,,assert,unknown
conf_1718_1,commons-configuration2-2.8.0-src,TestCombinedBeanDeclaration,testGetBeanFactoryNameDefined_1_oe,src/test/java/org/apache/commons/configuration2/beanutils/TestCombinedBeanDeclaration.java,,,,assert,unknown
conf_1719_1,commons-configuration2-2.8.0-src,TestCombinedBeanDeclaration,testGetBeanFactoryNameUndefined_1_oe,src/test/java/org/apache/commons/configuration2/beanutils/TestCombinedBeanDeclaration.java,,,,assert,unknown
conf_1720_1,commons-configuration2-2.8.0-src,TestCombinedBeanDeclaration,testGetBeanFactoryParameterDefined_1_oe,src/test/java/org/apache/commons/configuration2/beanutils/TestCombinedBeanDeclaration.java,,,,assert,unknown
conf_1721_1,commons-configuration2-2.8.0-src,TestCombinedBeanDeclaration,testGetBeanFactoryParameterUndefined_1_oe,src/test/java/org/apache/commons/configuration2/beanutils/TestCombinedBeanDeclaration.java,,,,assert,unknown
conf_1722_1,commons-configuration2-2.8.0-src,TestCombinedBeanDeclaration,testGetBeanProperties_1_oe,src/test/java/org/apache/commons/configuration2/beanutils/TestCombinedBeanDeclaration.java,,,,assert,unknown
conf_1722_2,commons-configuration2-2.8.0-src,TestCombinedBeanDeclaration,testGetBeanProperties_2_oe,src/test/java/org/apache/commons/configuration2/beanutils/TestCombinedBeanDeclaration.java,,,,assert,unknown
conf_1723_1,commons-configuration2-2.8.0-src,TestCombinedBeanDeclaration,testGetBeanPropertiesNull_1_oe,src/test/java/org/apache/commons/configuration2/beanutils/TestCombinedBeanDeclaration.java,,,,assert,unknown
conf_1724_1,commons-configuration2-2.8.0-src,TestCombinedBeanDeclaration,testGetConstructorArgsDefined_1_oe,src/test/java/org/apache/commons/configuration2/beanutils/TestCombinedBeanDeclaration.java,,,,assert,unknown
conf_1725_1,commons-configuration2-2.8.0-src,TestCombinedBeanDeclaration,testGetConstructorArgsUndefined_1_oe,src/test/java/org/apache/commons/configuration2/beanutils/TestCombinedBeanDeclaration.java,,,,assert,unknown
conf_1726_1,commons-configuration2-2.8.0-src,TestCombinedBeanDeclaration,testGetNestedBeanDeclarations_1_oe,src/test/java/org/apache/commons/configuration2/beanutils/TestCombinedBeanDeclaration.java,,,,assert,unknown
conf_1726_2,commons-configuration2-2.8.0-src,TestCombinedBeanDeclaration,testGetNestedBeanDeclarations_2_oe,src/test/java/org/apache/commons/configuration2/beanutils/TestCombinedBeanDeclaration.java,,,,assert,unknown
conf_1727_1,commons-configuration2-2.8.0-src,TestCombinedBeanDeclaration,testGetNestedBeanDeclarationsNull_1_oe,src/test/java/org/apache/commons/configuration2/beanutils/TestCombinedBeanDeclaration.java,,,,assert,unknown
conf_1728_1,commons-configuration2-2.8.0-src,TestBeanHelper,testCopyProperties_1_oe,src/test/java/org/apache/commons/configuration2/beanutils/TestBeanHelper.java,,,,assert,unknown
conf_1728_2,commons-configuration2-2.8.0-src,TestBeanHelper,testCopyProperties_2_oe,src/test/java/org/apache/commons/configuration2/beanutils/TestBeanHelper.java,,,,assert,unknown
conf_1729_1,commons-configuration2-2.8.0-src,TestBeanHelper,testCreateBean_1_oe,src/test/java/org/apache/commons/configuration2/beanutils/TestBeanHelper.java,,,,assert,unknown
conf_1729_2,commons-configuration2-2.8.0-src,TestBeanHelper,testCreateBean_2_oe,src/test/java/org/apache/commons/configuration2/beanutils/TestBeanHelper.java,,,,assert,unknown
conf_1730_1,commons-configuration2-2.8.0-src,TestBeanHelper,testCreateBeanWithDefaultFactory_1_oe,src/test/java/org/apache/commons/configuration2/beanutils/TestBeanHelper.java,,,,assert,unknown
conf_1731_1,commons-configuration2-2.8.0-src,TestBeanHelper,testCreateBeanWithFactoryDefaultClass_1_oe,src/test/java/org/apache/commons/configuration2/beanutils/TestBeanHelper.java,,,,assert,unknown
conf_1732_1,commons-configuration2-2.8.0-src,TestBeanHelper,testCreateBeanWithListChildBean_1_oe,src/test/java/org/apache/commons/configuration2/beanutils/TestBeanHelper.java,,,,assert,unknown
conf_1732_2,commons-configuration2-2.8.0-src,TestBeanHelper,testCreateBeanWithListChildBean_2_oe,src/test/java/org/apache/commons/configuration2/beanutils/TestBeanHelper.java,,,,assert,unknown
conf_1733_1,commons-configuration2-2.8.0-src,TestBeanHelper,testCreateBeanWithParameter_1_oe,src/test/java/org/apache/commons/configuration2/beanutils/TestBeanHelper.java,,,,assert,unknown
conf_1734_1,commons-configuration2-2.8.0-src,TestBeanHelper,testCreateWrapDynaBean_1_oe,src/test/java/org/apache/commons/configuration2/beanutils/TestBeanHelper.java,,,,assert,unknown
conf_1735_1,commons-configuration2-2.8.0-src,TestBeanHelper,testDefaultBeanFactory_1_oe,src/test/java/org/apache/commons/configuration2/beanutils/TestBeanHelper.java,,,,assert,unknown
conf_1736_1,commons-configuration2-2.8.0-src,TestBeanHelper,testDefaultInstance_1_oe,src/test/java/org/apache/commons/configuration2/beanutils/TestBeanHelper.java,,,,assert,unknown
conf_1737_1,commons-configuration2-2.8.0-src,TestBeanHelper,testDeregisterBeanFactory_1_oe,src/test/java/org/apache/commons/configuration2/beanutils/TestBeanHelper.java,,,,assert,unknown
conf_1737_2,commons-configuration2-2.8.0-src,TestBeanHelper,testDeregisterBeanFactory_2_oe,src/test/java/org/apache/commons/configuration2/beanutils/TestBeanHelper.java,,,,assert,unknown
conf_1738_1,commons-configuration2-2.8.0-src,TestBeanHelper,testDeregisterBeanFactoryNonExisting_1_oe,src/test/java/org/apache/commons/configuration2/beanutils/TestBeanHelper.java,,,,assert,unknown
conf_1739_1,commons-configuration2-2.8.0-src,TestBeanHelper,testDeregisterBeanFactoryNull_1_oe,src/test/java/org/apache/commons/configuration2/beanutils/TestBeanHelper.java,,,,assert,unknown
conf_1740_1,commons-configuration2-2.8.0-src,TestBeanHelper,testInitBeanWithNoData_1_oe,src/test/java/org/apache/commons/configuration2/beanutils/TestBeanHelper.java,,,,assert,unknown
conf_1740_2,commons-configuration2-2.8.0-src,TestBeanHelper,testInitBeanWithNoData_2_oe,src/test/java/org/apache/commons/configuration2/beanutils/TestBeanHelper.java,,,,assert,unknown
conf_1740_3,commons-configuration2-2.8.0-src,TestBeanHelper,testInitBeanWithNoData_3_oe,src/test/java/org/apache/commons/configuration2/beanutils/TestBeanHelper.java,,,,assert,unknown
conf_1741_1,commons-configuration2-2.8.0-src,TestBeanHelper,testInitWithBeanFactory_1_oe,src/test/java/org/apache/commons/configuration2/beanutils/TestBeanHelper.java,,,,assert,unknown
conf_1742_1,commons-configuration2-2.8.0-src,TestBeanHelper,testRegisterBeanFactory_1_oe,src/test/java/org/apache/commons/configuration2/beanutils/TestBeanHelper.java,,,,assert,unknown
conf_1742_2,commons-configuration2-2.8.0-src,TestBeanHelper,testRegisterBeanFactory_2_oe,src/test/java/org/apache/commons/configuration2/beanutils/TestBeanHelper.java,,,,assert,unknown
conf_1743_1,commons-configuration2-2.8.0-src,TestBeanHelper,testRegisteredFactoriesEmptyForNewInstance_1_oe,src/test/java/org/apache/commons/configuration2/beanutils/TestBeanHelper.java,,,,assert,unknown
conf_1744_1,commons-configuration2-2.8.0-src,TestConstructorArg,testIsNestedBeanDeclarationFalse_1_oe,src/test/java/org/apache/commons/configuration2/beanutils/TestConstructorArg.java,,,,assert,unknown
conf_1745_1,commons-configuration2-2.8.0-src,TestConstructorArg,testIsNestedBeanDeclarationTrue_1_oe,src/test/java/org/apache/commons/configuration2/beanutils/TestConstructorArg.java,,,,assert,unknown
conf_1746_1,commons-configuration2-2.8.0-src,TestConstructorArg,testMatchesNoType_1_oe,src/test/java/org/apache/commons/configuration2/beanutils/TestConstructorArg.java,,,,assert,unknown
conf_1746_2,commons-configuration2-2.8.0-src,TestConstructorArg,testMatchesNoType_2_oe,src/test/java/org/apache/commons/configuration2/beanutils/TestConstructorArg.java,,,,assert,unknown
conf_1747_1,commons-configuration2-2.8.0-src,TestConstructorArg,testMatchesNull_1_oe,src/test/java/org/apache/commons/configuration2/beanutils/TestConstructorArg.java,,,,assert,unknown
conf_1748_1,commons-configuration2-2.8.0-src,TestConstructorArg,testMatchesWithType_1_oe,src/test/java/org/apache/commons/configuration2/beanutils/TestConstructorArg.java,,,,assert,unknown
conf_1748_2,commons-configuration2-2.8.0-src,TestConstructorArg,testMatchesWithType_2_oe,src/test/java/org/apache/commons/configuration2/beanutils/TestConstructorArg.java,,,,assert,unknown
conf_1748_3,commons-configuration2-2.8.0-src,TestConstructorArg,testMatchesWithType_3_oe,src/test/java/org/apache/commons/configuration2/beanutils/TestConstructorArg.java,,,,assert,unknown
conf_1749_1,commons-configuration2-2.8.0-src,TestDefaultBeanFactory,testCreateBean_1_oe,src/test/java/org/apache/commons/configuration2/beanutils/TestDefaultBeanFactory.java,,,,assert,unknown
conf_1749_2,commons-configuration2-2.8.0-src,TestDefaultBeanFactory,testCreateBean_2_oe,src/test/java/org/apache/commons/configuration2/beanutils/TestDefaultBeanFactory.java,,,,assert,unknown
conf_1749_3,commons-configuration2-2.8.0-src,TestDefaultBeanFactory,testCreateBean_3_oe,src/test/java/org/apache/commons/configuration2/beanutils/TestDefaultBeanFactory.java,,,,assert,unknown
conf_1750_1,commons-configuration2-2.8.0-src,TestDefaultBeanFactory,testCreateBeanConstructor_1_oe,src/test/java/org/apache/commons/configuration2/beanutils/TestDefaultBeanFactory.java,,,,assert,unknown
conf_1750_2,commons-configuration2-2.8.0-src,TestDefaultBeanFactory,testCreateBeanConstructor_2_oe,src/test/java/org/apache/commons/configuration2/beanutils/TestDefaultBeanFactory.java,,,,assert,unknown
conf_1751_1,commons-configuration2-2.8.0-src,TestDefaultBeanFactory,testCreateBeanConstructorNestedBean_1_oe,src/test/java/org/apache/commons/configuration2/beanutils/TestDefaultBeanFactory.java,,,,assert,unknown
conf_1751_2,commons-configuration2-2.8.0-src,TestDefaultBeanFactory,testCreateBeanConstructorNestedBean_2_oe,src/test/java/org/apache/commons/configuration2/beanutils/TestDefaultBeanFactory.java,,,,assert,unknown
conf_1752_1,commons-configuration2-2.8.0-src,TestDefaultBeanFactory,testDefaultConversionHandler_1_oe,src/test/java/org/apache/commons/configuration2/beanutils/TestDefaultBeanFactory.java,,,,assert,unknown
conf_1753_1,commons-configuration2-2.8.0-src,TestDefaultBeanFactory,testFindMatchingConstructorArgCount_1_oe,src/test/java/org/apache/commons/configuration2/beanutils/TestDefaultBeanFactory.java,,,,assert,unknown
conf_1753_2,commons-configuration2-2.8.0-src,TestDefaultBeanFactory,testFindMatchingConstructorArgCount_2_oe,src/test/java/org/apache/commons/configuration2/beanutils/TestDefaultBeanFactory.java,,,,assert,unknown
conf_1753_3,commons-configuration2-2.8.0-src,TestDefaultBeanFactory,testFindMatchingConstructorArgCount_3_oe,src/test/java/org/apache/commons/configuration2/beanutils/TestDefaultBeanFactory.java,,,,assert,unknown
conf_1754_1,commons-configuration2-2.8.0-src,TestDefaultBeanFactory,testFindMatchingConstructorExplicitType_1_oe,src/test/java/org/apache/commons/configuration2/beanutils/TestDefaultBeanFactory.java,,,,assert,unknown
conf_1754_2,commons-configuration2-2.8.0-src,TestDefaultBeanFactory,testFindMatchingConstructorExplicitType_2_oe,src/test/java/org/apache/commons/configuration2/beanutils/TestDefaultBeanFactory.java,,,,assert,unknown
conf_1755_1,commons-configuration2-2.8.0-src,TestDefaultBeanFactory,testFindMatchingConstructorNoArgs_1_oe,src/test/java/org/apache/commons/configuration2/beanutils/TestDefaultBeanFactory.java,,,,assert,unknown
conf_1756_2,commons-configuration2-2.8.0-src,TestDefaultBeanFactory,testFindMatchingConstructorNoMatch_2_oe,src/test/java/org/apache/commons/configuration2/beanutils/TestDefaultBeanFactory.java,,,,assert,unknown
conf_1756_3,commons-configuration2-2.8.0-src,TestDefaultBeanFactory,testFindMatchingConstructorNoMatch_3_oe,src/test/java/org/apache/commons/configuration2/beanutils/TestDefaultBeanFactory.java,,,,assert,unknown
conf_1756_4,commons-configuration2-2.8.0-src,TestDefaultBeanFactory,testFindMatchingConstructorNoMatch_4_oe,src/test/java/org/apache/commons/configuration2/beanutils/TestDefaultBeanFactory.java,,,,assert,unknown
conf_1757_1,commons-configuration2-2.8.0-src,TestDefaultBeanFactory,testGetDefaultBeanClass_1_oe,src/test/java/org/apache/commons/configuration2/beanutils/TestDefaultBeanFactory.java,,,,assert,unknown
conf_1758_1,commons-configuration2-2.8.0-src,TestDefaultBeanFactory,testInitWithConversionHandler_1_oe,src/test/java/org/apache/commons/configuration2/beanutils/TestDefaultBeanFactory.java,,,,assert,unknown
conf_1759_1,commons-configuration2-2.8.0-src,TestConfigurationDynaBean,testGetDescriptorArguments_1_oe,src/test/java/org/apache/commons/configuration2/beanutils/TestConfigurationDynaBean.java,,,,assert,unknown
conf_1760_1,commons-configuration2-2.8.0-src,TestConfigurationDynaBean,testGetDescriptors_1_oe,src/test/java/org/apache/commons/configuration2/beanutils/TestConfigurationDynaBean.java,,,,assert,unknown
conf_1760_2,commons-configuration2-2.8.0-src,TestConfigurationDynaBean,testGetDescriptors_2_oe,src/test/java/org/apache/commons/configuration2/beanutils/TestConfigurationDynaBean.java,,,,assert,unknown
conf_1760_3,commons-configuration2-2.8.0-src,TestConfigurationDynaBean,testGetDescriptors_3_oe,src/test/java/org/apache/commons/configuration2/beanutils/TestConfigurationDynaBean.java,,,,assert,unknown
conf_1761_1,commons-configuration2-2.8.0-src,TestConfigurationDynaBean,testGetIndexedValues_1_oe,src/test/java/org/apache/commons/configuration2/beanutils/TestConfigurationDynaBean.java,,,,assert,unknown
conf_1761_2,commons-configuration2-2.8.0-src,TestConfigurationDynaBean,testGetIndexedValues_2_oe,src/test/java/org/apache/commons/configuration2/beanutils/TestConfigurationDynaBean.java,,,,assert,unknown
conf_1761_3,commons-configuration2-2.8.0-src,TestConfigurationDynaBean,testGetIndexedValues_3_oe,src/test/java/org/apache/commons/configuration2/beanutils/TestConfigurationDynaBean.java,,,,assert,unknown
conf_1761_4,commons-configuration2-2.8.0-src,TestConfigurationDynaBean,testGetIndexedValues_4_oe,src/test/java/org/apache/commons/configuration2/beanutils/TestConfigurationDynaBean.java,,,,assert,unknown
conf_1761_5,commons-configuration2-2.8.0-src,TestConfigurationDynaBean,testGetIndexedValues_5_oe,src/test/java/org/apache/commons/configuration2/beanutils/TestConfigurationDynaBean.java,,,,assert,unknown
conf_1761_6,commons-configuration2-2.8.0-src,TestConfigurationDynaBean,testGetIndexedValues_6_oe,src/test/java/org/apache/commons/configuration2/beanutils/TestConfigurationDynaBean.java,,,,assert,unknown
conf_1761_7,commons-configuration2-2.8.0-src,TestConfigurationDynaBean,testGetIndexedValues_7_oe,src/test/java/org/apache/commons/configuration2/beanutils/TestConfigurationDynaBean.java,,,,assert,unknown
conf_1761_8,commons-configuration2-2.8.0-src,TestConfigurationDynaBean,testGetIndexedValues_8_oe,src/test/java/org/apache/commons/configuration2/beanutils/TestConfigurationDynaBean.java,,,,assert,unknown
conf_1761_9,commons-configuration2-2.8.0-src,TestConfigurationDynaBean,testGetIndexedValues_9_oe,src/test/java/org/apache/commons/configuration2/beanutils/TestConfigurationDynaBean.java,,,,assert,unknown
conf_1761_10,commons-configuration2-2.8.0-src,TestConfigurationDynaBean,testGetIndexedValues_10_oe,src/test/java/org/apache/commons/configuration2/beanutils/TestConfigurationDynaBean.java,,,,assert,unknown
conf_1761_11,commons-configuration2-2.8.0-src,TestConfigurationDynaBean,testGetIndexedValues_11_oe,src/test/java/org/apache/commons/configuration2/beanutils/TestConfigurationDynaBean.java,,,,assert,unknown
conf_1762_2,commons-configuration2-2.8.0-src,TestConfigurationDynaBean,testGetMappedArguments_2_oe,src/test/java/org/apache/commons/configuration2/beanutils/TestConfigurationDynaBean.java,,,,assert,unknown
conf_1763_1,commons-configuration2-2.8.0-src,TestConfigurationDynaBean,testGetMappedValues_1_oe,src/test/java/org/apache/commons/configuration2/beanutils/TestConfigurationDynaBean.java,,,,assert,unknown
conf_1763_2,commons-configuration2-2.8.0-src,TestConfigurationDynaBean,testGetMappedValues_2_oe,src/test/java/org/apache/commons/configuration2/beanutils/TestConfigurationDynaBean.java,,,,assert,unknown
conf_1763_3,commons-configuration2-2.8.0-src,TestConfigurationDynaBean,testGetMappedValues_3_oe,src/test/java/org/apache/commons/configuration2/beanutils/TestConfigurationDynaBean.java,,,,assert,unknown
conf_1764_1,commons-configuration2-2.8.0-src,TestConfigurationDynaBean,testGetSimpleBoolean_1_oe,src/test/java/org/apache/commons/configuration2/beanutils/TestConfigurationDynaBean.java,,,,assert,unknown
conf_1764_2,commons-configuration2-2.8.0-src,TestConfigurationDynaBean,testGetSimpleBoolean_2_oe,src/test/java/org/apache/commons/configuration2/beanutils/TestConfigurationDynaBean.java,,,,assert,unknown
conf_1765_1,commons-configuration2-2.8.0-src,TestConfigurationDynaBean,testGetSimpleDouble_1_oe,src/test/java/org/apache/commons/configuration2/beanutils/TestConfigurationDynaBean.java,,,,assert,unknown
conf_1765_2,commons-configuration2-2.8.0-src,TestConfigurationDynaBean,testGetSimpleDouble_2_oe,src/test/java/org/apache/commons/configuration2/beanutils/TestConfigurationDynaBean.java,,,,assert,unknown
conf_1766_1,commons-configuration2-2.8.0-src,TestConfigurationDynaBean,testGetSimpleFloat_1_oe,src/test/java/org/apache/commons/configuration2/beanutils/TestConfigurationDynaBean.java,,,,assert,unknown
conf_1766_2,commons-configuration2-2.8.0-src,TestConfigurationDynaBean,testGetSimpleFloat_2_oe,src/test/java/org/apache/commons/configuration2/beanutils/TestConfigurationDynaBean.java,,,,assert,unknown
conf_1767_1,commons-configuration2-2.8.0-src,TestConfigurationDynaBean,testGetSimpleInt_1_oe,src/test/java/org/apache/commons/configuration2/beanutils/TestConfigurationDynaBean.java,,,,assert,unknown
conf_1767_2,commons-configuration2-2.8.0-src,TestConfigurationDynaBean,testGetSimpleInt_2_oe,src/test/java/org/apache/commons/configuration2/beanutils/TestConfigurationDynaBean.java,,,,assert,unknown
conf_1768_1,commons-configuration2-2.8.0-src,TestConfigurationDynaBean,testGetSimpleLong_1_oe,src/test/java/org/apache/commons/configuration2/beanutils/TestConfigurationDynaBean.java,,,,assert,unknown
conf_1768_2,commons-configuration2-2.8.0-src,TestConfigurationDynaBean,testGetSimpleLong_2_oe,src/test/java/org/apache/commons/configuration2/beanutils/TestConfigurationDynaBean.java,,,,assert,unknown
conf_1769_1,commons-configuration2-2.8.0-src,TestConfigurationDynaBean,testGetSimpleShort_1_oe,src/test/java/org/apache/commons/configuration2/beanutils/TestConfigurationDynaBean.java,,,,assert,unknown
conf_1769_2,commons-configuration2-2.8.0-src,TestConfigurationDynaBean,testGetSimpleShort_2_oe,src/test/java/org/apache/commons/configuration2/beanutils/TestConfigurationDynaBean.java,,,,assert,unknown
conf_1770_1,commons-configuration2-2.8.0-src,TestConfigurationDynaBean,testGetSimpleString_1_oe,src/test/java/org/apache/commons/configuration2/beanutils/TestConfigurationDynaBean.java,,,,assert,unknown
conf_1770_2,commons-configuration2-2.8.0-src,TestConfigurationDynaBean,testGetSimpleString_2_oe,src/test/java/org/apache/commons/configuration2/beanutils/TestConfigurationDynaBean.java,,,,assert,unknown
conf_1771_1,commons-configuration2-2.8.0-src,TestConfigurationDynaBean,testMappedContains_1_oe,src/test/java/org/apache/commons/configuration2/beanutils/TestConfigurationDynaBean.java,,,,assert,unknown
conf_1771_2,commons-configuration2-2.8.0-src,TestConfigurationDynaBean,testMappedContains_2_oe,src/test/java/org/apache/commons/configuration2/beanutils/TestConfigurationDynaBean.java,,,,assert,unknown
conf_1772_1,commons-configuration2-2.8.0-src,TestConfigurationDynaBean,testMappedRemove_1_oe,src/test/java/org/apache/commons/configuration2/beanutils/TestConfigurationDynaBean.java,,,,assert,unknown
conf_1772_2,commons-configuration2-2.8.0-src,TestConfigurationDynaBean,testMappedRemove_2_oe,src/test/java/org/apache/commons/configuration2/beanutils/TestConfigurationDynaBean.java,,,,assert,unknown
conf_1772_3,commons-configuration2-2.8.0-src,TestConfigurationDynaBean,testMappedRemove_3_oe,src/test/java/org/apache/commons/configuration2/beanutils/TestConfigurationDynaBean.java,,,,assert,unknown
conf_1772_4,commons-configuration2-2.8.0-src,TestConfigurationDynaBean,testMappedRemove_4_oe,src/test/java/org/apache/commons/configuration2/beanutils/TestConfigurationDynaBean.java,,,,assert,unknown
conf_1773_1,commons-configuration2-2.8.0-src,TestConfigurationDynaBean,testNestedPropeties_1_oe,src/test/java/org/apache/commons/configuration2/beanutils/TestConfigurationDynaBean.java,,,,assert,unknown
conf_1773_2,commons-configuration2-2.8.0-src,TestConfigurationDynaBean,testNestedPropeties_2_oe,src/test/java/org/apache/commons/configuration2/beanutils/TestConfigurationDynaBean.java,,,,assert,unknown
conf_1774_1,commons-configuration2-2.8.0-src,TestConfigurationDynaBean,testSetArrayValue_1_oe,src/test/java/org/apache/commons/configuration2/beanutils/TestConfigurationDynaBean.java,,,,assert,unknown
conf_1774_2,commons-configuration2-2.8.0-src,TestConfigurationDynaBean,testSetArrayValue_2_oe,src/test/java/org/apache/commons/configuration2/beanutils/TestConfigurationDynaBean.java,,,,assert,unknown
conf_1775_1,commons-configuration2-2.8.0-src,TestConfigurationDynaBean,testSetIndexedValues_1_oe,src/test/java/org/apache/commons/configuration2/beanutils/TestConfigurationDynaBean.java,,,,assert,unknown
conf_1775_2,commons-configuration2-2.8.0-src,TestConfigurationDynaBean,testSetIndexedValues_2_oe,src/test/java/org/apache/commons/configuration2/beanutils/TestConfigurationDynaBean.java,,,,assert,unknown
conf_1775_3,commons-configuration2-2.8.0-src,TestConfigurationDynaBean,testSetIndexedValues_3_oe,src/test/java/org/apache/commons/configuration2/beanutils/TestConfigurationDynaBean.java,,,,assert,unknown
conf_1775_4,commons-configuration2-2.8.0-src,TestConfigurationDynaBean,testSetIndexedValues_4_oe,src/test/java/org/apache/commons/configuration2/beanutils/TestConfigurationDynaBean.java,,,,assert,unknown
conf_1775_5,commons-configuration2-2.8.0-src,TestConfigurationDynaBean,testSetIndexedValues_5_oe,src/test/java/org/apache/commons/configuration2/beanutils/TestConfigurationDynaBean.java,,,,assert,unknown
conf_1775_6,commons-configuration2-2.8.0-src,TestConfigurationDynaBean,testSetIndexedValues_6_oe,src/test/java/org/apache/commons/configuration2/beanutils/TestConfigurationDynaBean.java,,,,assert,unknown
conf_1775_7,commons-configuration2-2.8.0-src,TestConfigurationDynaBean,testSetIndexedValues_7_oe,src/test/java/org/apache/commons/configuration2/beanutils/TestConfigurationDynaBean.java,,,,assert,unknown
conf_1775_8,commons-configuration2-2.8.0-src,TestConfigurationDynaBean,testSetIndexedValues_8_oe,src/test/java/org/apache/commons/configuration2/beanutils/TestConfigurationDynaBean.java,,,,assert,unknown
conf_1775_9,commons-configuration2-2.8.0-src,TestConfigurationDynaBean,testSetIndexedValues_9_oe,src/test/java/org/apache/commons/configuration2/beanutils/TestConfigurationDynaBean.java,,,,assert,unknown
conf_1775_10,commons-configuration2-2.8.0-src,TestConfigurationDynaBean,testSetIndexedValues_10_oe,src/test/java/org/apache/commons/configuration2/beanutils/TestConfigurationDynaBean.java,,,,assert,unknown
conf_1776_1,commons-configuration2-2.8.0-src,TestConfigurationDynaBean,testSetMappedValues_1_oe,src/test/java/org/apache/commons/configuration2/beanutils/TestConfigurationDynaBean.java,,,,assert,unknown
conf_1776_2,commons-configuration2-2.8.0-src,TestConfigurationDynaBean,testSetMappedValues_2_oe,src/test/java/org/apache/commons/configuration2/beanutils/TestConfigurationDynaBean.java,,,,assert,unknown
conf_1777_1,commons-configuration2-2.8.0-src,TestConfigurationDynaBean,testSetSimpleBoolean_1_oe,src/test/java/org/apache/commons/configuration2/beanutils/TestConfigurationDynaBean.java,,,,assert,unknown
conf_1778_1,commons-configuration2-2.8.0-src,TestConfigurationDynaBean,testSetSimpleDouble_1_oe,src/test/java/org/apache/commons/configuration2/beanutils/TestConfigurationDynaBean.java,,,,assert,unknown
conf_1779_1,commons-configuration2-2.8.0-src,TestConfigurationDynaBean,testSetSimpleFloat_1_oe,src/test/java/org/apache/commons/configuration2/beanutils/TestConfigurationDynaBean.java,,,,assert,unknown
conf_1780_1,commons-configuration2-2.8.0-src,TestConfigurationDynaBean,testSetSimpleInt_1_oe,src/test/java/org/apache/commons/configuration2/beanutils/TestConfigurationDynaBean.java,,,,assert,unknown
conf_1781_1,commons-configuration2-2.8.0-src,TestConfigurationDynaBean,testSetSimpleLong_1_oe,src/test/java/org/apache/commons/configuration2/beanutils/TestConfigurationDynaBean.java,,,,assert,unknown
conf_1782_1,commons-configuration2-2.8.0-src,TestConfigurationDynaBean,testSetSimpleShort_1_oe,src/test/java/org/apache/commons/configuration2/beanutils/TestConfigurationDynaBean.java,,,,assert,unknown
conf_1783_1,commons-configuration2-2.8.0-src,TestConfigurationDynaBean,testSetSimpleString_1_oe,src/test/java/org/apache/commons/configuration2/beanutils/TestConfigurationDynaBean.java,,,,assert,unknown
conf_1784_1,commons-configuration2-2.8.0-src,TestXMLBeanDeclaration,testGetBeanClassName_1_oe,src/test/java/org/apache/commons/configuration2/beanutils/TestXMLBeanDeclaration.java,,,,assert,unknown
conf_1785_1,commons-configuration2-2.8.0-src,TestXMLBeanDeclaration,testGetBeanClassNameFromDefault_1_oe,src/test/java/org/apache/commons/configuration2/beanutils/TestXMLBeanDeclaration.java,,,,assert,unknown
conf_1786_1,commons-configuration2-2.8.0-src,TestXMLBeanDeclaration,testGetBeanClassNameUndefined_1_oe,src/test/java/org/apache/commons/configuration2/beanutils/TestXMLBeanDeclaration.java,,,,assert,unknown
conf_1787_1,commons-configuration2-2.8.0-src,TestXMLBeanDeclaration,testGetBeanClassNameUndefinedWithEx_1_oe,src/test/java/org/apache/commons/configuration2/beanutils/TestXMLBeanDeclaration.java,,,,assert,unknown
conf_1788_1,commons-configuration2-2.8.0-src,TestXMLBeanDeclaration,testGetBeanFactoryName_1_oe,src/test/java/org/apache/commons/configuration2/beanutils/TestXMLBeanDeclaration.java,,,,assert,unknown
conf_1789_1,commons-configuration2-2.8.0-src,TestXMLBeanDeclaration,testGetBeanFactoryNameUndefined_1_oe,src/test/java/org/apache/commons/configuration2/beanutils/TestXMLBeanDeclaration.java,,,,assert,unknown
conf_1790_1,commons-configuration2-2.8.0-src,TestXMLBeanDeclaration,testGetBeanFactoryNameUndefinedWithEx_1_oe,src/test/java/org/apache/commons/configuration2/beanutils/TestXMLBeanDeclaration.java,,,,assert,unknown
conf_1791_1,commons-configuration2-2.8.0-src,TestXMLBeanDeclaration,testGetBeanFactoryParameter_1_oe,src/test/java/org/apache/commons/configuration2/beanutils/TestXMLBeanDeclaration.java,,,,assert,unknown
conf_1792_1,commons-configuration2-2.8.0-src,TestXMLBeanDeclaration,testGetBeanFactoryParameterUndefined_1_oe,src/test/java/org/apache/commons/configuration2/beanutils/TestXMLBeanDeclaration.java,,,,assert,unknown
conf_1793_1,commons-configuration2-2.8.0-src,TestXMLBeanDeclaration,testGetBeanFactoryParameterUndefinedWithEx_1_oe,src/test/java/org/apache/commons/configuration2/beanutils/TestXMLBeanDeclaration.java,,,,assert,unknown
conf_1794_1,commons-configuration2-2.8.0-src,TestXMLBeanDeclaration,testGetBeanPropertiesEmpty_1_oe,src/test/java/org/apache/commons/configuration2/beanutils/TestXMLBeanDeclaration.java,,,,assert,unknown
conf_1795_1,commons-configuration2-2.8.0-src,TestXMLBeanDeclaration,testGetConstructorArgs_1_oe,src/test/java/org/apache/commons/configuration2/beanutils/TestXMLBeanDeclaration.java,,,,assert,unknown
conf_1795_2,commons-configuration2-2.8.0-src,TestXMLBeanDeclaration,testGetConstructorArgs_2_oe,src/test/java/org/apache/commons/configuration2/beanutils/TestXMLBeanDeclaration.java,,,,assert,unknown
conf_1795_3,commons-configuration2-2.8.0-src,TestXMLBeanDeclaration,testGetConstructorArgs_3_oe,src/test/java/org/apache/commons/configuration2/beanutils/TestXMLBeanDeclaration.java,,,,assert,unknown
conf_1795_4,commons-configuration2-2.8.0-src,TestXMLBeanDeclaration,testGetConstructorArgs_4_oe,src/test/java/org/apache/commons/configuration2/beanutils/TestXMLBeanDeclaration.java,,,,assert,unknown
conf_1795_5,commons-configuration2-2.8.0-src,TestXMLBeanDeclaration,testGetConstructorArgs_5_oe,src/test/java/org/apache/commons/configuration2/beanutils/TestXMLBeanDeclaration.java,,,,assert,unknown
conf_1795_6,commons-configuration2-2.8.0-src,TestXMLBeanDeclaration,testGetConstructorArgs_6_oe,src/test/java/org/apache/commons/configuration2/beanutils/TestXMLBeanDeclaration.java,,,,assert,unknown
conf_1795_7,commons-configuration2-2.8.0-src,TestXMLBeanDeclaration,testGetConstructorArgs_7_oe,src/test/java/org/apache/commons/configuration2/beanutils/TestXMLBeanDeclaration.java,,,,assert,unknown
conf_1796_1,commons-configuration2-2.8.0-src,TestXMLBeanDeclaration,testGetConstructorArgsNullArg_1_oe,src/test/java/org/apache/commons/configuration2/beanutils/TestXMLBeanDeclaration.java,,,,assert,unknown
conf_1796_2,commons-configuration2-2.8.0-src,TestXMLBeanDeclaration,testGetConstructorArgsNullArg_2_oe,src/test/java/org/apache/commons/configuration2/beanutils/TestXMLBeanDeclaration.java,,,,assert,unknown
conf_1796_3,commons-configuration2-2.8.0-src,TestXMLBeanDeclaration,testGetConstructorArgsNullArg_3_oe,src/test/java/org/apache/commons/configuration2/beanutils/TestXMLBeanDeclaration.java,,,,assert,unknown
conf_1797_1,commons-configuration2-2.8.0-src,TestXMLBeanDeclaration,testGetInterpolatedConstructorArgs_1_oe,src/test/java/org/apache/commons/configuration2/beanutils/TestXMLBeanDeclaration.java,,,,assert,unknown
conf_1798_1,commons-configuration2-2.8.0-src,TestXMLBeanDeclaration,testGetNestedBeanDeclarations_1_oe,src/test/java/org/apache/commons/configuration2/beanutils/TestXMLBeanDeclaration.java,,,,assert,unknown
conf_1798_2,commons-configuration2-2.8.0-src,TestXMLBeanDeclaration,testGetNestedBeanDeclarations_2_oe,src/test/java/org/apache/commons/configuration2/beanutils/TestXMLBeanDeclaration.java,,,,assert,unknown
conf_1798_3,commons-configuration2-2.8.0-src,TestXMLBeanDeclaration,testGetNestedBeanDeclarations_3_oe,src/test/java/org/apache/commons/configuration2/beanutils/TestXMLBeanDeclaration.java,,,,assert,unknown
conf_1799_1,commons-configuration2-2.8.0-src,TestXMLBeanDeclaration,testGetNestedBeanDeclarationsEmpty_1_oe,src/test/java/org/apache/commons/configuration2/beanutils/TestXMLBeanDeclaration.java,,,,assert,unknown
conf_1800_1,commons-configuration2-2.8.0-src,TestXMLBeanDeclaration,testGetNestedBeanDeclarationsFactoryMethod_1_oe,src/test/java/org/apache/commons/configuration2/beanutils/TestXMLBeanDeclaration.java,,,,assert,unknown
conf_1801_1,commons-configuration2-2.8.0-src,TestXMLBeanDeclaration,testGetNestedBeanDeclarationsReservedCharacter_1_oe,src/test/java/org/apache/commons/configuration2/beanutils/TestXMLBeanDeclaration.java,,,,assert,unknown
conf_1802_1,commons-configuration2-2.8.0-src,TestXMLBeanDeclaration,testInitFromUndefinedKeyOptional_1_oe,src/test/java/org/apache/commons/configuration2/beanutils/TestXMLBeanDeclaration.java,,,,assert,unknown
conf_1803_1,commons-configuration2-2.8.0-src,TestXMLBeanDeclaration,testInterpolateNoInterpolator_1_oe,src/test/java/org/apache/commons/configuration2/beanutils/TestXMLBeanDeclaration.java,,,,assert,unknown
conf_1804_1,commons-configuration2-2.8.0-src,TestXMLBeanDeclaration,tetGetBeanClassNameDefaultOverride_1_oe,src/test/java/org/apache/commons/configuration2/beanutils/TestXMLBeanDeclaration.java,,,,assert,unknown
conf_1805_1,commons-configuration2-2.8.0-src,TestReadWriteSynchronizer,testSynchronizerInAction_1_oe,src/test/java/org/apache/commons/configuration2/sync/TestReadWriteSynchronizer.java,,,,assert,unknown
conf_1805_2,commons-configuration2-2.8.0-src,TestReadWriteSynchronizer,testSynchronizerInAction_2_oe,src/test/java/org/apache/commons/configuration2/sync/TestReadWriteSynchronizer.java,,,,assert,unknown
conf_1806_1,commons-configuration2-2.8.0-src,TestInterpolatorSpecification,testBuilderReuse_1_oe,src/test/java/org/apache/commons/configuration2/interpol/TestInterpolatorSpecification.java,,,,assert,unknown
conf_1806_2,commons-configuration2-2.8.0-src,TestInterpolatorSpecification,testBuilderReuse_2_oe,src/test/java/org/apache/commons/configuration2/interpol/TestInterpolatorSpecification.java,,,,assert,unknown
conf_1806_3,commons-configuration2-2.8.0-src,TestInterpolatorSpecification,testBuilderReuse_3_oe,src/test/java/org/apache/commons/configuration2/interpol/TestInterpolatorSpecification.java,,,,assert,unknown
conf_1807_1,commons-configuration2-2.8.0-src,TestInterpolatorSpecification,testCreateInstance_1_oe,src/test/java/org/apache/commons/configuration2/interpol/TestInterpolatorSpecification.java,,,,assert,unknown
conf_1807_2,commons-configuration2-2.8.0-src,TestInterpolatorSpecification,testCreateInstance_2_oe,src/test/java/org/apache/commons/configuration2/interpol/TestInterpolatorSpecification.java,,,,assert,unknown
conf_1807_3,commons-configuration2-2.8.0-src,TestInterpolatorSpecification,testCreateInstance_3_oe,src/test/java/org/apache/commons/configuration2/interpol/TestInterpolatorSpecification.java,,,,assert,unknown
conf_1808_1,commons-configuration2-2.8.0-src,TestInterpolatorSpecification,testWithDefaultLookupsNull_1_oe,src/test/java/org/apache/commons/configuration2/interpol/TestInterpolatorSpecification.java,,,,assert,unknown
conf_1809_1,commons-configuration2-2.8.0-src,TestInterpolatorSpecification,testWithPrefixLookupsNull_1_oe,src/test/java/org/apache/commons/configuration2/interpol/TestInterpolatorSpecification.java,,,,assert,unknown
conf_1810_1,commons-configuration2-2.8.0-src,TestExprLookup,testGetVariables_1_oe,src/test/java/org/apache/commons/configuration2/interpol/TestExprLookup.java,,,,assert,unknown
conf_1811_1,commons-configuration2-2.8.0-src,TestExprLookup,testGetVariablesDefensiveCopy_1_oe,src/test/java/org/apache/commons/configuration2/interpol/TestExprLookup.java,,,,assert,unknown
conf_1812_1,commons-configuration2-2.8.0-src,TestExprLookup,testLookup_1_oe,src/test/java/org/apache/commons/configuration2/interpol/TestExprLookup.java,,,,assert,unknown
conf_1812_2,commons-configuration2-2.8.0-src,TestExprLookup,testLookup_2_oe,src/test/java/org/apache/commons/configuration2/interpol/TestExprLookup.java,,,,assert,unknown
conf_1813_1,commons-configuration2-2.8.0-src,TestExprLookup,testLookupLog4j1_1_oe,src/test/java/org/apache/commons/configuration2/interpol/TestExprLookup.java,,,,assert,unknown
conf_1813_2,commons-configuration2-2.8.0-src,TestExprLookup,testLookupLog4j1_2_oe,src/test/java/org/apache/commons/configuration2/interpol/TestExprLookup.java,,,,assert,unknown
conf_1814_1,commons-configuration2-2.8.0-src,TestExprLookup,testLookupNoConfigurationInterpolator_1_oe,src/test/java/org/apache/commons/configuration2/interpol/TestExprLookup.java,,,,assert,unknown
conf_1815_1,commons-configuration2-2.8.0-src,TestExprLookup,testLookupNonStringExpression_1_oe,src/test/java/org/apache/commons/configuration2/interpol/TestExprLookup.java,,,,assert,unknown
conf_1816_1,commons-configuration2-2.8.0-src,TestExprLookup,testLookupNullExpression_1_oe,src/test/java/org/apache/commons/configuration2/interpol/TestExprLookup.java,,,,assert,unknown
conf_1817_1,commons-configuration2-2.8.0-src,TestEnvironmentLookup,testLookup_1_oe,src/test/java/org/apache/commons/configuration2/interpol/TestEnvironmentLookup.java,,,,assert,unknown
conf_1818_1,commons-configuration2-2.8.0-src,TestEnvironmentLookup,testLookupNonExisting_1_oe,src/test/java/org/apache/commons/configuration2/interpol/TestEnvironmentLookup.java,,,,assert,unknown
conf_1819_1,commons-configuration2-2.8.0-src,TestConfigurationInterpolator,testAddDefaultLookups_1_oe,src/test/java/org/apache/commons/configuration2/interpol/TestConfigurationInterpolator.java,,,,assert,unknown
conf_1819_2,commons-configuration2-2.8.0-src,TestConfigurationInterpolator,testAddDefaultLookups_2_oe,src/test/java/org/apache/commons/configuration2/interpol/TestConfigurationInterpolator.java,,,,assert,unknown
conf_1820_1,commons-configuration2-2.8.0-src,TestConfigurationInterpolator,testAddDefaultLookupsNull_1_oe,src/test/java/org/apache/commons/configuration2/interpol/TestConfigurationInterpolator.java,,,,assert,unknown
conf_1821_1,commons-configuration2-2.8.0-src,TestConfigurationInterpolator,testDeregisterLookup_1_oe,src/test/java/org/apache/commons/configuration2/interpol/TestConfigurationInterpolator.java,,,,assert,unknown
conf_1821_2,commons-configuration2-2.8.0-src,TestConfigurationInterpolator,testDeregisterLookup_2_oe,src/test/java/org/apache/commons/configuration2/interpol/TestConfigurationInterpolator.java,,,,assert,unknown
conf_1821_3,commons-configuration2-2.8.0-src,TestConfigurationInterpolator,testDeregisterLookup_3_oe,src/test/java/org/apache/commons/configuration2/interpol/TestConfigurationInterpolator.java,,,,assert,unknown
conf_1822_1,commons-configuration2-2.8.0-src,TestConfigurationInterpolator,testDeregisterLookupNonExisting_1_oe,src/test/java/org/apache/commons/configuration2/interpol/TestConfigurationInterpolator.java,,,,assert,unknown
conf_1823_1,commons-configuration2-2.8.0-src,TestConfigurationInterpolator,testEnableSubstitutionInVariables_1_oe,src/test/java/org/apache/commons/configuration2/interpol/TestConfigurationInterpolator.java,,,,assert,unknown
conf_1823_2,commons-configuration2-2.8.0-src,TestConfigurationInterpolator,testEnableSubstitutionInVariables_2_oe,src/test/java/org/apache/commons/configuration2/interpol/TestConfigurationInterpolator.java,,,,assert,unknown
conf_1823_3,commons-configuration2-2.8.0-src,TestConfigurationInterpolator,testEnableSubstitutionInVariables_3_oe,src/test/java/org/apache/commons/configuration2/interpol/TestConfigurationInterpolator.java,,,,assert,unknown
conf_1823_4,commons-configuration2-2.8.0-src,TestConfigurationInterpolator,testEnableSubstitutionInVariables_4_oe,src/test/java/org/apache/commons/configuration2/interpol/TestConfigurationInterpolator.java,,,,assert,unknown
conf_1824_1,commons-configuration2-2.8.0-src,TestConfigurationInterpolator,testFromSpecificationInterpolator_1_oe,src/test/java/org/apache/commons/configuration2/interpol/TestConfigurationInterpolator.java,,,,assert,unknown
conf_1825_1,commons-configuration2-2.8.0-src,TestConfigurationInterpolator,testFromSpecificationNewInstance_1_oe,src/test/java/org/apache/commons/configuration2/interpol/TestConfigurationInterpolator.java,,,,assert,unknown
conf_1825_2,commons-configuration2-2.8.0-src,TestConfigurationInterpolator,testFromSpecificationNewInstance_2_oe,src/test/java/org/apache/commons/configuration2/interpol/TestConfigurationInterpolator.java,,,,assert,unknown
conf_1825_3,commons-configuration2-2.8.0-src,TestConfigurationInterpolator,testFromSpecificationNewInstance_3_oe,src/test/java/org/apache/commons/configuration2/interpol/TestConfigurationInterpolator.java,,,,assert,unknown
conf_1825_4,commons-configuration2-2.8.0-src,TestConfigurationInterpolator,testFromSpecificationNewInstance_4_oe,src/test/java/org/apache/commons/configuration2/interpol/TestConfigurationInterpolator.java,,,,assert,unknown
conf_1825_5,commons-configuration2-2.8.0-src,TestConfigurationInterpolator,testFromSpecificationNewInstance_5_oe,src/test/java/org/apache/commons/configuration2/interpol/TestConfigurationInterpolator.java,,,,assert,unknown
conf_1825_6,commons-configuration2-2.8.0-src,TestConfigurationInterpolator,testFromSpecificationNewInstance_6_oe,src/test/java/org/apache/commons/configuration2/interpol/TestConfigurationInterpolator.java,,,,assert,unknown
conf_1826_1,commons-configuration2-2.8.0-src,TestConfigurationInterpolator,testGetDefaultLookupsModify_1_oe,src/test/java/org/apache/commons/configuration2/interpol/TestConfigurationInterpolator.java,,,,assert,unknown
conf_1827_1,commons-configuration2-2.8.0-src,TestConfigurationInterpolator,testGetDefaultPrefixLookups_1_oe,src/test/java/org/apache/commons/configuration2/interpol/TestConfigurationInterpolator.java,,,,assert,unknown
conf_1827_2,commons-configuration2-2.8.0-src,TestConfigurationInterpolator,testGetDefaultPrefixLookups_2_oe,src/test/java/org/apache/commons/configuration2/interpol/TestConfigurationInterpolator.java,,,,assert,unknown
conf_1827_3,commons-configuration2-2.8.0-src,TestConfigurationInterpolator,testGetDefaultPrefixLookups_3_oe,src/test/java/org/apache/commons/configuration2/interpol/TestConfigurationInterpolator.java,,,,assert,unknown
conf_1828_1,commons-configuration2-2.8.0-src,TestConfigurationInterpolator,testGetLookupsModify_1_oe,src/test/java/org/apache/commons/configuration2/interpol/TestConfigurationInterpolator.java,,,,assert,unknown
conf_1829_1,commons-configuration2-2.8.0-src,TestConfigurationInterpolator,testSetStringConverter_1_oe,src/test/java/org/apache/commons/configuration2/interpol/TestConfigurationInterpolator.java,,,,assert,unknown
conf_1829_2,commons-configuration2-2.8.0-src,TestConfigurationInterpolator,testSetStringConverter_2_oe,src/test/java/org/apache/commons/configuration2/interpol/TestConfigurationInterpolator.java,,,,assert,unknown
conf_1830_1,commons-configuration2-2.8.0-src,TestConfigurationInterpolator,testSetStringConverterNullArgumentUsesDefault_1_oe,src/test/java/org/apache/commons/configuration2/interpol/TestConfigurationInterpolator.java,,,,assert,unknown
conf_1830_2,commons-configuration2-2.8.0-src,TestConfigurationInterpolator,testSetStringConverterNullArgumentUsesDefault_2_oe,src/test/java/org/apache/commons/configuration2/interpol/TestConfigurationInterpolator.java,,,,assert,unknown
conf_1831_1,commons-configuration2-2.8.0-src,TestConfigurationInterpolator,testInit_1_oe,src/test/java/org/apache/commons/configuration2/interpol/TestConfigurationInterpolator.java,,,,assert,unknown
conf_1831_2,commons-configuration2-2.8.0-src,TestConfigurationInterpolator,testInit_2_oe,src/test/java/org/apache/commons/configuration2/interpol/TestConfigurationInterpolator.java,,,,assert,unknown
conf_1831_3,commons-configuration2-2.8.0-src,TestConfigurationInterpolator,testInit_3_oe,src/test/java/org/apache/commons/configuration2/interpol/TestConfigurationInterpolator.java,,,,assert,unknown
conf_1831_4,commons-configuration2-2.8.0-src,TestConfigurationInterpolator,testInit_4_oe,src/test/java/org/apache/commons/configuration2/interpol/TestConfigurationInterpolator.java,,,,assert,unknown
conf_1831_5,commons-configuration2-2.8.0-src,TestConfigurationInterpolator,testInit_5_oe,src/test/java/org/apache/commons/configuration2/interpol/TestConfigurationInterpolator.java,,,,assert,unknown
conf_1832_1,commons-configuration2-2.8.0-src,TestConfigurationInterpolator,testInterpolateEmptyVariable_1_oe,src/test/java/org/apache/commons/configuration2/interpol/TestConfigurationInterpolator.java,,,,assert,unknown
conf_1833_1,commons-configuration2-2.8.0-src,TestConfigurationInterpolator,testInterpolateBlankVariable_1_oe,src/test/java/org/apache/commons/configuration2/interpol/TestConfigurationInterpolator.java,,,,assert,unknown
conf_1834_1,commons-configuration2-2.8.0-src,TestConfigurationInterpolator,testInterpolateObject_1_oe,src/test/java/org/apache/commons/configuration2/interpol/TestConfigurationInterpolator.java,,,,assert,unknown
conf_1835_1,commons-configuration2-2.8.0-src,TestConfigurationInterpolator,testInterpolateCollection_1_oe,src/test/java/org/apache/commons/configuration2/interpol/TestConfigurationInterpolator.java,,,,assert,unknown
conf_1836_1,commons-configuration2-2.8.0-src,TestConfigurationInterpolator,testInterpolateArray_1_oe,src/test/java/org/apache/commons/configuration2/interpol/TestConfigurationInterpolator.java,,,,assert,unknown
conf_1837_1,commons-configuration2-2.8.0-src,TestConfigurationInterpolator,testInterpolateString_1_oe,src/test/java/org/apache/commons/configuration2/interpol/TestConfigurationInterpolator.java,,,,assert,unknown
conf_1838_1,commons-configuration2-2.8.0-src,TestConfigurationInterpolator,testInterpolateStringUnknownVariable_1_oe,src/test/java/org/apache/commons/configuration2/interpol/TestConfigurationInterpolator.java,,,,assert,unknown
conf_1839_1,commons-configuration2-2.8.0-src,TestConfigurationInterpolator,testInterpolationMultipleVariables_1_oe,src/test/java/org/apache/commons/configuration2/interpol/TestConfigurationInterpolator.java,,,,assert,unknown
conf_1840_1,commons-configuration2-2.8.0-src,TestConfigurationInterpolator,testInterpolationMultipleSimpleNonStringVariables_1_oe,src/test/java/org/apache/commons/configuration2/interpol/TestConfigurationInterpolator.java,,,,assert,unknown
conf_1841_1,commons-configuration2-2.8.0-src,TestConfigurationInterpolator,testInterpolationMultipleCollectionVariables_1_oe,src/test/java/org/apache/commons/configuration2/interpol/TestConfigurationInterpolator.java,,,,assert,unknown
conf_1842_1,commons-configuration2-2.8.0-src,TestConfigurationInterpolator,testInterpolationMultipleArrayVariables_1_oe,src/test/java/org/apache/commons/configuration2/interpol/TestConfigurationInterpolator.java,,,,assert,unknown
conf_1843_1,commons-configuration2-2.8.0-src,TestConfigurationInterpolator,testInterpolationSingleVariable_1_oe,src/test/java/org/apache/commons/configuration2/interpol/TestConfigurationInterpolator.java,,,,assert,unknown
conf_1844_1,commons-configuration2-2.8.0-src,TestConfigurationInterpolator,testInterpolationSingleCollectionVariable_1_oe,src/test/java/org/apache/commons/configuration2/interpol/TestConfigurationInterpolator.java,,,,assert,unknown
conf_1845_1,commons-configuration2-2.8.0-src,TestConfigurationInterpolator,testInterpolationSingleArrayVariable_1_oe,src/test/java/org/apache/commons/configuration2/interpol/TestConfigurationInterpolator.java,,,,assert,unknown
conf_1846_1,commons-configuration2-2.8.0-src,TestConfigurationInterpolator,testInterpolationSingleVariableDefaultValue_1_oe,src/test/java/org/apache/commons/configuration2/interpol/TestConfigurationInterpolator.java,,,,assert,unknown
conf_1846_2,commons-configuration2-2.8.0-src,TestConfigurationInterpolator,testInterpolationSingleVariableDefaultValue_2_oe,src/test/java/org/apache/commons/configuration2/interpol/TestConfigurationInterpolator.java,,,,assert,unknown
conf_1846_3,commons-configuration2-2.8.0-src,TestConfigurationInterpolator,testInterpolationSingleVariableDefaultValue_3_oe,src/test/java/org/apache/commons/configuration2/interpol/TestConfigurationInterpolator.java,,,,assert,unknown
conf_1848_1,commons-configuration2-2.8.0-src,TestConfigurationInterpolator,testInterpolationBeginningAndEndingRiskyVariableLookups_1_oe,src/test/java/org/apache/commons/configuration2/interpol/TestConfigurationInterpolator.java,,,,assert,unknown
conf_1849_1,commons-configuration2-2.8.0-src,TestConfigurationInterpolator,testNullSafeLookupExisting_1_oe,src/test/java/org/apache/commons/configuration2/interpol/TestConfigurationInterpolator.java,,,,assert,unknown
conf_1850_1,commons-configuration2-2.8.0-src,TestConfigurationInterpolator,testNullSafeLookupNull_1_oe,src/test/java/org/apache/commons/configuration2/interpol/TestConfigurationInterpolator.java,,,,assert,unknown
conf_1851_1,commons-configuration2-2.8.0-src,TestConfigurationInterpolator,testRegisterLookup_1_oe,src/test/java/org/apache/commons/configuration2/interpol/TestConfigurationInterpolator.java,,,,assert,unknown
conf_1851_2,commons-configuration2-2.8.0-src,TestConfigurationInterpolator,testRegisterLookup_2_oe,src/test/java/org/apache/commons/configuration2/interpol/TestConfigurationInterpolator.java,,,,assert,unknown
conf_1851_3,commons-configuration2-2.8.0-src,TestConfigurationInterpolator,testRegisterLookup_3_oe,src/test/java/org/apache/commons/configuration2/interpol/TestConfigurationInterpolator.java,,,,assert,unknown
conf_1852_1,commons-configuration2-2.8.0-src,TestConfigurationInterpolator,testRegisterLookups_1_oe,src/test/java/org/apache/commons/configuration2/interpol/TestConfigurationInterpolator.java,,,,assert,unknown
conf_1852_2,commons-configuration2-2.8.0-src,TestConfigurationInterpolator,testRegisterLookups_2_oe,src/test/java/org/apache/commons/configuration2/interpol/TestConfigurationInterpolator.java,,,,assert,unknown
conf_1852_3,commons-configuration2-2.8.0-src,TestConfigurationInterpolator,testRegisterLookups_3_oe,src/test/java/org/apache/commons/configuration2/interpol/TestConfigurationInterpolator.java,,,,assert,unknown
conf_1853_1,commons-configuration2-2.8.0-src,TestConfigurationInterpolator,testRegisterLookupsNull_1_oe,src/test/java/org/apache/commons/configuration2/interpol/TestConfigurationInterpolator.java,,,,assert,unknown
conf_1854_1,commons-configuration2-2.8.0-src,TestConfigurationInterpolator,testRemoveDefaultLookup_1_oe,src/test/java/org/apache/commons/configuration2/interpol/TestConfigurationInterpolator.java,,,,assert,unknown
conf_1854_2,commons-configuration2-2.8.0-src,TestConfigurationInterpolator,testRemoveDefaultLookup_2_oe,src/test/java/org/apache/commons/configuration2/interpol/TestConfigurationInterpolator.java,,,,assert,unknown
conf_1854_3,commons-configuration2-2.8.0-src,TestConfigurationInterpolator,testRemoveDefaultLookup_3_oe,src/test/java/org/apache/commons/configuration2/interpol/TestConfigurationInterpolator.java,,,,assert,unknown
conf_1855_1,commons-configuration2-2.8.0-src,TestConfigurationInterpolator,testRemoveDefaultLookupNonExisting_1_oe,src/test/java/org/apache/commons/configuration2/interpol/TestConfigurationInterpolator.java,,,,assert,unknown
conf_1856_1,commons-configuration2-2.8.0-src,TestConfigurationInterpolator,testResolveDefault_1_oe,src/test/java/org/apache/commons/configuration2/interpol/TestConfigurationInterpolator.java,,,,assert,unknown
conf_1857_1,commons-configuration2-2.8.0-src,TestConfigurationInterpolator,testResolveDefaultAfterPrefixFails_1_oe,src/test/java/org/apache/commons/configuration2/interpol/TestConfigurationInterpolator.java,,,,assert,unknown
conf_1858_1,commons-configuration2-2.8.0-src,TestConfigurationInterpolator,testResolveDefaultEmptyVarName_1_oe,src/test/java/org/apache/commons/configuration2/interpol/TestConfigurationInterpolator.java,,,,assert,unknown
conf_1859_1,commons-configuration2-2.8.0-src,TestConfigurationInterpolator,testResolveEmptyPrefix_1_oe,src/test/java/org/apache/commons/configuration2/interpol/TestConfigurationInterpolator.java,,,,assert,unknown
conf_1860_1,commons-configuration2-2.8.0-src,TestConfigurationInterpolator,testResolveEmptyVarName_1_oe,src/test/java/org/apache/commons/configuration2/interpol/TestConfigurationInterpolator.java,,,,assert,unknown
conf_1861_1,commons-configuration2-2.8.0-src,TestConfigurationInterpolator,testResolveNoDefault_1_oe,src/test/java/org/apache/commons/configuration2/interpol/TestConfigurationInterpolator.java,,,,assert,unknown
conf_1862_1,commons-configuration2-2.8.0-src,TestConfigurationInterpolator,testResolveNull_1_oe,src/test/java/org/apache/commons/configuration2/interpol/TestConfigurationInterpolator.java,,,,assert,unknown
conf_1863_1,commons-configuration2-2.8.0-src,TestConfigurationInterpolator,testResolveParentVariableFound_1_oe,src/test/java/org/apache/commons/configuration2/interpol/TestConfigurationInterpolator.java,,,,assert,unknown
conf_1864_1,commons-configuration2-2.8.0-src,TestConfigurationInterpolator,testResolveParentVariableNotFound_1_oe,src/test/java/org/apache/commons/configuration2/interpol/TestConfigurationInterpolator.java,,,,assert,unknown
conf_1865_1,commons-configuration2-2.8.0-src,TestConfigurationInterpolator,testResolveWithPrefix_1_oe,src/test/java/org/apache/commons/configuration2/interpol/TestConfigurationInterpolator.java,,,,assert,unknown
conf_1866_1,commons-configuration2-2.8.0-src,TestConfigurationInterpolator,testResolveWithUnknownPrefix_1_oe,src/test/java/org/apache/commons/configuration2/interpol/TestConfigurationInterpolator.java,,,,assert,unknown
conf_1866_2,commons-configuration2-2.8.0-src,TestConfigurationInterpolator,testResolveWithUnknownPrefix_2_oe,src/test/java/org/apache/commons/configuration2/interpol/TestConfigurationInterpolator.java,,,,assert,unknown
conf_1867_2,commons-configuration2-2.8.0-src,TestConfigurationInterpolator,testDefaultStringLookupsHolder_invalidLookupsDefinition_2_oe,src/test/java/org/apache/commons/configuration2/interpol/TestConfigurationInterpolator.java,,,,assert,unknown
conf_1868_1,commons-configuration2-2.8.0-src,TestSystemPropertiesLookup,testLookupProperties_1_oe,src/test/java/org/apache/commons/configuration2/interpol/TestSystemPropertiesLookup.java,,,,assert,unknown
conf_1869_1,commons-configuration2-2.8.0-src,TestSystemPropertiesLookup,testLookupUnknownProperty_1_oe,src/test/java/org/apache/commons/configuration2/interpol/TestSystemPropertiesLookup.java,,,,assert,unknown
conf_1870_1,commons-configuration2-2.8.0-src,TestConstantLookup,testLookupConstant_1_oe,src/test/java/org/apache/commons/configuration2/interpol/TestConstantLookup.java,,,,assert,unknown
conf_1871_1,commons-configuration2-2.8.0-src,TestConstantLookup,testLookupInvalidSyntax_1_oe,src/test/java/org/apache/commons/configuration2/interpol/TestConstantLookup.java,,,,assert,unknown
conf_1872_1,commons-configuration2-2.8.0-src,TestConstantLookup,testLookupNonExisting_1_oe,src/test/java/org/apache/commons/configuration2/interpol/TestConstantLookup.java,,,,assert,unknown
conf_1873_1,commons-configuration2-2.8.0-src,TestConstantLookup,testLookupNonStringFromCache_1_oe,src/test/java/org/apache/commons/configuration2/interpol/TestConstantLookup.java,,,,assert,unknown
conf_1873_2,commons-configuration2-2.8.0-src,TestConstantLookup,testLookupNonStringFromCache_2_oe,src/test/java/org/apache/commons/configuration2/interpol/TestConstantLookup.java,,,,assert,unknown
conf_1874_1,commons-configuration2-2.8.0-src,TestConstantLookup,testLookupNull_1_oe,src/test/java/org/apache/commons/configuration2/interpol/TestConstantLookup.java,,,,assert,unknown
conf_1875_1,commons-configuration2-2.8.0-src,TestConstantLookup,testLookupPrivate_1_oe,src/test/java/org/apache/commons/configuration2/interpol/TestConstantLookup.java,,,,assert,unknown
conf_1876_1,commons-configuration2-2.8.0-src,TestConstantLookup,testLookupUnknownClass_1_oe,src/test/java/org/apache/commons/configuration2/interpol/TestConstantLookup.java,,,,assert,unknown
conf_1877_1,commons-configuration2-2.8.0-src,TestDummyLookup,testLookup_1_oe,src/test/java/org/apache/commons/configuration2/interpol/TestDummyLookup.java,,,,assert,unknown
conf_1877_2,commons-configuration2-2.8.0-src,TestDummyLookup,testLookup_2_oe,src/test/java/org/apache/commons/configuration2/interpol/TestDummyLookup.java,,,,assert,unknown
