id,test_prefix,test_name,mut_class,method_under_test,mut_docstring,mut_method_definition,focal_method,docstring
dbut_1_1,"    public void testLoad_1_oe() throws IOException {
        QueryLoader loader = QueryLoader.instance();
        Map<String,String> q = loader.load(QUERIES);
        Map<String,String> q2 = loader.load(QUERIES);
        assertTrue(q == q2);// pointer comparison should return true assertEquals(""SELECT * FROM SomeTable"",q.get(""test.query""));
    }
",QueryLoaderTest::testLoad_1_oe,org.apache.commons.dbutils.BasicRowProcessor.CaseInsensitiveHashMap,get(Object key),/** {@inheritDoc} */,"@Override
        public Object get(Object key) {
            Object realKey = lowerCaseMap.get(key.toString().toLowerCase(Locale.ENGLISH));
            return super.get(realKey);
        }","@Override
        public Object get(Object key) {
            Object realKey = lowerCaseMap.get(key.toString().toLowerCase(Locale.ENGLISH));
            return super.get(realKey);
        }",/** {@inheritDoc} */
dbut_1_2,"    public void testLoad_2_oe() throws IOException {
        QueryLoader loader = QueryLoader.instance();
        Map<String,String> q = loader.load(QUERIES);
        Map<String,String> q2 = loader.load(QUERIES);
        // removed other assertion

        loader.unload(QUERIES);
        Map<String,String> q3 = loader.load(QUERIES);
        assertTrue(q != q3); // pointer comparison should return false;
    }
",QueryLoaderTest::testLoad_2_oe,org.apache.commons.dbutils.QueryLoader,load(String path),"/**
     * Loads a Map of query names to SQL values.  The Maps are cached so a
     * subsequent request to load queries from the same path will return
     * the cached Map.  The properties file to load can be in either
     * line-oriented or XML format.  XML formatted properties files must use a
     * <code>.xml</code> file extension.
     *
     * @param path The path that the ClassLoader will use to find the file.
     * This is <strong>not</strong> a file system path.  If you had a jarred
     * Queries.properties file in the com.yourcorp.app.jdbc package you would
     * pass ""/com/yourcorp/app/jdbc/Queries.properties"" to this method.
     * @throws IOException if a file access error occurs
     * @throws IllegalArgumentException if the ClassLoader can't find a file at
     * the given path.
     * @throws java.util.InvalidPropertiesFormatException if the XML properties file is
     * invalid
     * @return Map of query names to SQL values
     * @see java.util.Properties
     */","public synchronized Map<String, String> load(String path) throws IOException {

        Map<String, String> queryMap = this.queries.get(path);

        if (queryMap == null) {
            queryMap = this.loadQueries(path);
            this.queries.put(path, queryMap);
        }

        return queryMap;
    }","public synchronized Map<String, String> load(String path) throws IOException {

        Map<String, String> queryMap = this.queries.get(path);

        if (queryMap == null) {
            queryMap = this.loadQueries(path);
            this.queries.put(path, queryMap);
        }

        return queryMap;
    }","/**
     * Loads a Map of query names to SQL values.  The Maps are cached so a
     * subsequent request to load queries from the same path will return
     * the cached Map.  The properties file to load can be in either
     * line-oriented or XML format.  XML formatted properties files must use a
     * <code>.xml</code> file extension.
     *
     * @param path The path that the ClassLoader will use to find the file.
     * This is <strong>not</strong> a file system path.  If you had a jarred
     * Queries.properties file in the com.yourcorp.app.jdbc package you would
     * pass ""/com/yourcorp/app/jdbc/Queries.properties"" to this method.
     * @throws IOException if a file access error occurs
     * @throws IllegalArgumentException if the ClassLoader can't find a file at
     * the given path.
     * @throws java.util.InvalidPropertiesFormatException if the XML properties file is
     * invalid
     * @return Map of query names to SQL values
     * @see java.util.Properties
     */"
dbut_2_2,"    public void testLoadThrowsIllegalArgumentException_2_oe() throws IOException {

        QueryLoader queryLoader = QueryLoader.instance();

        try {
            queryLoader.load(""e"");
            // removed other assertion
        } catch(IllegalArgumentException e) {
            assertEquals(""e not found."",e.getMessage());
    }
    }
",QueryLoaderTest::testLoadThrowsIllegalArgumentException_2_oe,org.apache.commons.dbutils.QueryLoader,load(String path),"/**
     * Loads a Map of query names to SQL values.  The Maps are cached so a
     * subsequent request to load queries from the same path will return
     * the cached Map.  The properties file to load can be in either
     * line-oriented or XML format.  XML formatted properties files must use a
     * <code>.xml</code> file extension.
     *
     * @param path The path that the ClassLoader will use to find the file.
     * This is <strong>not</strong> a file system path.  If you had a jarred
     * Queries.properties file in the com.yourcorp.app.jdbc package you would
     * pass ""/com/yourcorp/app/jdbc/Queries.properties"" to this method.
     * @throws IOException if a file access error occurs
     * @throws IllegalArgumentException if the ClassLoader can't find a file at
     * the given path.
     * @throws java.util.InvalidPropertiesFormatException if the XML properties file is
     * invalid
     * @return Map of query names to SQL values
     * @see java.util.Properties
     */","public synchronized Map<String, String> load(String path) throws IOException {

        Map<String, String> queryMap = this.queries.get(path);

        if (queryMap == null) {
            queryMap = this.loadQueries(path);
            this.queries.put(path, queryMap);
        }

        return queryMap;
    }","public synchronized Map<String, String> load(String path) throws IOException {

        Map<String, String> queryMap = this.queries.get(path);

        if (queryMap == null) {
            queryMap = this.loadQueries(path);
            this.queries.put(path, queryMap);
        }

        return queryMap;
    }","/**
     * Loads a Map of query names to SQL values.  The Maps are cached so a
     * subsequent request to load queries from the same path will return
     * the cached Map.  The properties file to load can be in either
     * line-oriented or XML format.  XML formatted properties files must use a
     * <code>.xml</code> file extension.
     *
     * @param path The path that the ClassLoader will use to find the file.
     * This is <strong>not</strong> a file system path.  If you had a jarred
     * Queries.properties file in the com.yourcorp.app.jdbc package you would
     * pass ""/com/yourcorp/app/jdbc/Queries.properties"" to this method.
     * @throws IOException if a file access error occurs
     * @throws IllegalArgumentException if the ClassLoader can't find a file at
     * the given path.
     * @throws java.util.InvalidPropertiesFormatException if the XML properties file is
     * invalid
     * @return Map of query names to SQL values
     * @see java.util.Properties
     */"
dbut_2_3,"    public void testLoadThrowsIllegalArgumentException_3_oe() throws IOException {

        QueryLoader queryLoader = QueryLoader.instance();

        try {
            queryLoader.load(""e"");
            // removed other assertion
        } catch(IllegalArgumentException e) {
            // removed other assertion
            assertEquals(QueryLoader.class.getName(), e.getStackTrace()[0].getClassName());
    }
    }
",QueryLoaderTest::testLoadThrowsIllegalArgumentException_3_oe,org.apache.commons.dbutils.QueryLoader,load(String path),"/**
     * Loads a Map of query names to SQL values.  The Maps are cached so a
     * subsequent request to load queries from the same path will return
     * the cached Map.  The properties file to load can be in either
     * line-oriented or XML format.  XML formatted properties files must use a
     * <code>.xml</code> file extension.
     *
     * @param path The path that the ClassLoader will use to find the file.
     * This is <strong>not</strong> a file system path.  If you had a jarred
     * Queries.properties file in the com.yourcorp.app.jdbc package you would
     * pass ""/com/yourcorp/app/jdbc/Queries.properties"" to this method.
     * @throws IOException if a file access error occurs
     * @throws IllegalArgumentException if the ClassLoader can't find a file at
     * the given path.
     * @throws java.util.InvalidPropertiesFormatException if the XML properties file is
     * invalid
     * @return Map of query names to SQL values
     * @see java.util.Properties
     */","public synchronized Map<String, String> load(String path) throws IOException {

        Map<String, String> queryMap = this.queries.get(path);

        if (queryMap == null) {
            queryMap = this.loadQueries(path);
            this.queries.put(path, queryMap);
        }

        return queryMap;
    }","public synchronized Map<String, String> load(String path) throws IOException {

        Map<String, String> queryMap = this.queries.get(path);

        if (queryMap == null) {
            queryMap = this.loadQueries(path);
            this.queries.put(path, queryMap);
        }

        return queryMap;
    }","/**
     * Loads a Map of query names to SQL values.  The Maps are cached so a
     * subsequent request to load queries from the same path will return
     * the cached Map.  The properties file to load can be in either
     * line-oriented or XML format.  XML formatted properties files must use a
     * <code>.xml</code> file extension.
     *
     * @param path The path that the ClassLoader will use to find the file.
     * This is <strong>not</strong> a file system path.  If you had a jarred
     * Queries.properties file in the com.yourcorp.app.jdbc package you would
     * pass ""/com/yourcorp/app/jdbc/Queries.properties"" to this method.
     * @throws IOException if a file access error occurs
     * @throws IllegalArgumentException if the ClassLoader can't find a file at
     * the given path.
     * @throws java.util.InvalidPropertiesFormatException if the XML properties file is
     * invalid
     * @return Map of query names to SQL values
     * @see java.util.Properties
     */"
dbut_3_1,"    public void testProcessWithToBean_1_oe() throws SQLException {
        TestBean b = null;
        assertTrue(this.rs.next());
    }
",BeanProcessorTest::testProcessWithToBean_1_oe,org.apache.commons.dbutils.ResultSetIterator,next(),"/**
     * Returns the next row as an <code>Object[]</code>.
     * @return An <code>Object[]</code> with the same number of elements as
     * columns in the <code>ResultSet</code>.
     * @see java.util.Iterator#next()
     * @throws RuntimeException if an SQLException occurs.
     */","@Override
    public Object[] next() {
        try {
            rs.next();
            return this.convert.toArray(rs);
        } catch (SQLException e) {
            rethrow(e);
            return null;
        }
    }","@Override
    public Object[] next() {
        try {
            rs.next();
            return this.convert.toArray(rs);
        } catch (SQLException e) {
            rethrow(e);
            return null;
        }
    }","/**
     * Returns the next row as an <code>Object[]</code>.
     * @return An <code>Object[]</code> with the same number of elements as
     * columns in the <code>ResultSet</code>.
     * @see java.util.Iterator#next()
     * @throws RuntimeException if an SQLException occurs.
     */"
dbut_4_1,"    public void testProcessWithPopulateBean_1_oe() throws SQLException {
        TestBean b = new TestBean();

        assertTrue(this.rs.next());
    }
",BeanProcessorTest::testProcessWithPopulateBean_1_oe,org.apache.commons.dbutils.ResultSetIterator,next(),"/**
     * Returns the next row as an <code>Object[]</code>.
     * @return An <code>Object[]</code> with the same number of elements as
     * columns in the <code>ResultSet</code>.
     * @see java.util.Iterator#next()
     * @throws RuntimeException if an SQLException occurs.
     */","@Override
    public Object[] next() {
        try {
            rs.next();
            return this.convert.toArray(rs);
        } catch (SQLException e) {
            rethrow(e);
            return null;
        }
    }","@Override
    public Object[] next() {
        try {
            rs.next();
            return this.convert.toArray(rs);
        } catch (SQLException e) {
            rethrow(e);
            return null;
        }
    }","/**
     * Returns the next row as an <code>Object[]</code>.
     * @return An <code>Object[]</code> with the same number of elements as
     * columns in the <code>ResultSet</code>.
     * @see java.util.Iterator#next()
     * @throws RuntimeException if an SQLException occurs.
     */"
dbut_5_1,"    public void testMapColumnToProperties_1_oe() throws Exception {
        String[] columnNames = { ""test"", ""test"", ""three"" };
        String[] columnLabels = { ""one"", ""two"", null };
        ResultSetMetaData rsmd = ProxyFactory.instance().createResultSetMetaData(
                new MockResultSetMetaData(columnNames, columnLabels));
        PropertyDescriptor[] props = Introspector.getBeanInfo(MapColumnToPropertiesBean.class).getPropertyDescriptors();

        int[] columns = beanProc.mapColumnsToProperties(rsmd, props);
        for (int i = 1; i < columns.length; i++) {
            assertTrue(columns[i] != BeanProcessor.PROPERTY_NOT_FOUND);
    }
    }
",BeanProcessorTest::testMapColumnToProperties_1_oe,org.apache.commons.dbutils.GenerousBeanProcessor,"mapColumnsToProperties(final ResultSetMetaData rsmd,
            final PropertyDescriptor[] props)",,"@Override
    protected int[] mapColumnsToProperties(final ResultSetMetaData rsmd,
            final PropertyDescriptor[] props) throws SQLException {

        final int cols = rsmd.getColumnCount();
        final int[] columnToProperty = new int[cols + 1];
        Arrays.fill(columnToProperty, PROPERTY_NOT_FOUND);

        for (int col = 1; col <= cols; col++) {
            String columnName = rsmd.getColumnLabel(col);

            if (null == columnName || 0 == columnName.length()) {
                columnName = rsmd.getColumnName(col);
            }

            final String generousColumnName = columnName.replace(""_"", """");

            for (int i = 0; i < props.length; i++) {
                final String propName = props[i].getName();

                // see if either the column name, or the generous one matches
                if (columnName.equalsIgnoreCase(propName) ||
                        generousColumnName.equalsIgnoreCase(propName)) {
                    columnToProperty[col] = i;
                    break;
                }
            }
        }

        return columnToProperty;
    }","protected int[] mapColumnsToProperties(ResultSetMetaData rsmd,
            PropertyDescriptor[] props) throws SQLException {

        int cols = rsmd.getColumnCount();
        int[] columnToProperty = new int[cols + 1];
        Arrays.fill(columnToProperty, PROPERTY_NOT_FOUND);

        for (int col = 1; col <= cols; col++) {
            String columnName = rsmd.getColumnLabel(col);
            if (null == columnName || 0 == columnName.length()) {
              columnName = rsmd.getColumnName(col);
            }
            String propertyName = columnToPropertyOverrides.get(columnName);
            if (propertyName == null) {
                propertyName = columnName;
            }
            for (int i = 0; i < props.length; i++) {

                if (propertyName.equalsIgnoreCase(props[i].getName())) {
                    columnToProperty[col] = i;
                    break;
                }
            }
        }

        return columnToProperty;
    }","/**
     * The positions in the returned array represent column numbers.  The
     * values stored at each position represent the index in the
     * <code>PropertyDescriptor[]</code> for the bean property that matches
     * the column name.  If no bean property was found for a column, the
     * position is set to <code>PROPERTY_NOT_FOUND</code>.
     *
     * @param rsmd The <code>ResultSetMetaData</code> containing column
     * information.
     *
     * @param props The bean property descriptors.
     *
     * @throws SQLException if a database access error occurs
     *
     * @return An int[] with column index to property index mappings.  The 0th
     * element is meaningless because JDBC column indexing starts at 1.
     */"
dbut_6_1,"    public void testMapColumnToPropertiesWithOverrides_1_oe() throws Exception {
        Map<String, String> columnToPropertyOverrides = new HashMap<String, String>();
        columnToPropertyOverrides.put(""five"", ""four"");
        BeanProcessor beanProc = new BeanProcessor(columnToPropertyOverrides);
        String[] columnNames = { ""test"", ""test"", ""three"", ""five"" };
        String[] columnLabels = { ""one"", ""two"", null, null };
        ResultSetMetaData rsmd = ProxyFactory.instance().createResultSetMetaData(
                new MockResultSetMetaData(columnNames, columnLabels));
        PropertyDescriptor[] props = Introspector.getBeanInfo(MapColumnToPropertiesBean.class).getPropertyDescriptors();

        int[] columns = beanProc.mapColumnsToProperties(rsmd, props);
        for (int i = 1; i < columns.length; i++) {
            assertTrue(columns[i] != BeanProcessor.PROPERTY_NOT_FOUND);
    }
    }
",BeanProcessorTest::testMapColumnToPropertiesWithOverrides_1_oe,org.apache.commons.dbutils.BeanProcessor,"mapColumnsToProperties(ResultSetMetaData rsmd,
            PropertyDescriptor[] props)","/**
     * The positions in the returned array represent column numbers.  The
     * values stored at each position represent the index in the
     * <code>PropertyDescriptor[]</code> for the bean property that matches
     * the column name.  If no bean property was found for a column, the
     * position is set to <code>PROPERTY_NOT_FOUND</code>.
     *
     * @param rsmd The <code>ResultSetMetaData</code> containing column
     * information.
     *
     * @param props The bean property descriptors.
     *
     * @throws SQLException if a database access error occurs
     *
     * @return An int[] with column index to property index mappings.  The 0th
     * element is meaningless because JDBC column indexing starts at 1.
     */","protected int[] mapColumnsToProperties(ResultSetMetaData rsmd,
            PropertyDescriptor[] props) throws SQLException {

        int cols = rsmd.getColumnCount();
        int[] columnToProperty = new int[cols + 1];
        Arrays.fill(columnToProperty, PROPERTY_NOT_FOUND);

        for (int col = 1; col <= cols; col++) {
            String columnName = rsmd.getColumnLabel(col);
            if (null == columnName || 0 == columnName.length()) {
              columnName = rsmd.getColumnName(col);
            }
            String propertyName = columnToPropertyOverrides.get(columnName);
            if (propertyName == null) {
                propertyName = columnName;
            }
            for (int i = 0; i < props.length; i++) {

                if (propertyName.equalsIgnoreCase(props[i].getName())) {
                    columnToProperty[col] = i;
                    break;
                }
            }
        }

        return columnToProperty;
    }","protected int[] mapColumnsToProperties(ResultSetMetaData rsmd,
            PropertyDescriptor[] props) throws SQLException {

        int cols = rsmd.getColumnCount();
        int[] columnToProperty = new int[cols + 1];
        Arrays.fill(columnToProperty, PROPERTY_NOT_FOUND);

        for (int col = 1; col <= cols; col++) {
            String columnName = rsmd.getColumnLabel(col);
            if (null == columnName || 0 == columnName.length()) {
              columnName = rsmd.getColumnName(col);
            }
            String propertyName = columnToPropertyOverrides.get(columnName);
            if (propertyName == null) {
                propertyName = columnName;
            }
            for (int i = 0; i < props.length; i++) {

                if (propertyName.equalsIgnoreCase(props[i].getName())) {
                    columnToProperty[col] = i;
                    break;
                }
            }
        }

        return columnToProperty;
    }","/**
     * The positions in the returned array represent column numbers.  The
     * values stored at each position represent the index in the
     * <code>PropertyDescriptor[]</code> for the bean property that matches
     * the column name.  If no bean property was found for a column, the
     * position is set to <code>PROPERTY_NOT_FOUND</code>.
     *
     * @param rsmd The <code>ResultSetMetaData</code> containing column
     * information.
     *
     * @param props The bean property descriptors.
     *
     * @throws SQLException if a database access error occurs
     *
     * @return An int[] with column index to property index mappings.  The 0th
     * element is meaningless because JDBC column indexing starts at 1.
     */"
dbut_7_1,"    @Test
    public void testMapColumnsToPropertiesWithOutUnderscores_1_oe() throws Exception {
        when(metaData.getColumnCount()).thenReturn(3);
        
        when(metaData.getColumnLabel(1)).thenReturn(""three"");
        when(metaData.getColumnLabel(2)).thenReturn(""one"");
        when(metaData.getColumnLabel(3)).thenReturn(""two"");
        
        int[] ret = processor.mapColumnsToProperties(metaData, propDescriptors);
        
        assertNotNull(ret);
    }
",GenerousBeanProcessorTest::testMapColumnsToPropertiesWithOutUnderscores_1_oe,org.apache.commons.dbutils.GenerousBeanProcessor,"mapColumnsToProperties(final ResultSetMetaData rsmd,
            final PropertyDescriptor[] props)",,"@Override
    protected int[] mapColumnsToProperties(final ResultSetMetaData rsmd,
            final PropertyDescriptor[] props) throws SQLException {

        final int cols = rsmd.getColumnCount();
        final int[] columnToProperty = new int[cols + 1];
        Arrays.fill(columnToProperty, PROPERTY_NOT_FOUND);

        for (int col = 1; col <= cols; col++) {
            String columnName = rsmd.getColumnLabel(col);

            if (null == columnName || 0 == columnName.length()) {
                columnName = rsmd.getColumnName(col);
            }

            final String generousColumnName = columnName.replace(""_"", """");

            for (int i = 0; i < props.length; i++) {
                final String propName = props[i].getName();

                // see if either the column name, or the generous one matches
                if (columnName.equalsIgnoreCase(propName) ||
                        generousColumnName.equalsIgnoreCase(propName)) {
                    columnToProperty[col] = i;
                    break;
                }
            }
        }

        return columnToProperty;
    }","@Override
    protected int[] mapColumnsToProperties(final ResultSetMetaData rsmd,
            final PropertyDescriptor[] props) throws SQLException {

        final int cols = rsmd.getColumnCount();
        final int[] columnToProperty = new int[cols + 1];
        Arrays.fill(columnToProperty, PROPERTY_NOT_FOUND);

        for (int col = 1; col <= cols; col++) {
            String columnName = rsmd.getColumnLabel(col);

            if (null == columnName || 0 == columnName.length()) {
                columnName = rsmd.getColumnName(col);
            }

            final String generousColumnName = columnName.replace(""_"", """");

            for (int i = 0; i < props.length; i++) {
                final String propName = props[i].getName();

                // see if either the column name, or the generous one matches
                if (columnName.equalsIgnoreCase(propName) ||
                        generousColumnName.equalsIgnoreCase(propName)) {
                    columnToProperty[col] = i;
                    break;
                }
            }
        }

        return columnToProperty;
    }",
dbut_7_2,"    @Test
    public void testMapColumnsToPropertiesWithOutUnderscores_2_oe() throws Exception {
        when(metaData.getColumnCount()).thenReturn(3);
        
        when(metaData.getColumnLabel(1)).thenReturn(""three"");
        when(metaData.getColumnLabel(2)).thenReturn(""one"");
        when(metaData.getColumnLabel(3)).thenReturn(""two"");
        
        int[] ret = processor.mapColumnsToProperties(metaData, propDescriptors);
        
        // removed other assertion
        assertEquals(4, ret.length);
    }
",GenerousBeanProcessorTest::testMapColumnsToPropertiesWithOutUnderscores_2_oe,org.apache.commons.dbutils.GenerousBeanProcessor,"mapColumnsToProperties(final ResultSetMetaData rsmd,
            final PropertyDescriptor[] props)",,"@Override
    protected int[] mapColumnsToProperties(final ResultSetMetaData rsmd,
            final PropertyDescriptor[] props) throws SQLException {

        final int cols = rsmd.getColumnCount();
        final int[] columnToProperty = new int[cols + 1];
        Arrays.fill(columnToProperty, PROPERTY_NOT_FOUND);

        for (int col = 1; col <= cols; col++) {
            String columnName = rsmd.getColumnLabel(col);

            if (null == columnName || 0 == columnName.length()) {
                columnName = rsmd.getColumnName(col);
            }

            final String generousColumnName = columnName.replace(""_"", """");

            for (int i = 0; i < props.length; i++) {
                final String propName = props[i].getName();

                // see if either the column name, or the generous one matches
                if (columnName.equalsIgnoreCase(propName) ||
                        generousColumnName.equalsIgnoreCase(propName)) {
                    columnToProperty[col] = i;
                    break;
                }
            }
        }

        return columnToProperty;
    }","@Override
    protected int[] mapColumnsToProperties(final ResultSetMetaData rsmd,
            final PropertyDescriptor[] props) throws SQLException {

        final int cols = rsmd.getColumnCount();
        final int[] columnToProperty = new int[cols + 1];
        Arrays.fill(columnToProperty, PROPERTY_NOT_FOUND);

        for (int col = 1; col <= cols; col++) {
            String columnName = rsmd.getColumnLabel(col);

            if (null == columnName || 0 == columnName.length()) {
                columnName = rsmd.getColumnName(col);
            }

            final String generousColumnName = columnName.replace(""_"", """");

            for (int i = 0; i < props.length; i++) {
                final String propName = props[i].getName();

                // see if either the column name, or the generous one matches
                if (columnName.equalsIgnoreCase(propName) ||
                        generousColumnName.equalsIgnoreCase(propName)) {
                    columnToProperty[col] = i;
                    break;
                }
            }
        }

        return columnToProperty;
    }",
dbut_7_3,"    @Test
    public void testMapColumnsToPropertiesWithOutUnderscores_3_oe() throws Exception {
        when(metaData.getColumnCount()).thenReturn(3);
        
        when(metaData.getColumnLabel(1)).thenReturn(""three"");
        when(metaData.getColumnLabel(2)).thenReturn(""one"");
        when(metaData.getColumnLabel(3)).thenReturn(""two"");
        
        int[] ret = processor.mapColumnsToProperties(metaData, propDescriptors);
        
        // removed other assertion
        // removed other assertion
        assertEquals(-1, ret[0]);
    }
",GenerousBeanProcessorTest::testMapColumnsToPropertiesWithOutUnderscores_3_oe,org.apache.commons.dbutils.GenerousBeanProcessor,"mapColumnsToProperties(final ResultSetMetaData rsmd,
            final PropertyDescriptor[] props)",,"@Override
    protected int[] mapColumnsToProperties(final ResultSetMetaData rsmd,
            final PropertyDescriptor[] props) throws SQLException {

        final int cols = rsmd.getColumnCount();
        final int[] columnToProperty = new int[cols + 1];
        Arrays.fill(columnToProperty, PROPERTY_NOT_FOUND);

        for (int col = 1; col <= cols; col++) {
            String columnName = rsmd.getColumnLabel(col);

            if (null == columnName || 0 == columnName.length()) {
                columnName = rsmd.getColumnName(col);
            }

            final String generousColumnName = columnName.replace(""_"", """");

            for (int i = 0; i < props.length; i++) {
                final String propName = props[i].getName();

                // see if either the column name, or the generous one matches
                if (columnName.equalsIgnoreCase(propName) ||
                        generousColumnName.equalsIgnoreCase(propName)) {
                    columnToProperty[col] = i;
                    break;
                }
            }
        }

        return columnToProperty;
    }","@Override
    protected int[] mapColumnsToProperties(final ResultSetMetaData rsmd,
            final PropertyDescriptor[] props) throws SQLException {

        final int cols = rsmd.getColumnCount();
        final int[] columnToProperty = new int[cols + 1];
        Arrays.fill(columnToProperty, PROPERTY_NOT_FOUND);

        for (int col = 1; col <= cols; col++) {
            String columnName = rsmd.getColumnLabel(col);

            if (null == columnName || 0 == columnName.length()) {
                columnName = rsmd.getColumnName(col);
            }

            final String generousColumnName = columnName.replace(""_"", """");

            for (int i = 0; i < props.length; i++) {
                final String propName = props[i].getName();

                // see if either the column name, or the generous one matches
                if (columnName.equalsIgnoreCase(propName) ||
                        generousColumnName.equalsIgnoreCase(propName)) {
                    columnToProperty[col] = i;
                    break;
                }
            }
        }

        return columnToProperty;
    }",
dbut_7_4,"    @Test
    public void testMapColumnsToPropertiesWithOutUnderscores_4_oe() throws Exception {
        when(metaData.getColumnCount()).thenReturn(3);
        
        when(metaData.getColumnLabel(1)).thenReturn(""three"");
        when(metaData.getColumnLabel(2)).thenReturn(""one"");
        when(metaData.getColumnLabel(3)).thenReturn(""two"");
        
        int[] ret = processor.mapColumnsToProperties(metaData, propDescriptors);
        
        // removed other assertion
        // removed other assertion
        // removed other assertion
        assertEquals(2, ret[1]);
    }
",GenerousBeanProcessorTest::testMapColumnsToPropertiesWithOutUnderscores_4_oe,org.apache.commons.dbutils.GenerousBeanProcessor,"mapColumnsToProperties(final ResultSetMetaData rsmd,
            final PropertyDescriptor[] props)",,"@Override
    protected int[] mapColumnsToProperties(final ResultSetMetaData rsmd,
            final PropertyDescriptor[] props) throws SQLException {

        final int cols = rsmd.getColumnCount();
        final int[] columnToProperty = new int[cols + 1];
        Arrays.fill(columnToProperty, PROPERTY_NOT_FOUND);

        for (int col = 1; col <= cols; col++) {
            String columnName = rsmd.getColumnLabel(col);

            if (null == columnName || 0 == columnName.length()) {
                columnName = rsmd.getColumnName(col);
            }

            final String generousColumnName = columnName.replace(""_"", """");

            for (int i = 0; i < props.length; i++) {
                final String propName = props[i].getName();

                // see if either the column name, or the generous one matches
                if (columnName.equalsIgnoreCase(propName) ||
                        generousColumnName.equalsIgnoreCase(propName)) {
                    columnToProperty[col] = i;
                    break;
                }
            }
        }

        return columnToProperty;
    }","@Override
    protected int[] mapColumnsToProperties(final ResultSetMetaData rsmd,
            final PropertyDescriptor[] props) throws SQLException {

        final int cols = rsmd.getColumnCount();
        final int[] columnToProperty = new int[cols + 1];
        Arrays.fill(columnToProperty, PROPERTY_NOT_FOUND);

        for (int col = 1; col <= cols; col++) {
            String columnName = rsmd.getColumnLabel(col);

            if (null == columnName || 0 == columnName.length()) {
                columnName = rsmd.getColumnName(col);
            }

            final String generousColumnName = columnName.replace(""_"", """");

            for (int i = 0; i < props.length; i++) {
                final String propName = props[i].getName();

                // see if either the column name, or the generous one matches
                if (columnName.equalsIgnoreCase(propName) ||
                        generousColumnName.equalsIgnoreCase(propName)) {
                    columnToProperty[col] = i;
                    break;
                }
            }
        }

        return columnToProperty;
    }",
dbut_7_5,"    @Test
    public void testMapColumnsToPropertiesWithOutUnderscores_5_oe() throws Exception {
        when(metaData.getColumnCount()).thenReturn(3);
        
        when(metaData.getColumnLabel(1)).thenReturn(""three"");
        when(metaData.getColumnLabel(2)).thenReturn(""one"");
        when(metaData.getColumnLabel(3)).thenReturn(""two"");
        
        int[] ret = processor.mapColumnsToProperties(metaData, propDescriptors);
        
        // removed other assertion
        // removed other assertion
        // removed other assertion
        // removed other assertion
        assertEquals(0, ret[2]);
    }
",GenerousBeanProcessorTest::testMapColumnsToPropertiesWithOutUnderscores_5_oe,org.apache.commons.dbutils.GenerousBeanProcessor,"mapColumnsToProperties(final ResultSetMetaData rsmd,
            final PropertyDescriptor[] props)",,"@Override
    protected int[] mapColumnsToProperties(final ResultSetMetaData rsmd,
            final PropertyDescriptor[] props) throws SQLException {

        final int cols = rsmd.getColumnCount();
        final int[] columnToProperty = new int[cols + 1];
        Arrays.fill(columnToProperty, PROPERTY_NOT_FOUND);

        for (int col = 1; col <= cols; col++) {
            String columnName = rsmd.getColumnLabel(col);

            if (null == columnName || 0 == columnName.length()) {
                columnName = rsmd.getColumnName(col);
            }

            final String generousColumnName = columnName.replace(""_"", """");

            for (int i = 0; i < props.length; i++) {
                final String propName = props[i].getName();

                // see if either the column name, or the generous one matches
                if (columnName.equalsIgnoreCase(propName) ||
                        generousColumnName.equalsIgnoreCase(propName)) {
                    columnToProperty[col] = i;
                    break;
                }
            }
        }

        return columnToProperty;
    }","@Override
    protected int[] mapColumnsToProperties(final ResultSetMetaData rsmd,
            final PropertyDescriptor[] props) throws SQLException {

        final int cols = rsmd.getColumnCount();
        final int[] columnToProperty = new int[cols + 1];
        Arrays.fill(columnToProperty, PROPERTY_NOT_FOUND);

        for (int col = 1; col <= cols; col++) {
            String columnName = rsmd.getColumnLabel(col);

            if (null == columnName || 0 == columnName.length()) {
                columnName = rsmd.getColumnName(col);
            }

            final String generousColumnName = columnName.replace(""_"", """");

            for (int i = 0; i < props.length; i++) {
                final String propName = props[i].getName();

                // see if either the column name, or the generous one matches
                if (columnName.equalsIgnoreCase(propName) ||
                        generousColumnName.equalsIgnoreCase(propName)) {
                    columnToProperty[col] = i;
                    break;
                }
            }
        }

        return columnToProperty;
    }",
dbut_7_6,"    @Test
    public void testMapColumnsToPropertiesWithOutUnderscores_6_oe() throws Exception {
        when(metaData.getColumnCount()).thenReturn(3);
        
        when(metaData.getColumnLabel(1)).thenReturn(""three"");
        when(metaData.getColumnLabel(2)).thenReturn(""one"");
        when(metaData.getColumnLabel(3)).thenReturn(""two"");
        
        int[] ret = processor.mapColumnsToProperties(metaData, propDescriptors);
        
        // removed other assertion
        // removed other assertion
        // removed other assertion
        // removed other assertion
        // removed other assertion
        assertEquals(1, ret[3]);
    }
",GenerousBeanProcessorTest::testMapColumnsToPropertiesWithOutUnderscores_6_oe,org.apache.commons.dbutils.GenerousBeanProcessor,"mapColumnsToProperties(final ResultSetMetaData rsmd,
            final PropertyDescriptor[] props)",,"@Override
    protected int[] mapColumnsToProperties(final ResultSetMetaData rsmd,
            final PropertyDescriptor[] props) throws SQLException {

        final int cols = rsmd.getColumnCount();
        final int[] columnToProperty = new int[cols + 1];
        Arrays.fill(columnToProperty, PROPERTY_NOT_FOUND);

        for (int col = 1; col <= cols; col++) {
            String columnName = rsmd.getColumnLabel(col);

            if (null == columnName || 0 == columnName.length()) {
                columnName = rsmd.getColumnName(col);
            }

            final String generousColumnName = columnName.replace(""_"", """");

            for (int i = 0; i < props.length; i++) {
                final String propName = props[i].getName();

                // see if either the column name, or the generous one matches
                if (columnName.equalsIgnoreCase(propName) ||
                        generousColumnName.equalsIgnoreCase(propName)) {
                    columnToProperty[col] = i;
                    break;
                }
            }
        }

        return columnToProperty;
    }","@Override
    protected int[] mapColumnsToProperties(final ResultSetMetaData rsmd,
            final PropertyDescriptor[] props) throws SQLException {

        final int cols = rsmd.getColumnCount();
        final int[] columnToProperty = new int[cols + 1];
        Arrays.fill(columnToProperty, PROPERTY_NOT_FOUND);

        for (int col = 1; col <= cols; col++) {
            String columnName = rsmd.getColumnLabel(col);

            if (null == columnName || 0 == columnName.length()) {
                columnName = rsmd.getColumnName(col);
            }

            final String generousColumnName = columnName.replace(""_"", """");

            for (int i = 0; i < props.length; i++) {
                final String propName = props[i].getName();

                // see if either the column name, or the generous one matches
                if (columnName.equalsIgnoreCase(propName) ||
                        generousColumnName.equalsIgnoreCase(propName)) {
                    columnToProperty[col] = i;
                    break;
                }
            }
        }

        return columnToProperty;
    }",
dbut_8_1,"    @Test
    public void testMapColumnsToPropertiesMixedCase_1_oe() throws Exception {
        when(metaData.getColumnCount()).thenReturn(3);

        when(metaData.getColumnLabel(1)).thenReturn(""tHree"");
        when(metaData.getColumnLabel(2)).thenReturn(""One"");
        when(metaData.getColumnLabel(3)).thenReturn(""tWO"");

        int[] ret = processor.mapColumnsToProperties(metaData, propDescriptors);

        assertNotNull(ret);
    }
",GenerousBeanProcessorTest::testMapColumnsToPropertiesMixedCase_1_oe,org.apache.commons.dbutils.GenerousBeanProcessor,"mapColumnsToProperties(final ResultSetMetaData rsmd,
            final PropertyDescriptor[] props)",,"@Override
    protected int[] mapColumnsToProperties(final ResultSetMetaData rsmd,
            final PropertyDescriptor[] props) throws SQLException {

        final int cols = rsmd.getColumnCount();
        final int[] columnToProperty = new int[cols + 1];
        Arrays.fill(columnToProperty, PROPERTY_NOT_FOUND);

        for (int col = 1; col <= cols; col++) {
            String columnName = rsmd.getColumnLabel(col);

            if (null == columnName || 0 == columnName.length()) {
                columnName = rsmd.getColumnName(col);
            }

            final String generousColumnName = columnName.replace(""_"", """");

            for (int i = 0; i < props.length; i++) {
                final String propName = props[i].getName();

                // see if either the column name, or the generous one matches
                if (columnName.equalsIgnoreCase(propName) ||
                        generousColumnName.equalsIgnoreCase(propName)) {
                    columnToProperty[col] = i;
                    break;
                }
            }
        }

        return columnToProperty;
    }","@Override
    protected int[] mapColumnsToProperties(final ResultSetMetaData rsmd,
            final PropertyDescriptor[] props) throws SQLException {

        final int cols = rsmd.getColumnCount();
        final int[] columnToProperty = new int[cols + 1];
        Arrays.fill(columnToProperty, PROPERTY_NOT_FOUND);

        for (int col = 1; col <= cols; col++) {
            String columnName = rsmd.getColumnLabel(col);

            if (null == columnName || 0 == columnName.length()) {
                columnName = rsmd.getColumnName(col);
            }

            final String generousColumnName = columnName.replace(""_"", """");

            for (int i = 0; i < props.length; i++) {
                final String propName = props[i].getName();

                // see if either the column name, or the generous one matches
                if (columnName.equalsIgnoreCase(propName) ||
                        generousColumnName.equalsIgnoreCase(propName)) {
                    columnToProperty[col] = i;
                    break;
                }
            }
        }

        return columnToProperty;
    }",
dbut_8_2,"    @Test
    public void testMapColumnsToPropertiesMixedCase_2_oe() throws Exception {
        when(metaData.getColumnCount()).thenReturn(3);

        when(metaData.getColumnLabel(1)).thenReturn(""tHree"");
        when(metaData.getColumnLabel(2)).thenReturn(""One"");
        when(metaData.getColumnLabel(3)).thenReturn(""tWO"");

        int[] ret = processor.mapColumnsToProperties(metaData, propDescriptors);

        // removed other assertion
        assertEquals(4, ret.length);
    }
",GenerousBeanProcessorTest::testMapColumnsToPropertiesMixedCase_2_oe,org.apache.commons.dbutils.GenerousBeanProcessor,"mapColumnsToProperties(final ResultSetMetaData rsmd,
            final PropertyDescriptor[] props)",,"@Override
    protected int[] mapColumnsToProperties(final ResultSetMetaData rsmd,
            final PropertyDescriptor[] props) throws SQLException {

        final int cols = rsmd.getColumnCount();
        final int[] columnToProperty = new int[cols + 1];
        Arrays.fill(columnToProperty, PROPERTY_NOT_FOUND);

        for (int col = 1; col <= cols; col++) {
            String columnName = rsmd.getColumnLabel(col);

            if (null == columnName || 0 == columnName.length()) {
                columnName = rsmd.getColumnName(col);
            }

            final String generousColumnName = columnName.replace(""_"", """");

            for (int i = 0; i < props.length; i++) {
                final String propName = props[i].getName();

                // see if either the column name, or the generous one matches
                if (columnName.equalsIgnoreCase(propName) ||
                        generousColumnName.equalsIgnoreCase(propName)) {
                    columnToProperty[col] = i;
                    break;
                }
            }
        }

        return columnToProperty;
    }","@Override
    protected int[] mapColumnsToProperties(final ResultSetMetaData rsmd,
            final PropertyDescriptor[] props) throws SQLException {

        final int cols = rsmd.getColumnCount();
        final int[] columnToProperty = new int[cols + 1];
        Arrays.fill(columnToProperty, PROPERTY_NOT_FOUND);

        for (int col = 1; col <= cols; col++) {
            String columnName = rsmd.getColumnLabel(col);

            if (null == columnName || 0 == columnName.length()) {
                columnName = rsmd.getColumnName(col);
            }

            final String generousColumnName = columnName.replace(""_"", """");

            for (int i = 0; i < props.length; i++) {
                final String propName = props[i].getName();

                // see if either the column name, or the generous one matches
                if (columnName.equalsIgnoreCase(propName) ||
                        generousColumnName.equalsIgnoreCase(propName)) {
                    columnToProperty[col] = i;
                    break;
                }
            }
        }

        return columnToProperty;
    }",
dbut_8_3,"    @Test
    public void testMapColumnsToPropertiesMixedCase_3_oe() throws Exception {
        when(metaData.getColumnCount()).thenReturn(3);

        when(metaData.getColumnLabel(1)).thenReturn(""tHree"");
        when(metaData.getColumnLabel(2)).thenReturn(""One"");
        when(metaData.getColumnLabel(3)).thenReturn(""tWO"");

        int[] ret = processor.mapColumnsToProperties(metaData, propDescriptors);

        // removed other assertion
        // removed other assertion
        assertEquals(-1, ret[0]);
    }
",GenerousBeanProcessorTest::testMapColumnsToPropertiesMixedCase_3_oe,org.apache.commons.dbutils.GenerousBeanProcessor,"mapColumnsToProperties(final ResultSetMetaData rsmd,
            final PropertyDescriptor[] props)",,"@Override
    protected int[] mapColumnsToProperties(final ResultSetMetaData rsmd,
            final PropertyDescriptor[] props) throws SQLException {

        final int cols = rsmd.getColumnCount();
        final int[] columnToProperty = new int[cols + 1];
        Arrays.fill(columnToProperty, PROPERTY_NOT_FOUND);

        for (int col = 1; col <= cols; col++) {
            String columnName = rsmd.getColumnLabel(col);

            if (null == columnName || 0 == columnName.length()) {
                columnName = rsmd.getColumnName(col);
            }

            final String generousColumnName = columnName.replace(""_"", """");

            for (int i = 0; i < props.length; i++) {
                final String propName = props[i].getName();

                // see if either the column name, or the generous one matches
                if (columnName.equalsIgnoreCase(propName) ||
                        generousColumnName.equalsIgnoreCase(propName)) {
                    columnToProperty[col] = i;
                    break;
                }
            }
        }

        return columnToProperty;
    }","@Override
    protected int[] mapColumnsToProperties(final ResultSetMetaData rsmd,
            final PropertyDescriptor[] props) throws SQLException {

        final int cols = rsmd.getColumnCount();
        final int[] columnToProperty = new int[cols + 1];
        Arrays.fill(columnToProperty, PROPERTY_NOT_FOUND);

        for (int col = 1; col <= cols; col++) {
            String columnName = rsmd.getColumnLabel(col);

            if (null == columnName || 0 == columnName.length()) {
                columnName = rsmd.getColumnName(col);
            }

            final String generousColumnName = columnName.replace(""_"", """");

            for (int i = 0; i < props.length; i++) {
                final String propName = props[i].getName();

                // see if either the column name, or the generous one matches
                if (columnName.equalsIgnoreCase(propName) ||
                        generousColumnName.equalsIgnoreCase(propName)) {
                    columnToProperty[col] = i;
                    break;
                }
            }
        }

        return columnToProperty;
    }",
dbut_8_4,"    @Test
    public void testMapColumnsToPropertiesMixedCase_4_oe() throws Exception {
        when(metaData.getColumnCount()).thenReturn(3);

        when(metaData.getColumnLabel(1)).thenReturn(""tHree"");
        when(metaData.getColumnLabel(2)).thenReturn(""One"");
        when(metaData.getColumnLabel(3)).thenReturn(""tWO"");

        int[] ret = processor.mapColumnsToProperties(metaData, propDescriptors);

        // removed other assertion
        // removed other assertion
        // removed other assertion
        assertEquals(2, ret[1]);
    }
",GenerousBeanProcessorTest::testMapColumnsToPropertiesMixedCase_4_oe,org.apache.commons.dbutils.GenerousBeanProcessor,"mapColumnsToProperties(final ResultSetMetaData rsmd,
            final PropertyDescriptor[] props)",,"@Override
    protected int[] mapColumnsToProperties(final ResultSetMetaData rsmd,
            final PropertyDescriptor[] props) throws SQLException {

        final int cols = rsmd.getColumnCount();
        final int[] columnToProperty = new int[cols + 1];
        Arrays.fill(columnToProperty, PROPERTY_NOT_FOUND);

        for (int col = 1; col <= cols; col++) {
            String columnName = rsmd.getColumnLabel(col);

            if (null == columnName || 0 == columnName.length()) {
                columnName = rsmd.getColumnName(col);
            }

            final String generousColumnName = columnName.replace(""_"", """");

            for (int i = 0; i < props.length; i++) {
                final String propName = props[i].getName();

                // see if either the column name, or the generous one matches
                if (columnName.equalsIgnoreCase(propName) ||
                        generousColumnName.equalsIgnoreCase(propName)) {
                    columnToProperty[col] = i;
                    break;
                }
            }
        }

        return columnToProperty;
    }","@Override
    protected int[] mapColumnsToProperties(final ResultSetMetaData rsmd,
            final PropertyDescriptor[] props) throws SQLException {

        final int cols = rsmd.getColumnCount();
        final int[] columnToProperty = new int[cols + 1];
        Arrays.fill(columnToProperty, PROPERTY_NOT_FOUND);

        for (int col = 1; col <= cols; col++) {
            String columnName = rsmd.getColumnLabel(col);

            if (null == columnName || 0 == columnName.length()) {
                columnName = rsmd.getColumnName(col);
            }

            final String generousColumnName = columnName.replace(""_"", """");

            for (int i = 0; i < props.length; i++) {
                final String propName = props[i].getName();

                // see if either the column name, or the generous one matches
                if (columnName.equalsIgnoreCase(propName) ||
                        generousColumnName.equalsIgnoreCase(propName)) {
                    columnToProperty[col] = i;
                    break;
                }
            }
        }

        return columnToProperty;
    }",
dbut_8_5,"    @Test
    public void testMapColumnsToPropertiesMixedCase_5_oe() throws Exception {
        when(metaData.getColumnCount()).thenReturn(3);

        when(metaData.getColumnLabel(1)).thenReturn(""tHree"");
        when(metaData.getColumnLabel(2)).thenReturn(""One"");
        when(metaData.getColumnLabel(3)).thenReturn(""tWO"");

        int[] ret = processor.mapColumnsToProperties(metaData, propDescriptors);

        // removed other assertion
        // removed other assertion
        // removed other assertion
        // removed other assertion
        assertEquals(0, ret[2]);
    }
",GenerousBeanProcessorTest::testMapColumnsToPropertiesMixedCase_5_oe,org.apache.commons.dbutils.GenerousBeanProcessor,"mapColumnsToProperties(final ResultSetMetaData rsmd,
            final PropertyDescriptor[] props)",,"@Override
    protected int[] mapColumnsToProperties(final ResultSetMetaData rsmd,
            final PropertyDescriptor[] props) throws SQLException {

        final int cols = rsmd.getColumnCount();
        final int[] columnToProperty = new int[cols + 1];
        Arrays.fill(columnToProperty, PROPERTY_NOT_FOUND);

        for (int col = 1; col <= cols; col++) {
            String columnName = rsmd.getColumnLabel(col);

            if (null == columnName || 0 == columnName.length()) {
                columnName = rsmd.getColumnName(col);
            }

            final String generousColumnName = columnName.replace(""_"", """");

            for (int i = 0; i < props.length; i++) {
                final String propName = props[i].getName();

                // see if either the column name, or the generous one matches
                if (columnName.equalsIgnoreCase(propName) ||
                        generousColumnName.equalsIgnoreCase(propName)) {
                    columnToProperty[col] = i;
                    break;
                }
            }
        }

        return columnToProperty;
    }","@Override
    protected int[] mapColumnsToProperties(final ResultSetMetaData rsmd,
            final PropertyDescriptor[] props) throws SQLException {

        final int cols = rsmd.getColumnCount();
        final int[] columnToProperty = new int[cols + 1];
        Arrays.fill(columnToProperty, PROPERTY_NOT_FOUND);

        for (int col = 1; col <= cols; col++) {
            String columnName = rsmd.getColumnLabel(col);

            if (null == columnName || 0 == columnName.length()) {
                columnName = rsmd.getColumnName(col);
            }

            final String generousColumnName = columnName.replace(""_"", """");

            for (int i = 0; i < props.length; i++) {
                final String propName = props[i].getName();

                // see if either the column name, or the generous one matches
                if (columnName.equalsIgnoreCase(propName) ||
                        generousColumnName.equalsIgnoreCase(propName)) {
                    columnToProperty[col] = i;
                    break;
                }
            }
        }

        return columnToProperty;
    }",
dbut_8_6,"    @Test
    public void testMapColumnsToPropertiesMixedCase_6_oe() throws Exception {
        when(metaData.getColumnCount()).thenReturn(3);

        when(metaData.getColumnLabel(1)).thenReturn(""tHree"");
        when(metaData.getColumnLabel(2)).thenReturn(""One"");
        when(metaData.getColumnLabel(3)).thenReturn(""tWO"");

        int[] ret = processor.mapColumnsToProperties(metaData, propDescriptors);

        // removed other assertion
        // removed other assertion
        // removed other assertion
        // removed other assertion
        // removed other assertion
        assertEquals(1, ret[3]);
    }
",GenerousBeanProcessorTest::testMapColumnsToPropertiesMixedCase_6_oe,org.apache.commons.dbutils.GenerousBeanProcessor,"mapColumnsToProperties(final ResultSetMetaData rsmd,
            final PropertyDescriptor[] props)",,"@Override
    protected int[] mapColumnsToProperties(final ResultSetMetaData rsmd,
            final PropertyDescriptor[] props) throws SQLException {

        final int cols = rsmd.getColumnCount();
        final int[] columnToProperty = new int[cols + 1];
        Arrays.fill(columnToProperty, PROPERTY_NOT_FOUND);

        for (int col = 1; col <= cols; col++) {
            String columnName = rsmd.getColumnLabel(col);

            if (null == columnName || 0 == columnName.length()) {
                columnName = rsmd.getColumnName(col);
            }

            final String generousColumnName = columnName.replace(""_"", """");

            for (int i = 0; i < props.length; i++) {
                final String propName = props[i].getName();

                // see if either the column name, or the generous one matches
                if (columnName.equalsIgnoreCase(propName) ||
                        generousColumnName.equalsIgnoreCase(propName)) {
                    columnToProperty[col] = i;
                    break;
                }
            }
        }

        return columnToProperty;
    }","@Override
    protected int[] mapColumnsToProperties(final ResultSetMetaData rsmd,
            final PropertyDescriptor[] props) throws SQLException {

        final int cols = rsmd.getColumnCount();
        final int[] columnToProperty = new int[cols + 1];
        Arrays.fill(columnToProperty, PROPERTY_NOT_FOUND);

        for (int col = 1; col <= cols; col++) {
            String columnName = rsmd.getColumnLabel(col);

            if (null == columnName || 0 == columnName.length()) {
                columnName = rsmd.getColumnName(col);
            }

            final String generousColumnName = columnName.replace(""_"", """");

            for (int i = 0; i < props.length; i++) {
                final String propName = props[i].getName();

                // see if either the column name, or the generous one matches
                if (columnName.equalsIgnoreCase(propName) ||
                        generousColumnName.equalsIgnoreCase(propName)) {
                    columnToProperty[col] = i;
                    break;
                }
            }
        }

        return columnToProperty;
    }",
dbut_9_1,"    @Test
    public void testMapColumnsToPropertiesWithUnderscores_1_oe() throws Exception {
        when(metaData.getColumnCount()).thenReturn(3);
        
        when(metaData.getColumnLabel(1)).thenReturn(""t_h_r_e_e"");
        when(metaData.getColumnLabel(2)).thenReturn(""o_n_e"");
        when(metaData.getColumnLabel(3)).thenReturn(""t_w_o"");
        
        int[] ret = processor.mapColumnsToProperties(metaData, propDescriptors);
        
        assertNotNull(ret);
    }
",GenerousBeanProcessorTest::testMapColumnsToPropertiesWithUnderscores_1_oe,org.apache.commons.dbutils.GenerousBeanProcessor,"mapColumnsToProperties(final ResultSetMetaData rsmd,
            final PropertyDescriptor[] props)",,"@Override
    protected int[] mapColumnsToProperties(final ResultSetMetaData rsmd,
            final PropertyDescriptor[] props) throws SQLException {

        final int cols = rsmd.getColumnCount();
        final int[] columnToProperty = new int[cols + 1];
        Arrays.fill(columnToProperty, PROPERTY_NOT_FOUND);

        for (int col = 1; col <= cols; col++) {
            String columnName = rsmd.getColumnLabel(col);

            if (null == columnName || 0 == columnName.length()) {
                columnName = rsmd.getColumnName(col);
            }

            final String generousColumnName = columnName.replace(""_"", """");

            for (int i = 0; i < props.length; i++) {
                final String propName = props[i].getName();

                // see if either the column name, or the generous one matches
                if (columnName.equalsIgnoreCase(propName) ||
                        generousColumnName.equalsIgnoreCase(propName)) {
                    columnToProperty[col] = i;
                    break;
                }
            }
        }

        return columnToProperty;
    }","@Override
    protected int[] mapColumnsToProperties(final ResultSetMetaData rsmd,
            final PropertyDescriptor[] props) throws SQLException {

        final int cols = rsmd.getColumnCount();
        final int[] columnToProperty = new int[cols + 1];
        Arrays.fill(columnToProperty, PROPERTY_NOT_FOUND);

        for (int col = 1; col <= cols; col++) {
            String columnName = rsmd.getColumnLabel(col);

            if (null == columnName || 0 == columnName.length()) {
                columnName = rsmd.getColumnName(col);
            }

            final String generousColumnName = columnName.replace(""_"", """");

            for (int i = 0; i < props.length; i++) {
                final String propName = props[i].getName();

                // see if either the column name, or the generous one matches
                if (columnName.equalsIgnoreCase(propName) ||
                        generousColumnName.equalsIgnoreCase(propName)) {
                    columnToProperty[col] = i;
                    break;
                }
            }
        }

        return columnToProperty;
    }",
dbut_9_2,"    @Test
    public void testMapColumnsToPropertiesWithUnderscores_2_oe() throws Exception {
        when(metaData.getColumnCount()).thenReturn(3);
        
        when(metaData.getColumnLabel(1)).thenReturn(""t_h_r_e_e"");
        when(metaData.getColumnLabel(2)).thenReturn(""o_n_e"");
        when(metaData.getColumnLabel(3)).thenReturn(""t_w_o"");
        
        int[] ret = processor.mapColumnsToProperties(metaData, propDescriptors);
        
        // removed other assertion
        assertEquals(4, ret.length);
    }
",GenerousBeanProcessorTest::testMapColumnsToPropertiesWithUnderscores_2_oe,org.apache.commons.dbutils.GenerousBeanProcessor,"mapColumnsToProperties(final ResultSetMetaData rsmd,
            final PropertyDescriptor[] props)",,"@Override
    protected int[] mapColumnsToProperties(final ResultSetMetaData rsmd,
            final PropertyDescriptor[] props) throws SQLException {

        final int cols = rsmd.getColumnCount();
        final int[] columnToProperty = new int[cols + 1];
        Arrays.fill(columnToProperty, PROPERTY_NOT_FOUND);

        for (int col = 1; col <= cols; col++) {
            String columnName = rsmd.getColumnLabel(col);

            if (null == columnName || 0 == columnName.length()) {
                columnName = rsmd.getColumnName(col);
            }

            final String generousColumnName = columnName.replace(""_"", """");

            for (int i = 0; i < props.length; i++) {
                final String propName = props[i].getName();

                // see if either the column name, or the generous one matches
                if (columnName.equalsIgnoreCase(propName) ||
                        generousColumnName.equalsIgnoreCase(propName)) {
                    columnToProperty[col] = i;
                    break;
                }
            }
        }

        return columnToProperty;
    }","@Override
    protected int[] mapColumnsToProperties(final ResultSetMetaData rsmd,
            final PropertyDescriptor[] props) throws SQLException {

        final int cols = rsmd.getColumnCount();
        final int[] columnToProperty = new int[cols + 1];
        Arrays.fill(columnToProperty, PROPERTY_NOT_FOUND);

        for (int col = 1; col <= cols; col++) {
            String columnName = rsmd.getColumnLabel(col);

            if (null == columnName || 0 == columnName.length()) {
                columnName = rsmd.getColumnName(col);
            }

            final String generousColumnName = columnName.replace(""_"", """");

            for (int i = 0; i < props.length; i++) {
                final String propName = props[i].getName();

                // see if either the column name, or the generous one matches
                if (columnName.equalsIgnoreCase(propName) ||
                        generousColumnName.equalsIgnoreCase(propName)) {
                    columnToProperty[col] = i;
                    break;
                }
            }
        }

        return columnToProperty;
    }",
dbut_9_3,"    @Test
    public void testMapColumnsToPropertiesWithUnderscores_3_oe() throws Exception {
        when(metaData.getColumnCount()).thenReturn(3);
        
        when(metaData.getColumnLabel(1)).thenReturn(""t_h_r_e_e"");
        when(metaData.getColumnLabel(2)).thenReturn(""o_n_e"");
        when(metaData.getColumnLabel(3)).thenReturn(""t_w_o"");
        
        int[] ret = processor.mapColumnsToProperties(metaData, propDescriptors);
        
        // removed other assertion
        // removed other assertion
        assertEquals(-1, ret[0]);
    }
",GenerousBeanProcessorTest::testMapColumnsToPropertiesWithUnderscores_3_oe,org.apache.commons.dbutils.GenerousBeanProcessor,"mapColumnsToProperties(final ResultSetMetaData rsmd,
            final PropertyDescriptor[] props)",,"@Override
    protected int[] mapColumnsToProperties(final ResultSetMetaData rsmd,
            final PropertyDescriptor[] props) throws SQLException {

        final int cols = rsmd.getColumnCount();
        final int[] columnToProperty = new int[cols + 1];
        Arrays.fill(columnToProperty, PROPERTY_NOT_FOUND);

        for (int col = 1; col <= cols; col++) {
            String columnName = rsmd.getColumnLabel(col);

            if (null == columnName || 0 == columnName.length()) {
                columnName = rsmd.getColumnName(col);
            }

            final String generousColumnName = columnName.replace(""_"", """");

            for (int i = 0; i < props.length; i++) {
                final String propName = props[i].getName();

                // see if either the column name, or the generous one matches
                if (columnName.equalsIgnoreCase(propName) ||
                        generousColumnName.equalsIgnoreCase(propName)) {
                    columnToProperty[col] = i;
                    break;
                }
            }
        }

        return columnToProperty;
    }","@Override
    protected int[] mapColumnsToProperties(final ResultSetMetaData rsmd,
            final PropertyDescriptor[] props) throws SQLException {

        final int cols = rsmd.getColumnCount();
        final int[] columnToProperty = new int[cols + 1];
        Arrays.fill(columnToProperty, PROPERTY_NOT_FOUND);

        for (int col = 1; col <= cols; col++) {
            String columnName = rsmd.getColumnLabel(col);

            if (null == columnName || 0 == columnName.length()) {
                columnName = rsmd.getColumnName(col);
            }

            final String generousColumnName = columnName.replace(""_"", """");

            for (int i = 0; i < props.length; i++) {
                final String propName = props[i].getName();

                // see if either the column name, or the generous one matches
                if (columnName.equalsIgnoreCase(propName) ||
                        generousColumnName.equalsIgnoreCase(propName)) {
                    columnToProperty[col] = i;
                    break;
                }
            }
        }

        return columnToProperty;
    }",
dbut_9_4,"    @Test
    public void testMapColumnsToPropertiesWithUnderscores_4_oe() throws Exception {
        when(metaData.getColumnCount()).thenReturn(3);
        
        when(metaData.getColumnLabel(1)).thenReturn(""t_h_r_e_e"");
        when(metaData.getColumnLabel(2)).thenReturn(""o_n_e"");
        when(metaData.getColumnLabel(3)).thenReturn(""t_w_o"");
        
        int[] ret = processor.mapColumnsToProperties(metaData, propDescriptors);
        
        // removed other assertion
        // removed other assertion
        // removed other assertion
        assertEquals(2, ret[1]);
    }
",GenerousBeanProcessorTest::testMapColumnsToPropertiesWithUnderscores_4_oe,org.apache.commons.dbutils.GenerousBeanProcessor,"mapColumnsToProperties(final ResultSetMetaData rsmd,
            final PropertyDescriptor[] props)",,"@Override
    protected int[] mapColumnsToProperties(final ResultSetMetaData rsmd,
            final PropertyDescriptor[] props) throws SQLException {

        final int cols = rsmd.getColumnCount();
        final int[] columnToProperty = new int[cols + 1];
        Arrays.fill(columnToProperty, PROPERTY_NOT_FOUND);

        for (int col = 1; col <= cols; col++) {
            String columnName = rsmd.getColumnLabel(col);

            if (null == columnName || 0 == columnName.length()) {
                columnName = rsmd.getColumnName(col);
            }

            final String generousColumnName = columnName.replace(""_"", """");

            for (int i = 0; i < props.length; i++) {
                final String propName = props[i].getName();

                // see if either the column name, or the generous one matches
                if (columnName.equalsIgnoreCase(propName) ||
                        generousColumnName.equalsIgnoreCase(propName)) {
                    columnToProperty[col] = i;
                    break;
                }
            }
        }

        return columnToProperty;
    }","@Override
    protected int[] mapColumnsToProperties(final ResultSetMetaData rsmd,
            final PropertyDescriptor[] props) throws SQLException {

        final int cols = rsmd.getColumnCount();
        final int[] columnToProperty = new int[cols + 1];
        Arrays.fill(columnToProperty, PROPERTY_NOT_FOUND);

        for (int col = 1; col <= cols; col++) {
            String columnName = rsmd.getColumnLabel(col);

            if (null == columnName || 0 == columnName.length()) {
                columnName = rsmd.getColumnName(col);
            }

            final String generousColumnName = columnName.replace(""_"", """");

            for (int i = 0; i < props.length; i++) {
                final String propName = props[i].getName();

                // see if either the column name, or the generous one matches
                if (columnName.equalsIgnoreCase(propName) ||
                        generousColumnName.equalsIgnoreCase(propName)) {
                    columnToProperty[col] = i;
                    break;
                }
            }
        }

        return columnToProperty;
    }",
dbut_9_5,"    @Test
    public void testMapColumnsToPropertiesWithUnderscores_5_oe() throws Exception {
        when(metaData.getColumnCount()).thenReturn(3);
        
        when(metaData.getColumnLabel(1)).thenReturn(""t_h_r_e_e"");
        when(metaData.getColumnLabel(2)).thenReturn(""o_n_e"");
        when(metaData.getColumnLabel(3)).thenReturn(""t_w_o"");
        
        int[] ret = processor.mapColumnsToProperties(metaData, propDescriptors);
        
        // removed other assertion
        // removed other assertion
        // removed other assertion
        // removed other assertion
        assertEquals(0, ret[2]);
    }
",GenerousBeanProcessorTest::testMapColumnsToPropertiesWithUnderscores_5_oe,org.apache.commons.dbutils.GenerousBeanProcessor,"mapColumnsToProperties(final ResultSetMetaData rsmd,
            final PropertyDescriptor[] props)",,"@Override
    protected int[] mapColumnsToProperties(final ResultSetMetaData rsmd,
            final PropertyDescriptor[] props) throws SQLException {

        final int cols = rsmd.getColumnCount();
        final int[] columnToProperty = new int[cols + 1];
        Arrays.fill(columnToProperty, PROPERTY_NOT_FOUND);

        for (int col = 1; col <= cols; col++) {
            String columnName = rsmd.getColumnLabel(col);

            if (null == columnName || 0 == columnName.length()) {
                columnName = rsmd.getColumnName(col);
            }

            final String generousColumnName = columnName.replace(""_"", """");

            for (int i = 0; i < props.length; i++) {
                final String propName = props[i].getName();

                // see if either the column name, or the generous one matches
                if (columnName.equalsIgnoreCase(propName) ||
                        generousColumnName.equalsIgnoreCase(propName)) {
                    columnToProperty[col] = i;
                    break;
                }
            }
        }

        return columnToProperty;
    }","@Override
    protected int[] mapColumnsToProperties(final ResultSetMetaData rsmd,
            final PropertyDescriptor[] props) throws SQLException {

        final int cols = rsmd.getColumnCount();
        final int[] columnToProperty = new int[cols + 1];
        Arrays.fill(columnToProperty, PROPERTY_NOT_FOUND);

        for (int col = 1; col <= cols; col++) {
            String columnName = rsmd.getColumnLabel(col);

            if (null == columnName || 0 == columnName.length()) {
                columnName = rsmd.getColumnName(col);
            }

            final String generousColumnName = columnName.replace(""_"", """");

            for (int i = 0; i < props.length; i++) {
                final String propName = props[i].getName();

                // see if either the column name, or the generous one matches
                if (columnName.equalsIgnoreCase(propName) ||
                        generousColumnName.equalsIgnoreCase(propName)) {
                    columnToProperty[col] = i;
                    break;
                }
            }
        }

        return columnToProperty;
    }",
dbut_9_6,"    @Test
    public void testMapColumnsToPropertiesWithUnderscores_6_oe() throws Exception {
        when(metaData.getColumnCount()).thenReturn(3);
        
        when(metaData.getColumnLabel(1)).thenReturn(""t_h_r_e_e"");
        when(metaData.getColumnLabel(2)).thenReturn(""o_n_e"");
        when(metaData.getColumnLabel(3)).thenReturn(""t_w_o"");
        
        int[] ret = processor.mapColumnsToProperties(metaData, propDescriptors);
        
        // removed other assertion
        // removed other assertion
        // removed other assertion
        // removed other assertion
        // removed other assertion
        assertEquals(1, ret[3]);
    }
",GenerousBeanProcessorTest::testMapColumnsToPropertiesWithUnderscores_6_oe,org.apache.commons.dbutils.GenerousBeanProcessor,"mapColumnsToProperties(final ResultSetMetaData rsmd,
            final PropertyDescriptor[] props)",,"@Override
    protected int[] mapColumnsToProperties(final ResultSetMetaData rsmd,
            final PropertyDescriptor[] props) throws SQLException {

        final int cols = rsmd.getColumnCount();
        final int[] columnToProperty = new int[cols + 1];
        Arrays.fill(columnToProperty, PROPERTY_NOT_FOUND);

        for (int col = 1; col <= cols; col++) {
            String columnName = rsmd.getColumnLabel(col);

            if (null == columnName || 0 == columnName.length()) {
                columnName = rsmd.getColumnName(col);
            }

            final String generousColumnName = columnName.replace(""_"", """");

            for (int i = 0; i < props.length; i++) {
                final String propName = props[i].getName();

                // see if either the column name, or the generous one matches
                if (columnName.equalsIgnoreCase(propName) ||
                        generousColumnName.equalsIgnoreCase(propName)) {
                    columnToProperty[col] = i;
                    break;
                }
            }
        }

        return columnToProperty;
    }","@Override
    protected int[] mapColumnsToProperties(final ResultSetMetaData rsmd,
            final PropertyDescriptor[] props) throws SQLException {

        final int cols = rsmd.getColumnCount();
        final int[] columnToProperty = new int[cols + 1];
        Arrays.fill(columnToProperty, PROPERTY_NOT_FOUND);

        for (int col = 1; col <= cols; col++) {
            String columnName = rsmd.getColumnLabel(col);

            if (null == columnName || 0 == columnName.length()) {
                columnName = rsmd.getColumnName(col);
            }

            final String generousColumnName = columnName.replace(""_"", """");

            for (int i = 0; i < props.length; i++) {
                final String propName = props[i].getName();

                // see if either the column name, or the generous one matches
                if (columnName.equalsIgnoreCase(propName) ||
                        generousColumnName.equalsIgnoreCase(propName)) {
                    columnToProperty[col] = i;
                    break;
                }
            }
        }

        return columnToProperty;
    }",
dbut_10_1,"    @Test
    public void testMapColumnsToPropertiesColumnLabelIsNull_1_oe() throws Exception {
        when(metaData.getColumnCount()).thenReturn(1);
        when(metaData.getColumnName(1)).thenReturn(""juhu"");

        when(metaData.getColumnLabel(1)).thenReturn(null);
        when(metaData.getColumnLabel(2)).thenReturn(""One"");
        when(metaData.getColumnLabel(3)).thenReturn(""tWO"");

        int[] ret = processor.mapColumnsToProperties(metaData, propDescriptors);

        assertNotNull(ret);
    }
",GenerousBeanProcessorTest::testMapColumnsToPropertiesColumnLabelIsNull_1_oe,org.apache.commons.dbutils.GenerousBeanProcessor,"mapColumnsToProperties(final ResultSetMetaData rsmd,
            final PropertyDescriptor[] props)",,"@Override
    protected int[] mapColumnsToProperties(final ResultSetMetaData rsmd,
            final PropertyDescriptor[] props) throws SQLException {

        final int cols = rsmd.getColumnCount();
        final int[] columnToProperty = new int[cols + 1];
        Arrays.fill(columnToProperty, PROPERTY_NOT_FOUND);

        for (int col = 1; col <= cols; col++) {
            String columnName = rsmd.getColumnLabel(col);

            if (null == columnName || 0 == columnName.length()) {
                columnName = rsmd.getColumnName(col);
            }

            final String generousColumnName = columnName.replace(""_"", """");

            for (int i = 0; i < props.length; i++) {
                final String propName = props[i].getName();

                // see if either the column name, or the generous one matches
                if (columnName.equalsIgnoreCase(propName) ||
                        generousColumnName.equalsIgnoreCase(propName)) {
                    columnToProperty[col] = i;
                    break;
                }
            }
        }

        return columnToProperty;
    }","@Override
    protected int[] mapColumnsToProperties(final ResultSetMetaData rsmd,
            final PropertyDescriptor[] props) throws SQLException {

        final int cols = rsmd.getColumnCount();
        final int[] columnToProperty = new int[cols + 1];
        Arrays.fill(columnToProperty, PROPERTY_NOT_FOUND);

        for (int col = 1; col <= cols; col++) {
            String columnName = rsmd.getColumnLabel(col);

            if (null == columnName || 0 == columnName.length()) {
                columnName = rsmd.getColumnName(col);
            }

            final String generousColumnName = columnName.replace(""_"", """");

            for (int i = 0; i < props.length; i++) {
                final String propName = props[i].getName();

                // see if either the column name, or the generous one matches
                if (columnName.equalsIgnoreCase(propName) ||
                        generousColumnName.equalsIgnoreCase(propName)) {
                    columnToProperty[col] = i;
                    break;
                }
            }
        }

        return columnToProperty;
    }",
dbut_10_2,"    @Test
    public void testMapColumnsToPropertiesColumnLabelIsNull_2_oe() throws Exception {
        when(metaData.getColumnCount()).thenReturn(1);
        when(metaData.getColumnName(1)).thenReturn(""juhu"");

        when(metaData.getColumnLabel(1)).thenReturn(null);
        when(metaData.getColumnLabel(2)).thenReturn(""One"");
        when(metaData.getColumnLabel(3)).thenReturn(""tWO"");

        int[] ret = processor.mapColumnsToProperties(metaData, propDescriptors);

        // removed other assertion
        assertEquals(2, ret.length);
    }
",GenerousBeanProcessorTest::testMapColumnsToPropertiesColumnLabelIsNull_2_oe,org.apache.commons.dbutils.GenerousBeanProcessor,"mapColumnsToProperties(final ResultSetMetaData rsmd,
            final PropertyDescriptor[] props)",,"@Override
    protected int[] mapColumnsToProperties(final ResultSetMetaData rsmd,
            final PropertyDescriptor[] props) throws SQLException {

        final int cols = rsmd.getColumnCount();
        final int[] columnToProperty = new int[cols + 1];
        Arrays.fill(columnToProperty, PROPERTY_NOT_FOUND);

        for (int col = 1; col <= cols; col++) {
            String columnName = rsmd.getColumnLabel(col);

            if (null == columnName || 0 == columnName.length()) {
                columnName = rsmd.getColumnName(col);
            }

            final String generousColumnName = columnName.replace(""_"", """");

            for (int i = 0; i < props.length; i++) {
                final String propName = props[i].getName();

                // see if either the column name, or the generous one matches
                if (columnName.equalsIgnoreCase(propName) ||
                        generousColumnName.equalsIgnoreCase(propName)) {
                    columnToProperty[col] = i;
                    break;
                }
            }
        }

        return columnToProperty;
    }","@Override
    protected int[] mapColumnsToProperties(final ResultSetMetaData rsmd,
            final PropertyDescriptor[] props) throws SQLException {

        final int cols = rsmd.getColumnCount();
        final int[] columnToProperty = new int[cols + 1];
        Arrays.fill(columnToProperty, PROPERTY_NOT_FOUND);

        for (int col = 1; col <= cols; col++) {
            String columnName = rsmd.getColumnLabel(col);

            if (null == columnName || 0 == columnName.length()) {
                columnName = rsmd.getColumnName(col);
            }

            final String generousColumnName = columnName.replace(""_"", """");

            for (int i = 0; i < props.length; i++) {
                final String propName = props[i].getName();

                // see if either the column name, or the generous one matches
                if (columnName.equalsIgnoreCase(propName) ||
                        generousColumnName.equalsIgnoreCase(propName)) {
                    columnToProperty[col] = i;
                    break;
                }
            }
        }

        return columnToProperty;
    }",
dbut_10_3,"    @Test
    public void testMapColumnsToPropertiesColumnLabelIsNull_3_oe() throws Exception {
        when(metaData.getColumnCount()).thenReturn(1);
        when(metaData.getColumnName(1)).thenReturn(""juhu"");

        when(metaData.getColumnLabel(1)).thenReturn(null);
        when(metaData.getColumnLabel(2)).thenReturn(""One"");
        when(metaData.getColumnLabel(3)).thenReturn(""tWO"");

        int[] ret = processor.mapColumnsToProperties(metaData, propDescriptors);

        // removed other assertion
        // removed other assertion
        assertEquals(-1, ret[0]);
    }
",GenerousBeanProcessorTest::testMapColumnsToPropertiesColumnLabelIsNull_3_oe,org.apache.commons.dbutils.GenerousBeanProcessor,"mapColumnsToProperties(final ResultSetMetaData rsmd,
            final PropertyDescriptor[] props)",,"@Override
    protected int[] mapColumnsToProperties(final ResultSetMetaData rsmd,
            final PropertyDescriptor[] props) throws SQLException {

        final int cols = rsmd.getColumnCount();
        final int[] columnToProperty = new int[cols + 1];
        Arrays.fill(columnToProperty, PROPERTY_NOT_FOUND);

        for (int col = 1; col <= cols; col++) {
            String columnName = rsmd.getColumnLabel(col);

            if (null == columnName || 0 == columnName.length()) {
                columnName = rsmd.getColumnName(col);
            }

            final String generousColumnName = columnName.replace(""_"", """");

            for (int i = 0; i < props.length; i++) {
                final String propName = props[i].getName();

                // see if either the column name, or the generous one matches
                if (columnName.equalsIgnoreCase(propName) ||
                        generousColumnName.equalsIgnoreCase(propName)) {
                    columnToProperty[col] = i;
                    break;
                }
            }
        }

        return columnToProperty;
    }","@Override
    protected int[] mapColumnsToProperties(final ResultSetMetaData rsmd,
            final PropertyDescriptor[] props) throws SQLException {

        final int cols = rsmd.getColumnCount();
        final int[] columnToProperty = new int[cols + 1];
        Arrays.fill(columnToProperty, PROPERTY_NOT_FOUND);

        for (int col = 1; col <= cols; col++) {
            String columnName = rsmd.getColumnLabel(col);

            if (null == columnName || 0 == columnName.length()) {
                columnName = rsmd.getColumnName(col);
            }

            final String generousColumnName = columnName.replace(""_"", """");

            for (int i = 0; i < props.length; i++) {
                final String propName = props[i].getName();

                // see if either the column name, or the generous one matches
                if (columnName.equalsIgnoreCase(propName) ||
                        generousColumnName.equalsIgnoreCase(propName)) {
                    columnToProperty[col] = i;
                    break;
                }
            }
        }

        return columnToProperty;
    }",
dbut_10_4,"    @Test
    public void testMapColumnsToPropertiesColumnLabelIsNull_4_oe() throws Exception {
        when(metaData.getColumnCount()).thenReturn(1);
        when(metaData.getColumnName(1)).thenReturn(""juhu"");

        when(metaData.getColumnLabel(1)).thenReturn(null);
        when(metaData.getColumnLabel(2)).thenReturn(""One"");
        when(metaData.getColumnLabel(3)).thenReturn(""tWO"");

        int[] ret = processor.mapColumnsToProperties(metaData, propDescriptors);

        // removed other assertion
        // removed other assertion
        // removed other assertion
        assertEquals(-1, ret[1]);
    }
",GenerousBeanProcessorTest::testMapColumnsToPropertiesColumnLabelIsNull_4_oe,org.apache.commons.dbutils.GenerousBeanProcessor,"mapColumnsToProperties(final ResultSetMetaData rsmd,
            final PropertyDescriptor[] props)",,"@Override
    protected int[] mapColumnsToProperties(final ResultSetMetaData rsmd,
            final PropertyDescriptor[] props) throws SQLException {

        final int cols = rsmd.getColumnCount();
        final int[] columnToProperty = new int[cols + 1];
        Arrays.fill(columnToProperty, PROPERTY_NOT_FOUND);

        for (int col = 1; col <= cols; col++) {
            String columnName = rsmd.getColumnLabel(col);

            if (null == columnName || 0 == columnName.length()) {
                columnName = rsmd.getColumnName(col);
            }

            final String generousColumnName = columnName.replace(""_"", """");

            for (int i = 0; i < props.length; i++) {
                final String propName = props[i].getName();

                // see if either the column name, or the generous one matches
                if (columnName.equalsIgnoreCase(propName) ||
                        generousColumnName.equalsIgnoreCase(propName)) {
                    columnToProperty[col] = i;
                    break;
                }
            }
        }

        return columnToProperty;
    }","@Override
    protected int[] mapColumnsToProperties(final ResultSetMetaData rsmd,
            final PropertyDescriptor[] props) throws SQLException {

        final int cols = rsmd.getColumnCount();
        final int[] columnToProperty = new int[cols + 1];
        Arrays.fill(columnToProperty, PROPERTY_NOT_FOUND);

        for (int col = 1; col <= cols; col++) {
            String columnName = rsmd.getColumnLabel(col);

            if (null == columnName || 0 == columnName.length()) {
                columnName = rsmd.getColumnName(col);
            }

            final String generousColumnName = columnName.replace(""_"", """");

            for (int i = 0; i < props.length; i++) {
                final String propName = props[i].getName();

                // see if either the column name, or the generous one matches
                if (columnName.equalsIgnoreCase(propName) ||
                        generousColumnName.equalsIgnoreCase(propName)) {
                    columnToProperty[col] = i;
                    break;
                }
            }
        }

        return columnToProperty;
    }",
dbut_10_5,"    @Test
    public void testMapColumnsToPropertiesColumnLabelIsNull_5_oe() throws Exception {
        when(metaData.getColumnCount()).thenReturn(1);
        when(metaData.getColumnName(1)).thenReturn(""juhu"");

        when(metaData.getColumnLabel(1)).thenReturn(null);
        when(metaData.getColumnLabel(2)).thenReturn(""One"");
        when(metaData.getColumnLabel(3)).thenReturn(""tWO"");

        int[] ret = processor.mapColumnsToProperties(metaData, propDescriptors);

        // removed other assertion
        // removed other assertion
        // removed other assertion
        // removed other assertion
        assertEquals(-1, ret[1]);
    }
",GenerousBeanProcessorTest::testMapColumnsToPropertiesColumnLabelIsNull_5_oe,org.apache.commons.dbutils.GenerousBeanProcessor,"mapColumnsToProperties(final ResultSetMetaData rsmd,
            final PropertyDescriptor[] props)",,"@Override
    protected int[] mapColumnsToProperties(final ResultSetMetaData rsmd,
            final PropertyDescriptor[] props) throws SQLException {

        final int cols = rsmd.getColumnCount();
        final int[] columnToProperty = new int[cols + 1];
        Arrays.fill(columnToProperty, PROPERTY_NOT_FOUND);

        for (int col = 1; col <= cols; col++) {
            String columnName = rsmd.getColumnLabel(col);

            if (null == columnName || 0 == columnName.length()) {
                columnName = rsmd.getColumnName(col);
            }

            final String generousColumnName = columnName.replace(""_"", """");

            for (int i = 0; i < props.length; i++) {
                final String propName = props[i].getName();

                // see if either the column name, or the generous one matches
                if (columnName.equalsIgnoreCase(propName) ||
                        generousColumnName.equalsIgnoreCase(propName)) {
                    columnToProperty[col] = i;
                    break;
                }
            }
        }

        return columnToProperty;
    }","@Override
    protected int[] mapColumnsToProperties(final ResultSetMetaData rsmd,
            final PropertyDescriptor[] props) throws SQLException {

        final int cols = rsmd.getColumnCount();
        final int[] columnToProperty = new int[cols + 1];
        Arrays.fill(columnToProperty, PROPERTY_NOT_FOUND);

        for (int col = 1; col <= cols; col++) {
            String columnName = rsmd.getColumnLabel(col);

            if (null == columnName || 0 == columnName.length()) {
                columnName = rsmd.getColumnName(col);
            }

            final String generousColumnName = columnName.replace(""_"", """");

            for (int i = 0; i < props.length; i++) {
                final String propName = props[i].getName();

                // see if either the column name, or the generous one matches
                if (columnName.equalsIgnoreCase(propName) ||
                        generousColumnName.equalsIgnoreCase(propName)) {
                    columnToProperty[col] = i;
                    break;
                }
            }
        }

        return columnToProperty;
    }",
dbut_10_6,"    @Test
    public void testMapColumnsToPropertiesColumnLabelIsNull_6_oe() throws Exception {
        when(metaData.getColumnCount()).thenReturn(1);
        when(metaData.getColumnName(1)).thenReturn(""juhu"");

        when(metaData.getColumnLabel(1)).thenReturn(null);
        when(metaData.getColumnLabel(2)).thenReturn(""One"");
        when(metaData.getColumnLabel(3)).thenReturn(""tWO"");

        int[] ret = processor.mapColumnsToProperties(metaData, propDescriptors);

        // removed other assertion
        // removed other assertion
        // removed other assertion
        // removed other assertion
        // removed other assertion
        assertEquals(-1, ret[1]);
    }
",GenerousBeanProcessorTest::testMapColumnsToPropertiesColumnLabelIsNull_6_oe,org.apache.commons.dbutils.GenerousBeanProcessor,"mapColumnsToProperties(final ResultSetMetaData rsmd,
            final PropertyDescriptor[] props)",,"@Override
    protected int[] mapColumnsToProperties(final ResultSetMetaData rsmd,
            final PropertyDescriptor[] props) throws SQLException {

        final int cols = rsmd.getColumnCount();
        final int[] columnToProperty = new int[cols + 1];
        Arrays.fill(columnToProperty, PROPERTY_NOT_FOUND);

        for (int col = 1; col <= cols; col++) {
            String columnName = rsmd.getColumnLabel(col);

            if (null == columnName || 0 == columnName.length()) {
                columnName = rsmd.getColumnName(col);
            }

            final String generousColumnName = columnName.replace(""_"", """");

            for (int i = 0; i < props.length; i++) {
                final String propName = props[i].getName();

                // see if either the column name, or the generous one matches
                if (columnName.equalsIgnoreCase(propName) ||
                        generousColumnName.equalsIgnoreCase(propName)) {
                    columnToProperty[col] = i;
                    break;
                }
            }
        }

        return columnToProperty;
    }","@Override
    protected int[] mapColumnsToProperties(final ResultSetMetaData rsmd,
            final PropertyDescriptor[] props) throws SQLException {

        final int cols = rsmd.getColumnCount();
        final int[] columnToProperty = new int[cols + 1];
        Arrays.fill(columnToProperty, PROPERTY_NOT_FOUND);

        for (int col = 1; col <= cols; col++) {
            String columnName = rsmd.getColumnLabel(col);

            if (null == columnName || 0 == columnName.length()) {
                columnName = rsmd.getColumnName(col);
            }

            final String generousColumnName = columnName.replace(""_"", """");

            for (int i = 0; i < props.length; i++) {
                final String propName = props[i].getName();

                // see if either the column name, or the generous one matches
                if (columnName.equalsIgnoreCase(propName) ||
                        generousColumnName.equalsIgnoreCase(propName)) {
                    columnToProperty[col] = i;
                    break;
                }
            }
        }

        return columnToProperty;
    }",
dbut_11_1,"    @Test
    public void testGoodInsert_1_oe() throws Exception {
        results = mock(ResultSet.class);
        
        when(meta.getParameterCount()).thenReturn(2);
        when(conn.prepareStatement(any(String.class), eq(Statement.RETURN_GENERATED_KEYS))).thenReturn(stmt);
        when(stmt.getGeneratedKeys()).thenReturn(results);
        when(results.next()).thenReturn(true).thenReturn(false);
        when(results.getObject(1)).thenReturn(1L);

        Long generatedKey = runner.insert(""INSERT INTO blah(col1, col2) VALUES(?,?)"", new ScalarHandler<Long>(), ""unit"", ""test"");

        verify(stmt, times(1)).executeUpdate();
        verify(stmt, times(1)).close();    // make sure we closed the statement
        verify(conn, times(1)).close();    // make sure we closed the connection
        
        Assert.assertEquals(1L, generatedKey.longValue());
    }
",QueryRunnerTest::testGoodInsert_1_oe,org.apache.commons.dbutils.AbstractQueryRunner,void close(Connection conn),"/**
     * Close a <code>Connection</code>. This implementation avoids closing if
     * null and does <strong>not</strong> suppress any exceptions. Subclasses
     * can override to provide special handling like logging.
     *
     * @param conn
     *            Connection to close
     * @throws SQLException
     *             if a database access error occurs
     * @since DbUtils 1.1
     */","protected void close(Connection conn) throws SQLException {
        DbUtils.close(conn);
    }","protected void close(Connection conn) throws SQLException {
        DbUtils.close(conn);
    }","/**
     * Close a <code>Connection</code>. This implementation avoids closing if
     * null and does <strong>not</strong> suppress any exceptions. Subclasses
     * can override to provide special handling like logging.
     *
     * @param conn
     *            Connection to close
     * @throws SQLException
     *             if a database access error occurs
     * @since DbUtils 1.1
     */"
dbut_12_1,"    @Test
    public void testGoodBatchInsert_1_oe() throws Exception {
        results = mock(ResultSet.class);
        resultsMeta = mock(ResultSetMetaData.class);
        
        when(meta.getParameterCount()).thenReturn(2);
        when(conn.prepareStatement(any(String.class), eq(Statement.RETURN_GENERATED_KEYS))).thenReturn(stmt);
        when(stmt.getGeneratedKeys()).thenReturn(results);
        when(results.next()).thenReturn(true).thenReturn(true).thenReturn(false);
        when(results.getMetaData()).thenReturn(resultsMeta);
        when(resultsMeta.getColumnCount()).thenReturn(1);
        
        ResultSetHandler<List<Object>> handler = new ResultSetHandler<List<Object>>()
        {
            @Override
            public List<Object> handle(ResultSet rs) throws SQLException
            {
                List<Object> objects = new ArrayList<Object>();
                while (rs.next())
                {
                    objects.add(new Object());
                }
                return objects;
            }
        };
        
        Object[][] params = new Object[2][2];
        params[0][0] = ""Test"";
        params[0][1] = ""Blah"";
        params[1][0] = ""Test2"";
        params[1][1] = ""Blah2"";
        
        List<Object> generatedKeys = runner.insertBatch(""INSERT INTO blah(col1, col2) VALUES(?,?)"", handler, params);

        verify(stmt, times(2)).addBatch();
        verify(stmt, times(1)).executeBatch();
        verify(stmt, times(1)).close();    // make sure we closed the statement
        verify(conn, times(1)).close();    // make sure we closed the connection
        
        Assert.assertEquals(2, generatedKeys.size());
    }
",QueryRunnerTest::testGoodBatchInsert_1_oe,org.apache.commons.dbutils.AbstractQueryRunner,void close(Connection conn),"/**
     * Close a <code>Connection</code>. This implementation avoids closing if
     * null and does <strong>not</strong> suppress any exceptions. Subclasses
     * can override to provide special handling like logging.
     *
     * @param conn
     *            Connection to close
     * @throws SQLException
     *             if a database access error occurs
     * @since DbUtils 1.1
     */","protected void close(Connection conn) throws SQLException {
        DbUtils.close(conn);
    }","protected void close(Connection conn) throws SQLException {
        DbUtils.close(conn);
    }","/**
     * Close a <code>Connection</code>. This implementation avoids closing if
     * null and does <strong>not</strong> suppress any exceptions. Subclasses
     * can override to provide special handling like logging.
     *
     * @param conn
     *            Connection to close
     * @throws SQLException
     *             if a database access error occurs
     * @since DbUtils 1.1
     */"
dbut_13_1,"    @Test
    public void testExecuteWithMultipleResultSets_1_oe() throws Exception {
        when(call.execute()).thenReturn(true);
        when(call.getMoreResults()).thenAnswer(new Answer<Boolean>()
        {
            int count = 1;
            @Override
            public Boolean answer(InvocationOnMock invocation)
            {
                return ++count <= 3;
            }
        });
        when(meta.getParameterCount()).thenReturn(0);
        List<Object[]> objects = runner.execute(""{call my_proc()}"", handler);

        Assert.assertEquals(3, objects.size());
    }
",QueryRunnerTest::testExecuteWithMultipleResultSets_1_oe,org.apache.commons.dbutils.QueryRunner,"execute(Connection conn, String sql, Object... params)","/**
     * Execute an SQL statement, including a stored procedure call, which does
     * not return any result sets.
     * Any parameters which are instances of {@link OutParameter} will be
     * registered as OUT parameters.
     * <p>
     * Use this method when invoking a stored procedure with OUT parameters
     * that does not return any result sets.  If you are not invoking a stored
     * procedure, or the stored procedure has no OUT parameters, consider using
     * {@link #update(java.sql.Connection, java.lang.String, java.lang.Object...) }.
     * If the stored procedure returns result sets, use
     * {@link #execute(java.sql.Connection, java.lang.String, org.apache.commons.dbutils.ResultSetHandler, java.lang.Object...) }.
     *
     * @param conn The connection to use to run the query.
     * @param sql The SQL to execute.
     * @param params The query replacement parameters.
     * @return The number of rows updated.
     * @throws SQLException if a database access error occurs
     */","public int execute(Connection conn, String sql, Object... params) throws SQLException {
        return this.execute(conn, false, sql, params);
    }","public int execute(Connection conn, String sql, Object... params) throws SQLException {
        return this.execute(conn, false, sql, params);
    }","/**
     * Execute an SQL statement, including a stored procedure call, which does
     * not return any result sets.
     * Any parameters which are instances of {@link OutParameter} will be
     * registered as OUT parameters.
     * <p>
     * Use this method when invoking a stored procedure with OUT parameters
     * that does not return any result sets.  If you are not invoking a stored
     * procedure, or the stored procedure has no OUT parameters, consider using
     * {@link #update(java.sql.Connection, java.lang.String, java.lang.Object...) }.
     * If the stored procedure returns result sets, use
     * {@link #execute(java.sql.Connection, java.lang.String, org.apache.commons.dbutils.ResultSetHandler, java.lang.Object...) }.
     *
     * @param conn The connection to use to run the query.
     * @param sql The SQL to execute.
     * @param params The query replacement parameters.
     * @return The number of rows updated.
     * @throws SQLException if a database access error occurs
     */"
dbut_14_1,"    @Test
    public void testFindsLocalColumnHandler_1_oe() {
        boolean found = false;
        for (ColumnHandler handler : columns) {
            // this class is defined outside of the main classes in dbutils
            if (handler instanceof TestColumnHandler) {
                found = true;
            }
        }

        assertTrue(found);
    }
",ServiceLoaderTest::testFindsLocalColumnHandler_1_oe,,,,,,
dbut_15_1,"    @Test
    public void testFindsLocalPropertyHandler_1_oe() {
        boolean found = false;
        for (PropertyHandler handler : properties) {
            // this class is defined outside of the main classes in dbutils
            if (handler instanceof TestPropertyHandler) {
                found = true;
            }
        }

        assertTrue(found);
    }
",ServiceLoaderTest::testFindsLocalPropertyHandler_1_oe,,,,,,
dbut_16_1,"    @Test
    public void testFindMoreThanLocalColumns_1_oe() {
        int count = 0;
        for (ColumnHandler handler : columns) {
            count++;
        }

        assertTrue(count > 1);
    }
",ServiceLoaderTest::testFindMoreThanLocalColumns_1_oe,,,,,,
dbut_17_1,"    @Test
    public void testFindMoreThanLocalProperties_1_oe() {
        int count = 0;
        for (PropertyHandler handler : properties) {
            count++;
        }

        assertTrue(count > 1);
    }
",ServiceLoaderTest::testFindMoreThanLocalProperties_1_oe,,,,,,
dbut_20_1,"    @Test
    public void testLoadDriverReturnsFalse_1_oe() {
        
        assertFalse(DbUtils.loadDriver(""""));
    }
",DbUtilsTest::testLoadDriverReturnsFalse_1_oe,org.apache.commons.dbutils.DbUtils,loadDriver(String driverClassName),"/**
     * Loads and registers a database driver class.
     * If this succeeds, it returns true, else it returns false.
     *
     * @param driverClassName of driver to load
     * @return boolean <code>true</code> if the driver was found, otherwise <code>false</code>
     */","public static boolean loadDriver(String driverClassName) {
        return loadDriver(DbUtils.class.getClassLoader(), driverClassName);
    }","public static boolean loadDriver(String driverClassName) {
        return loadDriver(DbUtils.class.getClassLoader(), driverClassName);
    }","/**
     * Loads and registers a database driver class.
     * If this succeeds, it returns true, else it returns false.
     *
     * @param driverClassName of driver to load
     * @return boolean <code>true</code> if the driver was found, otherwise <code>false</code>
     */"
dbut_21_1,"    @Test
    public void testSetValue_1_oe() throws Exception {
        when(stmt.getObject(INDEX)).thenReturn(VALUE);

        parameter.setValue(stmt, INDEX);

        assertEquals(VALUE, parameter.getValue());
    }
",OutParameterTest::testSetValue_1_oe,org.apache.commons.dbutils.OutParameter,getValue(),"/**
     * Get the value of the OUT parameter.  After the stored procedure has
     * been executed, the value is the value returned via this parameter.
     * @return the value of the OUT parameter.
     */","public T getValue() {
        return value;
    }","public T getValue() {
        return value;
    }","/**
     * Get the value of the OUT parameter.  After the stored procedure has
     * been executed, the value is the value returned via this parameter.
     * @return the value of the OUT parameter.
     */"
dbut_22_1,"    public void testCheckDataSizes_1_oe() {
        assertEquals(""Row 1 must contain correct number of columns"", columnNames.length, row1.length);
    }
",BaseTestCase::testCheckDataSizes_1_oe,,,,,,
dbut_22_2,"    public void testCheckDataSizes_2_oe() {
        // removed other assertion
        assertEquals(""Row 1 must contain correct number of columns"", columnNames.length, row2.length);
    }
",BaseTestCase::testCheckDataSizes_2_oe,,,,,,
dbut_23_1,"    public void testResultSets_1_oe() throws Exception {
        assertFalse(""emptyResultSet should be empty"", emptyResultSet.next());
    }
",BaseTestCase::testResultSets_1_oe,org.apache.commons.dbutils.ResultSetIterator,next(),"/**
     * Returns the next row as an <code>Object[]</code>.
     * @return An <code>Object[]</code> with the same number of elements as
     * columns in the <code>ResultSet</code>.
     * @see java.util.Iterator#next()
     * @throws RuntimeException if an SQLException occurs.
     */","@Override
    public Object[] next() {
        try {
            rs.next();
            return this.convert.toArray(rs);
        } catch (SQLException e) {
            rethrow(e);
            return null;
        }
    }","@Override
    public Object[] next() {
        try {
            rs.next();
            return this.convert.toArray(rs);
        } catch (SQLException e) {
            rethrow(e);
            return null;
        }
    }","/**
     * Returns the next row as an <code>Object[]</code>.
     * @return An <code>Object[]</code> with the same number of elements as
     * columns in the <code>ResultSet</code>.
     * @see java.util.Iterator#next()
     * @throws RuntimeException if an SQLException occurs.
     */"
dbut_24_1,"    @Test
    public void handleWithoutExplicitResultSetInvocation_1_oe() throws Exception {
        Collection<Map<String, Object>> result = new ToMapCollectionHandler().handle(createMockResultSet());

        assertFalse(result.isEmpty());
    }
",BaseResultSetHandlerTest::handleWithoutExplicitResultSetInvocation_1_oe,org.apache.commons.dbutils.BaseResultSetHandler,handle(ResultSet rs),"/**
     * {@inheritDoc}
     */","@Override
    public final T handle(ResultSet rs) throws SQLException {
        if (this.rs != null) {
            throw new IllegalStateException(""Re-entry not allowed!"");
        }

        this.rs = rs;

        try {
            return handle();
        } finally {
            this.rs = null;
        }
    }","@Override
    public final T handle(ResultSet rs) throws SQLException {
        if (this.rs != null) {
            throw new IllegalStateException(""Re-entry not allowed!"");
        }

        this.rs = rs;

        try {
            return handle();
        } finally {
            this.rs = null;
        }
    }","/**
     * {@inheritDoc}
     */"
dbut_24_2,"    @Test
    public void handleWithoutExplicitResultSetInvocation_2_oe() throws Exception {
        Collection<Map<String, Object>> result = new ToMapCollectionHandler().handle(createMockResultSet());

        // removed other assertion

        for (Map<String, Object> current : result) {
            assertTrue(current.containsKey(""one""));
    }
    }
",BaseResultSetHandlerTest::handleWithoutExplicitResultSetInvocation_2_oe,org.apache.commons.dbutils.BasicRowProcessor.CaseInsensitiveHashMap,containsKey(Object key),/** {@inheritDoc} */,"@Override
        public boolean containsKey(Object key) {
            Object realKey = lowerCaseMap.get(key.toString().toLowerCase(Locale.ENGLISH));
            return super.containsKey(realKey);
            // Possible optimisation here:
            // Since the lowerCaseMap contains a mapping for all the keys,
            // we could just do this:
            // return lowerCaseMap.containsKey(key.toString().toLowerCase());
        }","@Override
        public boolean containsKey(Object key) {
            Object realKey = lowerCaseMap.get(key.toString().toLowerCase(Locale.ENGLISH));
            return super.containsKey(realKey);
            // Possible optimisation here:
            // Since the lowerCaseMap contains a mapping for all the keys,
            // we could just do this:
            // return lowerCaseMap.containsKey(key.toString().toLowerCase());
        }",/** {@inheritDoc} */
dbut_24_3,"    @Test
    public void handleWithoutExplicitResultSetInvocation_3_oe() throws Exception {
        Collection<Map<String, Object>> result = new ToMapCollectionHandler().handle(createMockResultSet());

        // removed other assertion

        for (Map<String, Object> current : result) {
            // removed other assertion
            assertTrue(current.containsKey(""two""));
    }
    }
",BaseResultSetHandlerTest::handleWithoutExplicitResultSetInvocation_3_oe,org.apache.commons.dbutils.BasicRowProcessor.CaseInsensitiveHashMap,containsKey(Object key),/** {@inheritDoc} */,"@Override
        public boolean containsKey(Object key) {
            Object realKey = lowerCaseMap.get(key.toString().toLowerCase(Locale.ENGLISH));
            return super.containsKey(realKey);
            // Possible optimisation here:
            // Since the lowerCaseMap contains a mapping for all the keys,
            // we could just do this:
            // return lowerCaseMap.containsKey(key.toString().toLowerCase());
        }","@Override
        public boolean containsKey(Object key) {
            Object realKey = lowerCaseMap.get(key.toString().toLowerCase(Locale.ENGLISH));
            return super.containsKey(realKey);
            // Possible optimisation here:
            // Since the lowerCaseMap contains a mapping for all the keys,
            // we could just do this:
            // return lowerCaseMap.containsKey(key.toString().toLowerCase());
        }",/** {@inheritDoc} */
dbut_24_4,"    @Test
    public void handleWithoutExplicitResultSetInvocation_4_oe() throws Exception {
        Collection<Map<String, Object>> result = new ToMapCollectionHandler().handle(createMockResultSet());

        // removed other assertion

        for (Map<String, Object> current : result) {
            // removed other assertion
            // removed other assertion
            assertTrue(current.containsKey(""three""));
    }
    }
",BaseResultSetHandlerTest::handleWithoutExplicitResultSetInvocation_4_oe,org.apache.commons.dbutils.BasicRowProcessor.CaseInsensitiveHashMap,containsKey(Object key),/** {@inheritDoc} */,"@Override
        public boolean containsKey(Object key) {
            Object realKey = lowerCaseMap.get(key.toString().toLowerCase(Locale.ENGLISH));
            return super.containsKey(realKey);
            // Possible optimisation here:
            // Since the lowerCaseMap contains a mapping for all the keys,
            // we could just do this:
            // return lowerCaseMap.containsKey(key.toString().toLowerCase());
        }","@Override
        public boolean containsKey(Object key) {
            Object realKey = lowerCaseMap.get(key.toString().toLowerCase(Locale.ENGLISH));
            return super.containsKey(realKey);
            // Possible optimisation here:
            // Since the lowerCaseMap contains a mapping for all the keys,
            // we could just do this:
            // return lowerCaseMap.containsKey(key.toString().toLowerCase());
        }",/** {@inheritDoc} */
dbut_24_5,"    @Test
    public void handleWithoutExplicitResultSetInvocation_5_oe() throws Exception {
        Collection<Map<String, Object>> result = new ToMapCollectionHandler().handle(createMockResultSet());

        // removed other assertion

        for (Map<String, Object> current : result) {
            // removed other assertion
            // removed other assertion
            // removed other assertion
            assertTrue(current.containsKey(""notInBean""));
    }
    }
",BaseResultSetHandlerTest::handleWithoutExplicitResultSetInvocation_5_oe,org.apache.commons.dbutils.BasicRowProcessor.CaseInsensitiveHashMap,containsKey(Object key),/** {@inheritDoc} */,"@Override
        public boolean containsKey(Object key) {
            Object realKey = lowerCaseMap.get(key.toString().toLowerCase(Locale.ENGLISH));
            return super.containsKey(realKey);
            // Possible optimisation here:
            // Since the lowerCaseMap contains a mapping for all the keys,
            // we could just do this:
            // return lowerCaseMap.containsKey(key.toString().toLowerCase());
        }","@Override
        public boolean containsKey(Object key) {
            Object realKey = lowerCaseMap.get(key.toString().toLowerCase(Locale.ENGLISH));
            return super.containsKey(realKey);
            // Possible optimisation here:
            // Since the lowerCaseMap contains a mapping for all the keys,
            // we could just do this:
            // return lowerCaseMap.containsKey(key.toString().toLowerCase());
        }",/** {@inheritDoc} */
dbut_24_6,"    @Test
    public void handleWithoutExplicitResultSetInvocation_6_oe() throws Exception {
        Collection<Map<String, Object>> result = new ToMapCollectionHandler().handle(createMockResultSet());

        // removed other assertion

        for (Map<String, Object> current : result) {
            // removed other assertion
            // removed other assertion
            // removed other assertion
            // removed other assertion
            assertTrue(current.containsKey(""intTest""));
    }
    }
",BaseResultSetHandlerTest::handleWithoutExplicitResultSetInvocation_6_oe,org.apache.commons.dbutils.BasicRowProcessor.CaseInsensitiveHashMap,containsKey(Object key),/** {@inheritDoc} */,"@Override
        public boolean containsKey(Object key) {
            Object realKey = lowerCaseMap.get(key.toString().toLowerCase(Locale.ENGLISH));
            return super.containsKey(realKey);
            // Possible optimisation here:
            // Since the lowerCaseMap contains a mapping for all the keys,
            // we could just do this:
            // return lowerCaseMap.containsKey(key.toString().toLowerCase());
        }","@Override
        public boolean containsKey(Object key) {
            Object realKey = lowerCaseMap.get(key.toString().toLowerCase(Locale.ENGLISH));
            return super.containsKey(realKey);
            // Possible optimisation here:
            // Since the lowerCaseMap contains a mapping for all the keys,
            // we could just do this:
            // return lowerCaseMap.containsKey(key.toString().toLowerCase());
        }",/** {@inheritDoc} */
dbut_24_7,"    @Test
    public void handleWithoutExplicitResultSetInvocation_7_oe() throws Exception {
        Collection<Map<String, Object>> result = new ToMapCollectionHandler().handle(createMockResultSet());

        // removed other assertion

        for (Map<String, Object> current : result) {
            // removed other assertion
            // removed other assertion
            // removed other assertion
            // removed other assertion
            // removed other assertion
            assertTrue(current.containsKey(""integerTest""));
    }
    }
",BaseResultSetHandlerTest::handleWithoutExplicitResultSetInvocation_7_oe,org.apache.commons.dbutils.BasicRowProcessor.CaseInsensitiveHashMap,containsKey(Object key),/** {@inheritDoc} */,"@Override
        public boolean containsKey(Object key) {
            Object realKey = lowerCaseMap.get(key.toString().toLowerCase(Locale.ENGLISH));
            return super.containsKey(realKey);
            // Possible optimisation here:
            // Since the lowerCaseMap contains a mapping for all the keys,
            // we could just do this:
            // return lowerCaseMap.containsKey(key.toString().toLowerCase());
        }","@Override
        public boolean containsKey(Object key) {
            Object realKey = lowerCaseMap.get(key.toString().toLowerCase(Locale.ENGLISH));
            return super.containsKey(realKey);
            // Possible optimisation here:
            // Since the lowerCaseMap contains a mapping for all the keys,
            // we could just do this:
            // return lowerCaseMap.containsKey(key.toString().toLowerCase());
        }",/** {@inheritDoc} */
dbut_24_8,"    @Test
    public void handleWithoutExplicitResultSetInvocation_8_oe() throws Exception {
        Collection<Map<String, Object>> result = new ToMapCollectionHandler().handle(createMockResultSet());

        // removed other assertion

        for (Map<String, Object> current : result) {
            // removed other assertion
            // removed other assertion
            // removed other assertion
            // removed other assertion
            // removed other assertion
            // removed other assertion
            assertTrue(current.containsKey(""nullObjectTest""));
    }
    }
",BaseResultSetHandlerTest::handleWithoutExplicitResultSetInvocation_8_oe,org.apache.commons.dbutils.BasicRowProcessor.CaseInsensitiveHashMap,containsKey(Object key),/** {@inheritDoc} */,"@Override
        public boolean containsKey(Object key) {
            Object realKey = lowerCaseMap.get(key.toString().toLowerCase(Locale.ENGLISH));
            return super.containsKey(realKey);
            // Possible optimisation here:
            // Since the lowerCaseMap contains a mapping for all the keys,
            // we could just do this:
            // return lowerCaseMap.containsKey(key.toString().toLowerCase());
        }","@Override
        public boolean containsKey(Object key) {
            Object realKey = lowerCaseMap.get(key.toString().toLowerCase(Locale.ENGLISH));
            return super.containsKey(realKey);
            // Possible optimisation here:
            // Since the lowerCaseMap contains a mapping for all the keys,
            // we could just do this:
            // return lowerCaseMap.containsKey(key.toString().toLowerCase());
        }",/** {@inheritDoc} */
dbut_24_9,"    @Test
    public void handleWithoutExplicitResultSetInvocation_9_oe() throws Exception {
        Collection<Map<String, Object>> result = new ToMapCollectionHandler().handle(createMockResultSet());

        // removed other assertion

        for (Map<String, Object> current : result) {
            // removed other assertion
            // removed other assertion
            // removed other assertion
            // removed other assertion
            // removed other assertion
            // removed other assertion
            // removed other assertion
            assertTrue(current.containsKey(""nullPrimitiveTest""));
    }
    }
",BaseResultSetHandlerTest::handleWithoutExplicitResultSetInvocation_9_oe,org.apache.commons.dbutils.BasicRowProcessor.CaseInsensitiveHashMap,containsKey(Object key),/** {@inheritDoc} */,"@Override
        public boolean containsKey(Object key) {
            Object realKey = lowerCaseMap.get(key.toString().toLowerCase(Locale.ENGLISH));
            return super.containsKey(realKey);
            // Possible optimisation here:
            // Since the lowerCaseMap contains a mapping for all the keys,
            // we could just do this:
            // return lowerCaseMap.containsKey(key.toString().toLowerCase());
        }","@Override
        public boolean containsKey(Object key) {
            Object realKey = lowerCaseMap.get(key.toString().toLowerCase(Locale.ENGLISH));
            return super.containsKey(realKey);
            // Possible optimisation here:
            // Since the lowerCaseMap contains a mapping for all the keys,
            // we could just do this:
            // return lowerCaseMap.containsKey(key.toString().toLowerCase());
        }",/** {@inheritDoc} */
dbut_24_10,"    @Test
    public void handleWithoutExplicitResultSetInvocation_10_oe() throws Exception {
        Collection<Map<String, Object>> result = new ToMapCollectionHandler().handle(createMockResultSet());

        // removed other assertion

        for (Map<String, Object> current : result) {
            // removed other assertion
            // removed other assertion
            // removed other assertion
            // removed other assertion
            // removed other assertion
            // removed other assertion
            // removed other assertion
            // removed other assertion
            assertTrue(current.containsKey(""notDate""));
    }
    }
",BaseResultSetHandlerTest::handleWithoutExplicitResultSetInvocation_10_oe,org.apache.commons.dbutils.BasicRowProcessor.CaseInsensitiveHashMap,containsKey(Object key),/** {@inheritDoc} */,"@Override
        public boolean containsKey(Object key) {
            Object realKey = lowerCaseMap.get(key.toString().toLowerCase(Locale.ENGLISH));
            return super.containsKey(realKey);
            // Possible optimisation here:
            // Since the lowerCaseMap contains a mapping for all the keys,
            // we could just do this:
            // return lowerCaseMap.containsKey(key.toString().toLowerCase());
        }","@Override
        public boolean containsKey(Object key) {
            Object realKey = lowerCaseMap.get(key.toString().toLowerCase(Locale.ENGLISH));
            return super.containsKey(realKey);
            // Possible optimisation here:
            // Since the lowerCaseMap contains a mapping for all the keys,
            // we could just do this:
            // return lowerCaseMap.containsKey(key.toString().toLowerCase());
        }",/** {@inheritDoc} */
dbut_24_11,"    @Test
    public void handleWithoutExplicitResultSetInvocation_11_oe() throws Exception {
        Collection<Map<String, Object>> result = new ToMapCollectionHandler().handle(createMockResultSet());

        // removed other assertion

        for (Map<String, Object> current : result) {
            // removed other assertion
            // removed other assertion
            // removed other assertion
            // removed other assertion
            // removed other assertion
            // removed other assertion
            // removed other assertion
            // removed other assertion
            // removed other assertion
            assertTrue(current.containsKey(""columnProcessorDoubleTest""));
    }
    }
",BaseResultSetHandlerTest::handleWithoutExplicitResultSetInvocation_11_oe,org.apache.commons.dbutils.BasicRowProcessor.CaseInsensitiveHashMap,containsKey(Object key),/** {@inheritDoc} */,"@Override
        public boolean containsKey(Object key) {
            Object realKey = lowerCaseMap.get(key.toString().toLowerCase(Locale.ENGLISH));
            return super.containsKey(realKey);
            // Possible optimisation here:
            // Since the lowerCaseMap contains a mapping for all the keys,
            // we could just do this:
            // return lowerCaseMap.containsKey(key.toString().toLowerCase());
        }","@Override
        public boolean containsKey(Object key) {
            Object realKey = lowerCaseMap.get(key.toString().toLowerCase(Locale.ENGLISH));
            return super.containsKey(realKey);
            // Possible optimisation here:
            // Since the lowerCaseMap contains a mapping for all the keys,
            // we could just do this:
            // return lowerCaseMap.containsKey(key.toString().toLowerCase());
        }",/** {@inheritDoc} */
dbut_25_1,"    public void testCreateConnection_1_oe() {
        assertNotNull(ProxyFactory.instance().createConnection(stub));
    }
",ProxyFactoryTest::testCreateConnection_1_oe,org.apache.commons.dbutils.ProxyFactory,createConnection(InvocationHandler handler),"/**
     * Creates a new proxy <code>Connection</code> object.
     * @param handler The handler that intercepts/overrides method calls.
     * @return proxied Connection
     */","public Connection createConnection(InvocationHandler handler) {
        return newProxyInstance(Connection.class, handler);
    }","public static ProxyFactory instance() {
        return instance;
    }","/**
     * Returns the Singleton instance of this class.
     *
     * @return singleton instance
     */"
dbut_26_1,"    public void testCreateDriver_1_oe() {
        assertNotNull(ProxyFactory.instance().createDriver(stub));
    }
",ProxyFactoryTest::testCreateDriver_1_oe,org.apache.commons.dbutils.ProxyFactory,createDriver(InvocationHandler handler),"/**
     * Creates a new proxy <code>Driver</code> object.
     * @param handler The handler that intercepts/overrides method calls.
     * @return proxied Driver
     */","public Driver createDriver(InvocationHandler handler) {
        return newProxyInstance(Driver.class, handler);
    }","public static ProxyFactory instance() {
        return instance;
    }","/**
     * Returns the Singleton instance of this class.
     *
     * @return singleton instance
     */"
dbut_27_1,"    public void testCreatePreparedStatement_1_oe() {
        assertNotNull(ProxyFactory.instance().createPreparedStatement(stub));
    }
",ProxyFactoryTest::testCreatePreparedStatement_1_oe,org.apache.commons.dbutils.ProxyFactory,createPreparedStatement(InvocationHandler handler),"/**
     * Creates a new proxy <code>PreparedStatement</code> object.
     * @param handler The handler that intercepts/overrides method calls.
     * @return proxied PreparedStatement
     */","public PreparedStatement createPreparedStatement(InvocationHandler handler) {
        return newProxyInstance(PreparedStatement.class, handler);
    }","public static ProxyFactory instance() {
        return instance;
    }","/**
     * Returns the Singleton instance of this class.
     *
     * @return singleton instance
     */"
dbut_28_1,"    public void testCreateResultSet_1_oe() {
        assertNotNull(ProxyFactory.instance().createResultSet(stub));
    }
",ProxyFactoryTest::testCreateResultSet_1_oe,org.apache.commons.dbutils.ProxyFactory,createResultSet(InvocationHandler handler),"/**
     * Creates a new proxy <code>ResultSet</code> object.
     * @param handler The handler that intercepts/overrides method calls.
     * @return proxied ResultSet
     */","public ResultSet createResultSet(InvocationHandler handler) {
        return newProxyInstance(ResultSet.class, handler);
    }","public static ProxyFactory instance() {
        return instance;
    }","/**
     * Returns the Singleton instance of this class.
     *
     * @return singleton instance
     */"
dbut_29_1,"    public void testCreateResultSetMetaData_1_oe() {
        assertNotNull(ProxyFactory.instance().createResultSetMetaData(stub));
    }
",ProxyFactoryTest::testCreateResultSetMetaData_1_oe,org.apache.commons.dbutils.ProxyFactory,createResultSetMetaData(InvocationHandler handler),"/**
     * Creates a new proxy <code>ResultSetMetaData</code> object.
     * @param handler The handler that intercepts/overrides method calls.
     * @return proxied ResultSetMetaData
     */","public ResultSetMetaData createResultSetMetaData(InvocationHandler handler) {
        return newProxyInstance(ResultSetMetaData.class, handler);
    }","public static ProxyFactory instance() {
        return instance;
    }","/**
     * Returns the Singleton instance of this class.
     *
     * @return singleton instance
     */"
dbut_30_1,"    public void testCreateStatement_1_oe() {
        assertNotNull(ProxyFactory.instance().createStatement(stub));
    }
",ProxyFactoryTest::testCreateStatement_1_oe,org.apache.commons.dbutils.ProxyFactory,createStatement(InvocationHandler handler),"/**
     * Creates a new proxy <code>Statement</code> object.
     * @param handler The handler that intercepts/overrides method calls.
     * @return proxied Statement
     */","public Statement createStatement(InvocationHandler handler) {
        return newProxyInstance(Statement.class, handler);
    }","public static ProxyFactory instance() {
        return instance;
    }","/**
     * Returns the Singleton instance of this class.
     *
     * @return singleton instance
     */"
dbut_31_1,"    public void testCreateCallableStatement_1_oe() {
        assertNotNull(ProxyFactory.instance().createCallableStatement(stub));
    }
",ProxyFactoryTest::testCreateCallableStatement_1_oe,org.apache.commons.dbutils.ProxyFactory,createCallableStatement(InvocationHandler handler),"/**
     * Creates a new proxy <code>CallableStatement</code> object.
     * @param handler The handler that intercepts/overrides method calls.
     * @return proxied CallableStatement
     */","public CallableStatement createCallableStatement(InvocationHandler handler) {
        return newProxyInstance(CallableStatement.class, handler);
    }","public static ProxyFactory instance() {
        return instance;
    }","/**
     * Returns the Singleton instance of this class.
     *
     * @return singleton instance
     */"
dbut_32_1,"    public void testNext_1_oe() {

        Iterator<Object[]> iter = new ResultSetIterator(this.rs);

        Object[] row = null;
        assertTrue(iter.hasNext());
    }
",ResultSetIteratorTest::testNext_1_oe,org.apache.commons.dbutils.ResultSetIterator,hasNext(),"/**
     * Returns true if there are more rows in the ResultSet.
     * @return boolean <code>true</code> if there are more rows
     * @throws RuntimeException if an SQLException occurs.
     */","@Override
    public boolean hasNext() {
        try {
            return !rs.isLast();
        } catch (SQLException e) {
            rethrow(e);
            return false;
        }
    }","@Override
    public boolean hasNext() {
        try {
            return !rs.isLast();
        } catch (SQLException e) {
            rethrow(e);
            return false;
        }
    }","/**
     * Returns true if there are more rows in the ResultSet.
     * @return boolean <code>true</code> if there are more rows
     * @throws RuntimeException if an SQLException occurs.
     */"
dbut_32_2,"    public void testNext_2_oe() {

        Iterator<Object[]> iter = new ResultSetIterator(this.rs);

        Object[] row = null;
        // removed other assertion
        row = iter.next();
        assertEquals(COLS, row.length);
    }
",ResultSetIteratorTest::testNext_2_oe,org.apache.commons.dbutils.ResultSetIterator,next(),"/**
     * Returns the next row as an <code>Object[]</code>.
     * @return An <code>Object[]</code> with the same number of elements as
     * columns in the <code>ResultSet</code>.
     * @see java.util.Iterator#next()
     * @throws RuntimeException if an SQLException occurs.
     */","@Override
    public Object[] next() {
        try {
            rs.next();
            return this.convert.toArray(rs);
        } catch (SQLException e) {
            rethrow(e);
            return null;
        }
    }","@Override
    public Object[] next() {
        try {
            rs.next();
            return this.convert.toArray(rs);
        } catch (SQLException e) {
            rethrow(e);
            return null;
        }
    }","/**
     * Returns the next row as an <code>Object[]</code>.
     * @return An <code>Object[]</code> with the same number of elements as
     * columns in the <code>ResultSet</code>.
     * @see java.util.Iterator#next()
     * @throws RuntimeException if an SQLException occurs.
     */"
dbut_32_3,"    public void testNext_3_oe() {

        Iterator<Object[]> iter = new ResultSetIterator(this.rs);

        Object[] row = null;
        // removed other assertion
        row = iter.next();
        // removed other assertion
        assertEquals(""1"", row[0]);
    }
",ResultSetIteratorTest::testNext_3_oe,org.apache.commons.dbutils.ResultSetIterator,next(),"/**
     * Returns the next row as an <code>Object[]</code>.
     * @return An <code>Object[]</code> with the same number of elements as
     * columns in the <code>ResultSet</code>.
     * @see java.util.Iterator#next()
     * @throws RuntimeException if an SQLException occurs.
     */","@Override
    public Object[] next() {
        try {
            rs.next();
            return this.convert.toArray(rs);
        } catch (SQLException e) {
            rethrow(e);
            return null;
        }
    }","@Override
    public Object[] next() {
        try {
            rs.next();
            return this.convert.toArray(rs);
        } catch (SQLException e) {
            rethrow(e);
            return null;
        }
    }","/**
     * Returns the next row as an <code>Object[]</code>.
     * @return An <code>Object[]</code> with the same number of elements as
     * columns in the <code>ResultSet</code>.
     * @see java.util.Iterator#next()
     * @throws RuntimeException if an SQLException occurs.
     */"
dbut_32_4,"    public void testNext_4_oe() {

        Iterator<Object[]> iter = new ResultSetIterator(this.rs);

        Object[] row = null;
        // removed other assertion
        row = iter.next();
        // removed other assertion
        // removed other assertion
        assertEquals(""2"", row[1]);
    }
",ResultSetIteratorTest::testNext_4_oe,org.apache.commons.dbutils.ResultSetIterator,next(),"/**
     * Returns the next row as an <code>Object[]</code>.
     * @return An <code>Object[]</code> with the same number of elements as
     * columns in the <code>ResultSet</code>.
     * @see java.util.Iterator#next()
     * @throws RuntimeException if an SQLException occurs.
     */","@Override
    public Object[] next() {
        try {
            rs.next();
            return this.convert.toArray(rs);
        } catch (SQLException e) {
            rethrow(e);
            return null;
        }
    }","@Override
    public Object[] next() {
        try {
            rs.next();
            return this.convert.toArray(rs);
        } catch (SQLException e) {
            rethrow(e);
            return null;
        }
    }","/**
     * Returns the next row as an <code>Object[]</code>.
     * @return An <code>Object[]</code> with the same number of elements as
     * columns in the <code>ResultSet</code>.
     * @see java.util.Iterator#next()
     * @throws RuntimeException if an SQLException occurs.
     */"
dbut_32_5,"    public void testNext_5_oe() {

        Iterator<Object[]> iter = new ResultSetIterator(this.rs);

        Object[] row = null;
        // removed other assertion
        row = iter.next();
        // removed other assertion
        // removed other assertion
        // removed other assertion
        assertEquals(""THREE"", row[2]);
    }
",ResultSetIteratorTest::testNext_5_oe,org.apache.commons.dbutils.ResultSetIterator,next(),"/**
     * Returns the next row as an <code>Object[]</code>.
     * @return An <code>Object[]</code> with the same number of elements as
     * columns in the <code>ResultSet</code>.
     * @see java.util.Iterator#next()
     * @throws RuntimeException if an SQLException occurs.
     */","@Override
    public Object[] next() {
        try {
            rs.next();
            return this.convert.toArray(rs);
        } catch (SQLException e) {
            rethrow(e);
            return null;
        }
    }","@Override
    public Object[] next() {
        try {
            rs.next();
            return this.convert.toArray(rs);
        } catch (SQLException e) {
            rethrow(e);
            return null;
        }
    }","/**
     * Returns the next row as an <code>Object[]</code>.
     * @return An <code>Object[]</code> with the same number of elements as
     * columns in the <code>ResultSet</code>.
     * @see java.util.Iterator#next()
     * @throws RuntimeException if an SQLException occurs.
     */"
dbut_32_6,"    public void testNext_6_oe() {

        Iterator<Object[]> iter = new ResultSetIterator(this.rs);

        Object[] row = null;
        // removed other assertion
        row = iter.next();
        // removed other assertion
        // removed other assertion
        // removed other assertion
        // removed other assertion

        assertTrue(iter.hasNext());
    }
",ResultSetIteratorTest::testNext_6_oe,org.apache.commons.dbutils.ResultSetIterator,hasNext(),"/**
     * Returns true if there are more rows in the ResultSet.
     * @return boolean <code>true</code> if there are more rows
     * @throws RuntimeException if an SQLException occurs.
     */","@Override
    public boolean hasNext() {
        try {
            return !rs.isLast();
        } catch (SQLException e) {
            rethrow(e);
            return false;
        }
    }","@Override
    public boolean hasNext() {
        try {
            return !rs.isLast();
        } catch (SQLException e) {
            rethrow(e);
            return false;
        }
    }","/**
     * Returns true if there are more rows in the ResultSet.
     * @return boolean <code>true</code> if there are more rows
     * @throws RuntimeException if an SQLException occurs.
     */"
dbut_32_7,"    public void testNext_7_oe() {

        Iterator<Object[]> iter = new ResultSetIterator(this.rs);

        Object[] row = null;
        // removed other assertion
        row = iter.next();
        // removed other assertion
        // removed other assertion
        // removed other assertion
        // removed other assertion

        // removed other assertion
        row = iter.next();
        assertEquals(COLS, row.length);
    }
",ResultSetIteratorTest::testNext_7_oe,org.apache.commons.dbutils.ResultSetIterator,next(),"/**
     * Returns the next row as an <code>Object[]</code>.
     * @return An <code>Object[]</code> with the same number of elements as
     * columns in the <code>ResultSet</code>.
     * @see java.util.Iterator#next()
     * @throws RuntimeException if an SQLException occurs.
     */","@Override
    public Object[] next() {
        try {
            rs.next();
            return this.convert.toArray(rs);
        } catch (SQLException e) {
            rethrow(e);
            return null;
        }
    }","@Override
    public Object[] next() {
        try {
            rs.next();
            return this.convert.toArray(rs);
        } catch (SQLException e) {
            rethrow(e);
            return null;
        }
    }","/**
     * Returns the next row as an <code>Object[]</code>.
     * @return An <code>Object[]</code> with the same number of elements as
     * columns in the <code>ResultSet</code>.
     * @see java.util.Iterator#next()
     * @throws RuntimeException if an SQLException occurs.
     */"
dbut_32_8,"    public void testNext_8_oe() {

        Iterator<Object[]> iter = new ResultSetIterator(this.rs);

        Object[] row = null;
        // removed other assertion
        row = iter.next();
        // removed other assertion
        // removed other assertion
        // removed other assertion
        // removed other assertion

        // removed other assertion
        row = iter.next();
        // removed other assertion

        assertEquals(""4"", row[0]);
    }
",ResultSetIteratorTest::testNext_8_oe,org.apache.commons.dbutils.ResultSetIterator,next(),"/**
     * Returns the next row as an <code>Object[]</code>.
     * @return An <code>Object[]</code> with the same number of elements as
     * columns in the <code>ResultSet</code>.
     * @see java.util.Iterator#next()
     * @throws RuntimeException if an SQLException occurs.
     */","@Override
    public Object[] next() {
        try {
            rs.next();
            return this.convert.toArray(rs);
        } catch (SQLException e) {
            rethrow(e);
            return null;
        }
    }","@Override
    public Object[] next() {
        try {
            rs.next();
            return this.convert.toArray(rs);
        } catch (SQLException e) {
            rethrow(e);
            return null;
        }
    }","/**
     * Returns the next row as an <code>Object[]</code>.
     * @return An <code>Object[]</code> with the same number of elements as
     * columns in the <code>ResultSet</code>.
     * @see java.util.Iterator#next()
     * @throws RuntimeException if an SQLException occurs.
     */"
dbut_32_9,"    public void testNext_9_oe() {

        Iterator<Object[]> iter = new ResultSetIterator(this.rs);

        Object[] row = null;
        // removed other assertion
        row = iter.next();
        // removed other assertion
        // removed other assertion
        // removed other assertion
        // removed other assertion

        // removed other assertion
        row = iter.next();
        // removed other assertion

        // removed other assertion
        assertEquals(""5"", row[1]);
    }
",ResultSetIteratorTest::testNext_9_oe,org.apache.commons.dbutils.ResultSetIterator,next(),"/**
     * Returns the next row as an <code>Object[]</code>.
     * @return An <code>Object[]</code> with the same number of elements as
     * columns in the <code>ResultSet</code>.
     * @see java.util.Iterator#next()
     * @throws RuntimeException if an SQLException occurs.
     */","@Override
    public Object[] next() {
        try {
            rs.next();
            return this.convert.toArray(rs);
        } catch (SQLException e) {
            rethrow(e);
            return null;
        }
    }","@Override
    public Object[] next() {
        try {
            rs.next();
            return this.convert.toArray(rs);
        } catch (SQLException e) {
            rethrow(e);
            return null;
        }
    }","/**
     * Returns the next row as an <code>Object[]</code>.
     * @return An <code>Object[]</code> with the same number of elements as
     * columns in the <code>ResultSet</code>.
     * @see java.util.Iterator#next()
     * @throws RuntimeException if an SQLException occurs.
     */"
dbut_32_10,"    public void testNext_10_oe() {

        Iterator<Object[]> iter = new ResultSetIterator(this.rs);

        Object[] row = null;
        // removed other assertion
        row = iter.next();
        // removed other assertion
        // removed other assertion
        // removed other assertion
        // removed other assertion

        // removed other assertion
        row = iter.next();
        // removed other assertion

        // removed other assertion
        // removed other assertion
        assertEquals(""SIX"", row[2]);
    }
",ResultSetIteratorTest::testNext_10_oe,org.apache.commons.dbutils.ResultSetIterator,next(),"/**
     * Returns the next row as an <code>Object[]</code>.
     * @return An <code>Object[]</code> with the same number of elements as
     * columns in the <code>ResultSet</code>.
     * @see java.util.Iterator#next()
     * @throws RuntimeException if an SQLException occurs.
     */","@Override
    public Object[] next() {
        try {
            rs.next();
            return this.convert.toArray(rs);
        } catch (SQLException e) {
            rethrow(e);
            return null;
        }
    }","@Override
    public Object[] next() {
        try {
            rs.next();
            return this.convert.toArray(rs);
        } catch (SQLException e) {
            rethrow(e);
            return null;
        }
    }","/**
     * Returns the next row as an <code>Object[]</code>.
     * @return An <code>Object[]</code> with the same number of elements as
     * columns in the <code>ResultSet</code>.
     * @see java.util.Iterator#next()
     * @throws RuntimeException if an SQLException occurs.
     */"
dbut_32_11,"    public void testNext_11_oe() {

        Iterator<Object[]> iter = new ResultSetIterator(this.rs);

        Object[] row = null;
        // removed other assertion
        row = iter.next();
        // removed other assertion
        // removed other assertion
        // removed other assertion
        // removed other assertion

        // removed other assertion
        row = iter.next();
        // removed other assertion

        // removed other assertion
        // removed other assertion
        // removed other assertion

        assertFalse(iter.hasNext());
    }
",ResultSetIteratorTest::testNext_11_oe,org.apache.commons.dbutils.ResultSetIterator,hasNext(),"/**
     * Returns true if there are more rows in the ResultSet.
     * @return boolean <code>true</code> if there are more rows
     * @throws RuntimeException if an SQLException occurs.
     */","@Override
    public boolean hasNext() {
        try {
            return !rs.isLast();
        } catch (SQLException e) {
            rethrow(e);
            return false;
        }
    }","@Override
    public boolean hasNext() {
        try {
            return !rs.isLast();
        } catch (SQLException e) {
            rethrow(e);
            return false;
        }
    }","/**
     * Returns true if there are more rows in the ResultSet.
     * @return boolean <code>true</code> if there are more rows
     * @throws RuntimeException if an SQLException occurs.
     */"
dbut_33_2,"    @Test
    public void testRethrowThrowsRuntimeException_2_oe() {

        ResultSetIterator resultSetIterator = new ResultSetIterator((ResultSet) null);
        Throwable throwable = new Throwable();
        SQLException sQLException = new SQLException(throwable);

        try {
            resultSetIterator.rethrow(sQLException);
            // removed other assertion
        } catch(RuntimeException e) {
            assertEquals(ResultSetIterator.class.getName(), e.getStackTrace()[0].getClassName());
    }
    }
",ResultSetIteratorTest::testRethrowThrowsRuntimeException_2_oe,org.apache.commons.dbutils.ResultSetIterator,void rethrow(SQLException e),"/**
     * Rethrow the SQLException as a RuntimeException.  This implementation
     * creates a new RuntimeException with the SQLException's error message.
     * @param e SQLException to rethrow
     * @since DbUtils 1.1
     */","protected void rethrow(SQLException e) {
        throw new RuntimeException(e.getMessage());
    }","protected void rethrow(SQLException e) {
        throw new RuntimeException(e.getMessage());
    }","/**
     * Rethrow the SQLException as a RuntimeException.  This implementation
     * creates a new RuntimeException with the SQLException's error message.
     * @param e SQLException to rethrow
     * @since DbUtils 1.1
     */"
dbut_34_1,"    public void testToArray_1_oe() throws SQLException {

        Object[] a = null;
        assertTrue(this.rs.next());
    }
",BasicRowProcessorTest::testToArray_1_oe,org.apache.commons.dbutils.ResultSetIterator,next(),"/**
     * Returns the next row as an <code>Object[]</code>.
     * @return An <code>Object[]</code> with the same number of elements as
     * columns in the <code>ResultSet</code>.
     * @see java.util.Iterator#next()
     * @throws RuntimeException if an SQLException occurs.
     */","@Override
    public Object[] next() {
        try {
            rs.next();
            return this.convert.toArray(rs);
        } catch (SQLException e) {
            rethrow(e);
            return null;
        }
    }","@Override
    public Object[] next() {
        try {
            rs.next();
            return this.convert.toArray(rs);
        } catch (SQLException e) {
            rethrow(e);
            return null;
        }
    }","/**
     * Returns the next row as an <code>Object[]</code>.
     * @return An <code>Object[]</code> with the same number of elements as
     * columns in the <code>ResultSet</code>.
     * @see java.util.Iterator#next()
     * @throws RuntimeException if an SQLException occurs.
     */"
dbut_35_1,"    public void testToBean_1_oe() throws SQLException, ParseException {

        TestBean row = null;
        assertTrue(this.rs.next());
    }
",BasicRowProcessorTest::testToBean_1_oe,org.apache.commons.dbutils.ResultSetIterator,next(),"/**
     * Returns the next row as an <code>Object[]</code>.
     * @return An <code>Object[]</code> with the same number of elements as
     * columns in the <code>ResultSet</code>.
     * @see java.util.Iterator#next()
     * @throws RuntimeException if an SQLException occurs.
     */","@Override
    public Object[] next() {
        try {
            rs.next();
            return this.convert.toArray(rs);
        } catch (SQLException e) {
            rethrow(e);
            return null;
        }
    }","@Override
    public Object[] next() {
        try {
            rs.next();
            return this.convert.toArray(rs);
        } catch (SQLException e) {
            rethrow(e);
            return null;
        }
    }","/**
     * Returns the next row as an <code>Object[]</code>.
     * @return An <code>Object[]</code> with the same number of elements as
     * columns in the <code>ResultSet</code>.
     * @see java.util.Iterator#next()
     * @throws RuntimeException if an SQLException occurs.
     */"
dbut_36_1,"    public void testToBeanList_1_oe() throws SQLException, ParseException {

        List<TestBean> list = processor.toBeanList(this.rs, TestBean.class);
        assertNotNull(list);
    }
",BasicRowProcessorTest::testToBeanList_1_oe,org.apache.commons.dbutils.BasicRowProcessor,"toBeanList(ResultSet rs, Class<? extends T> type)","/**
     * Convert a <code>ResultSet</code> into a <code>List</code> of JavaBeans.
     * This implementation delegates to a BeanProcessor instance.
     * @see org.apache.commons.dbutils.RowProcessor#toBeanList(java.sql.ResultSet, java.lang.Class)
     * @see org.apache.commons.dbutils.BeanProcessor#toBeanList(java.sql.ResultSet, java.lang.Class)
     * @param <T> The type of bean to create
     * @param rs ResultSet that supplies the bean data
     * @param type Class from which to create the bean instance
     * @throws SQLException if a database access error occurs
     * @return A <code>List</code> of beans with the given type in the order
     * they were returned by the <code>ResultSet</code>.
     */","@Override
    public <T> List<T> toBeanList(ResultSet rs, Class<? extends T> type) throws SQLException {
        return this.convert.toBeanList(rs, type);
    }","@Override
    public <T> List<T> toBeanList(ResultSet rs, Class<? extends T> type) throws SQLException {
        return this.convert.toBeanList(rs, type);
    }","/**
     * Convert a <code>ResultSet</code> into a <code>List</code> of JavaBeans.
     * This implementation delegates to a BeanProcessor instance.
     * @see org.apache.commons.dbutils.RowProcessor#toBeanList(java.sql.ResultSet, java.lang.Class)
     * @see org.apache.commons.dbutils.BeanProcessor#toBeanList(java.sql.ResultSet, java.lang.Class)
     * @param <T> The type of bean to create
     * @param rs ResultSet that supplies the bean data
     * @param type Class from which to create the bean instance
     * @throws SQLException if a database access error occurs
     * @return A <code>List</code> of beans with the given type in the order
     * they were returned by the <code>ResultSet</code>.
     */"
dbut_36_2,"    public void testToBeanList_2_oe() throws SQLException, ParseException {

        List<TestBean> list = processor.toBeanList(this.rs, TestBean.class);
        // removed other assertion
        assertEquals(ROWS, list.size());
    }
",BasicRowProcessorTest::testToBeanList_2_oe,org.apache.commons.dbutils.BasicRowProcessor,"toBeanList(ResultSet rs, Class<? extends T> type)","/**
     * Convert a <code>ResultSet</code> into a <code>List</code> of JavaBeans.
     * This implementation delegates to a BeanProcessor instance.
     * @see org.apache.commons.dbutils.RowProcessor#toBeanList(java.sql.ResultSet, java.lang.Class)
     * @see org.apache.commons.dbutils.BeanProcessor#toBeanList(java.sql.ResultSet, java.lang.Class)
     * @param <T> The type of bean to create
     * @param rs ResultSet that supplies the bean data
     * @param type Class from which to create the bean instance
     * @throws SQLException if a database access error occurs
     * @return A <code>List</code> of beans with the given type in the order
     * they were returned by the <code>ResultSet</code>.
     */","@Override
    public <T> List<T> toBeanList(ResultSet rs, Class<? extends T> type) throws SQLException {
        return this.convert.toBeanList(rs, type);
    }","@Override
    public <T> List<T> toBeanList(ResultSet rs, Class<? extends T> type) throws SQLException {
        return this.convert.toBeanList(rs, type);
    }","/**
     * Convert a <code>ResultSet</code> into a <code>List</code> of JavaBeans.
     * This implementation delegates to a BeanProcessor instance.
     * @see org.apache.commons.dbutils.RowProcessor#toBeanList(java.sql.ResultSet, java.lang.Class)
     * @see org.apache.commons.dbutils.BeanProcessor#toBeanList(java.sql.ResultSet, java.lang.Class)
     * @param <T> The type of bean to create
     * @param rs ResultSet that supplies the bean data
     * @param type Class from which to create the bean instance
     * @throws SQLException if a database access error occurs
     * @return A <code>List</code> of beans with the given type in the order
     * they were returned by the <code>ResultSet</code>.
     */"
dbut_36_3,"    public void testToBeanList_3_oe() throws SQLException, ParseException {

        List<TestBean> list = processor.toBeanList(this.rs, TestBean.class);
        // removed other assertion
        // removed other assertion

        TestBean b = list.get(0);
        assertEquals(""1"", b.getOne());
    }
",BasicRowProcessorTest::testToBeanList_3_oe,org.apache.commons.dbutils.BasicRowProcessor.CaseInsensitiveHashMap,get(Object key),/** {@inheritDoc} */,"@Override
        public Object get(Object key) {
            Object realKey = lowerCaseMap.get(key.toString().toLowerCase(Locale.ENGLISH));
            return super.get(realKey);
        }","@Override
        public Object get(Object key) {
            Object realKey = lowerCaseMap.get(key.toString().toLowerCase(Locale.ENGLISH));
            return super.get(realKey);
        }",/** {@inheritDoc} */
dbut_36_4,"    public void testToBeanList_4_oe() throws SQLException, ParseException {

        List<TestBean> list = processor.toBeanList(this.rs, TestBean.class);
        // removed other assertion
        // removed other assertion

        TestBean b = list.get(0);
        // removed other assertion
        assertEquals(""2"", b.getTwo());
    }
",BasicRowProcessorTest::testToBeanList_4_oe,org.apache.commons.dbutils.BasicRowProcessor.CaseInsensitiveHashMap,get(Object key),/** {@inheritDoc} */,"@Override
        public Object get(Object key) {
            Object realKey = lowerCaseMap.get(key.toString().toLowerCase(Locale.ENGLISH));
            return super.get(realKey);
        }","@Override
        public Object get(Object key) {
            Object realKey = lowerCaseMap.get(key.toString().toLowerCase(Locale.ENGLISH));
            return super.get(realKey);
        }",/** {@inheritDoc} */
dbut_36_5,"    public void testToBeanList_5_oe() throws SQLException, ParseException {

        List<TestBean> list = processor.toBeanList(this.rs, TestBean.class);
        // removed other assertion
        // removed other assertion

        TestBean b = list.get(0);
        // removed other assertion
        // removed other assertion
        assertEquals(TestBean.Ordinal.THREE, b.getThree());
    }
",BasicRowProcessorTest::testToBeanList_5_oe,org.apache.commons.dbutils.BasicRowProcessor.CaseInsensitiveHashMap,get(Object key),/** {@inheritDoc} */,"@Override
        public Object get(Object key) {
            Object realKey = lowerCaseMap.get(key.toString().toLowerCase(Locale.ENGLISH));
            return super.get(realKey);
        }","@Override
        public Object get(Object key) {
            Object realKey = lowerCaseMap.get(key.toString().toLowerCase(Locale.ENGLISH));
            return super.get(realKey);
        }",/** {@inheritDoc} */
dbut_36_6,"    public void testToBeanList_6_oe() throws SQLException, ParseException {

        List<TestBean> list = processor.toBeanList(this.rs, TestBean.class);
        // removed other assertion
        // removed other assertion

        TestBean b = list.get(0);
        // removed other assertion
        // removed other assertion
        // removed other assertion
        assertEquals(""not set"", b.getDoNotSet());
    }
",BasicRowProcessorTest::testToBeanList_6_oe,org.apache.commons.dbutils.BasicRowProcessor.CaseInsensitiveHashMap,get(Object key),/** {@inheritDoc} */,"@Override
        public Object get(Object key) {
            Object realKey = lowerCaseMap.get(key.toString().toLowerCase(Locale.ENGLISH));
            return super.get(realKey);
        }","@Override
        public Object get(Object key) {
            Object realKey = lowerCaseMap.get(key.toString().toLowerCase(Locale.ENGLISH));
            return super.get(realKey);
        }",/** {@inheritDoc} */
dbut_36_7,"    public void testToBeanList_7_oe() throws SQLException, ParseException {

        List<TestBean> list = processor.toBeanList(this.rs, TestBean.class);
        // removed other assertion
        // removed other assertion

        TestBean b = list.get(0);
        // removed other assertion
        // removed other assertion
        // removed other assertion
        // removed other assertion
        datef.parse(b.getNotDate());

        b = list.get(1);
        assertEquals(""4"", b.getOne());
    }
",BasicRowProcessorTest::testToBeanList_7_oe,org.apache.commons.dbutils.BasicRowProcessor.CaseInsensitiveHashMap,get(Object key),/** {@inheritDoc} */,"@Override
        public Object get(Object key) {
            Object realKey = lowerCaseMap.get(key.toString().toLowerCase(Locale.ENGLISH));
            return super.get(realKey);
        }","@Override
        public Object get(Object key) {
            Object realKey = lowerCaseMap.get(key.toString().toLowerCase(Locale.ENGLISH));
            return super.get(realKey);
        }",/** {@inheritDoc} */
dbut_36_8,"    public void testToBeanList_8_oe() throws SQLException, ParseException {

        List<TestBean> list = processor.toBeanList(this.rs, TestBean.class);
        // removed other assertion
        // removed other assertion

        TestBean b = list.get(0);
        // removed other assertion
        // removed other assertion
        // removed other assertion
        // removed other assertion
        datef.parse(b.getNotDate());

        b = list.get(1);
        // removed other assertion
        assertEquals(""5"", b.getTwo());
    }
",BasicRowProcessorTest::testToBeanList_8_oe,org.apache.commons.dbutils.BasicRowProcessor.CaseInsensitiveHashMap,get(Object key),/** {@inheritDoc} */,"@Override
        public Object get(Object key) {
            Object realKey = lowerCaseMap.get(key.toString().toLowerCase(Locale.ENGLISH));
            return super.get(realKey);
        }","@Override
        public Object get(Object key) {
            Object realKey = lowerCaseMap.get(key.toString().toLowerCase(Locale.ENGLISH));
            return super.get(realKey);
        }",/** {@inheritDoc} */
dbut_36_9,"    public void testToBeanList_9_oe() throws SQLException, ParseException {

        List<TestBean> list = processor.toBeanList(this.rs, TestBean.class);
        // removed other assertion
        // removed other assertion

        TestBean b = list.get(0);
        // removed other assertion
        // removed other assertion
        // removed other assertion
        // removed other assertion
        datef.parse(b.getNotDate());

        b = list.get(1);
        // removed other assertion
        // removed other assertion
        assertEquals(TestBean.Ordinal.SIX, b.getThree());
    }
",BasicRowProcessorTest::testToBeanList_9_oe,org.apache.commons.dbutils.BasicRowProcessor.CaseInsensitiveHashMap,get(Object key),/** {@inheritDoc} */,"@Override
        public Object get(Object key) {
            Object realKey = lowerCaseMap.get(key.toString().toLowerCase(Locale.ENGLISH));
            return super.get(realKey);
        }","@Override
        public Object get(Object key) {
            Object realKey = lowerCaseMap.get(key.toString().toLowerCase(Locale.ENGLISH));
            return super.get(realKey);
        }",/** {@inheritDoc} */
dbut_36_10,"    public void testToBeanList_10_oe() throws SQLException, ParseException {

        List<TestBean> list = processor.toBeanList(this.rs, TestBean.class);
        // removed other assertion
        // removed other assertion

        TestBean b = list.get(0);
        // removed other assertion
        // removed other assertion
        // removed other assertion
        // removed other assertion
        datef.parse(b.getNotDate());

        b = list.get(1);
        // removed other assertion
        // removed other assertion
        // removed other assertion
        assertEquals(""not set"", b.getDoNotSet());
    }
",BasicRowProcessorTest::testToBeanList_10_oe,org.apache.commons.dbutils.BasicRowProcessor.CaseInsensitiveHashMap,get(Object key),/** {@inheritDoc} */,"@Override
        public Object get(Object key) {
            Object realKey = lowerCaseMap.get(key.toString().toLowerCase(Locale.ENGLISH));
            return super.get(realKey);
        }","@Override
        public Object get(Object key) {
            Object realKey = lowerCaseMap.get(key.toString().toLowerCase(Locale.ENGLISH));
            return super.get(realKey);
        }",/** {@inheritDoc} */
dbut_36_11,"    public void testToBeanList_11_oe() throws SQLException, ParseException {

        List<TestBean> list = processor.toBeanList(this.rs, TestBean.class);
        // removed other assertion
        // removed other assertion

        TestBean b = list.get(0);
        // removed other assertion
        // removed other assertion
        // removed other assertion
        // removed other assertion
        datef.parse(b.getNotDate());

        b = list.get(1);
        // removed other assertion
        // removed other assertion
        // removed other assertion
        // removed other assertion
        assertEquals(3, b.getIntTest());
    }
",BasicRowProcessorTest::testToBeanList_11_oe,org.apache.commons.dbutils.BasicRowProcessor.CaseInsensitiveHashMap,get(Object key),/** {@inheritDoc} */,"@Override
        public Object get(Object key) {
            Object realKey = lowerCaseMap.get(key.toString().toLowerCase(Locale.ENGLISH));
            return super.get(realKey);
        }","@Override
        public Object get(Object key) {
            Object realKey = lowerCaseMap.get(key.toString().toLowerCase(Locale.ENGLISH));
            return super.get(realKey);
        }",/** {@inheritDoc} */
dbut_36_12,"    public void testToBeanList_12_oe() throws SQLException, ParseException {

        List<TestBean> list = processor.toBeanList(this.rs, TestBean.class);
        // removed other assertion
        // removed other assertion

        TestBean b = list.get(0);
        // removed other assertion
        // removed other assertion
        // removed other assertion
        // removed other assertion
        datef.parse(b.getNotDate());

        b = list.get(1);
        // removed other assertion
        // removed other assertion
        // removed other assertion
        // removed other assertion
        // removed other assertion
        assertEquals(Integer.valueOf(4), b.getIntegerTest());
    }
",BasicRowProcessorTest::testToBeanList_12_oe,org.apache.commons.dbutils.BasicRowProcessor.CaseInsensitiveHashMap,get(Object key),/** {@inheritDoc} */,"@Override
        public Object get(Object key) {
            Object realKey = lowerCaseMap.get(key.toString().toLowerCase(Locale.ENGLISH));
            return super.get(realKey);
        }","@Override
        public Object get(Object key) {
            Object realKey = lowerCaseMap.get(key.toString().toLowerCase(Locale.ENGLISH));
            return super.get(realKey);
        }",/** {@inheritDoc} */
dbut_36_13,"    public void testToBeanList_13_oe() throws SQLException, ParseException {

        List<TestBean> list = processor.toBeanList(this.rs, TestBean.class);
        // removed other assertion
        // removed other assertion

        TestBean b = list.get(0);
        // removed other assertion
        // removed other assertion
        // removed other assertion
        // removed other assertion
        datef.parse(b.getNotDate());

        b = list.get(1);
        // removed other assertion
        // removed other assertion
        // removed other assertion
        // removed other assertion
        // removed other assertion
        // removed other assertion
        assertEquals(null, b.getNullObjectTest());
    }
",BasicRowProcessorTest::testToBeanList_13_oe,org.apache.commons.dbutils.BasicRowProcessor.CaseInsensitiveHashMap,get(Object key),/** {@inheritDoc} */,"@Override
        public Object get(Object key) {
            Object realKey = lowerCaseMap.get(key.toString().toLowerCase(Locale.ENGLISH));
            return super.get(realKey);
        }","@Override
        public Object get(Object key) {
            Object realKey = lowerCaseMap.get(key.toString().toLowerCase(Locale.ENGLISH));
            return super.get(realKey);
        }",/** {@inheritDoc} */
dbut_36_14,"    public void testToBeanList_14_oe() throws SQLException, ParseException {

        List<TestBean> list = processor.toBeanList(this.rs, TestBean.class);
        // removed other assertion
        // removed other assertion

        TestBean b = list.get(0);
        // removed other assertion
        // removed other assertion
        // removed other assertion
        // removed other assertion
        datef.parse(b.getNotDate());

        b = list.get(1);
        // removed other assertion
        // removed other assertion
        // removed other assertion
        // removed other assertion
        // removed other assertion
        // removed other assertion
        // removed other assertion
        assertEquals(0, b.getNullPrimitiveTest());
    }
",BasicRowProcessorTest::testToBeanList_14_oe,org.apache.commons.dbutils.BasicRowProcessor.CaseInsensitiveHashMap,get(Object key),/** {@inheritDoc} */,"@Override
        public Object get(Object key) {
            Object realKey = lowerCaseMap.get(key.toString().toLowerCase(Locale.ENGLISH));
            return super.get(realKey);
        }","@Override
        public Object get(Object key) {
            Object realKey = lowerCaseMap.get(key.toString().toLowerCase(Locale.ENGLISH));
            return super.get(realKey);
        }",/** {@inheritDoc} */
dbut_36_15,"    public void testToBeanList_15_oe() throws SQLException, ParseException {

        List<TestBean> list = processor.toBeanList(this.rs, TestBean.class);
        // removed other assertion
        // removed other assertion

        TestBean b = list.get(0);
        // removed other assertion
        // removed other assertion
        // removed other assertion
        // removed other assertion
        datef.parse(b.getNotDate());

        b = list.get(1);
        // removed other assertion
        // removed other assertion
        // removed other assertion
        // removed other assertion
        // removed other assertion
        // removed other assertion
        // removed other assertion
        // removed other assertion
        // test date -> string handling
        assertNotNull(b.getNotDate());
    }
",BasicRowProcessorTest::testToBeanList_15_oe,org.apache.commons.dbutils.BasicRowProcessor.CaseInsensitiveHashMap,get(Object key),/** {@inheritDoc} */,"@Override
        public Object get(Object key) {
            Object realKey = lowerCaseMap.get(key.toString().toLowerCase(Locale.ENGLISH));
            return super.get(realKey);
        }","@Override
        public Object get(Object key) {
            Object realKey = lowerCaseMap.get(key.toString().toLowerCase(Locale.ENGLISH));
            return super.get(realKey);
        }",/** {@inheritDoc} */
dbut_36_16,"    public void testToBeanList_16_oe() throws SQLException, ParseException {

        List<TestBean> list = processor.toBeanList(this.rs, TestBean.class);
        // removed other assertion
        // removed other assertion

        TestBean b = list.get(0);
        // removed other assertion
        // removed other assertion
        // removed other assertion
        // removed other assertion
        datef.parse(b.getNotDate());

        b = list.get(1);
        // removed other assertion
        // removed other assertion
        // removed other assertion
        // removed other assertion
        // removed other assertion
        // removed other assertion
        // removed other assertion
        // removed other assertion
        // test date -> string handling
        // removed other assertion
        assertTrue(!""not a date"".equals(b.getNotDate()));
    }
",BasicRowProcessorTest::testToBeanList_16_oe,org.apache.commons.dbutils.BasicRowProcessor.CaseInsensitiveHashMap,get(Object key),/** {@inheritDoc} */,"@Override
        public Object get(Object key) {
            Object realKey = lowerCaseMap.get(key.toString().toLowerCase(Locale.ENGLISH));
            return super.get(realKey);
        }","@Override
        public Object get(Object key) {
            Object realKey = lowerCaseMap.get(key.toString().toLowerCase(Locale.ENGLISH));
            return super.get(realKey);
        }",/** {@inheritDoc} */
dbut_36_17,"    public void testToBeanList_17_oe() throws SQLException, ParseException {

        List<TestBean> list = processor.toBeanList(this.rs, TestBean.class);
        // removed other assertion
        // removed other assertion

        TestBean b = list.get(0);
        // removed other assertion
        // removed other assertion
        // removed other assertion
        // removed other assertion
        datef.parse(b.getNotDate());

        b = list.get(1);
        // removed other assertion
        // removed other assertion
        // removed other assertion
        // removed other assertion
        // removed other assertion
        // removed other assertion
        // removed other assertion
        // removed other assertion
        // test date -> string handling
        // removed other assertion
        // removed other assertion
        assertTrue(b.getNotDate().endsWith(""789456123""));
    }
",BasicRowProcessorTest::testToBeanList_17_oe,org.apache.commons.dbutils.BasicRowProcessor.CaseInsensitiveHashMap,get(Object key),/** {@inheritDoc} */,"@Override
        public Object get(Object key) {
            Object realKey = lowerCaseMap.get(key.toString().toLowerCase(Locale.ENGLISH));
            return super.get(realKey);
        }","@Override
        public Object get(Object key) {
            Object realKey = lowerCaseMap.get(key.toString().toLowerCase(Locale.ENGLISH));
            return super.get(realKey);
        }",/** {@inheritDoc} */
dbut_37_1,"    public void testToMap_1_oe() throws SQLException {

        assertTrue(this.rs.next());
    }
",BasicRowProcessorTest::testToMap_1_oe,org.apache.commons.dbutils.ResultSetIterator,next(),"/**
     * Returns the next row as an <code>Object[]</code>.
     * @return An <code>Object[]</code> with the same number of elements as
     * columns in the <code>ResultSet</code>.
     * @see java.util.Iterator#next()
     * @throws RuntimeException if an SQLException occurs.
     */","@Override
    public Object[] next() {
        try {
            rs.next();
            return this.convert.toArray(rs);
        } catch (SQLException e) {
            rethrow(e);
            return null;
        }
    }","@Override
    public Object[] next() {
        try {
            rs.next();
            return this.convert.toArray(rs);
        } catch (SQLException e) {
            rethrow(e);
            return null;
        }
    }","/**
     * Returns the next row as an <code>Object[]</code>.
     * @return An <code>Object[]</code> with the same number of elements as
     * columns in the <code>ResultSet</code>.
     * @see java.util.Iterator#next()
     * @throws RuntimeException if an SQLException occurs.
     */"
dbut_38_1,"    public void testToMapOrdering_1_oe() throws SQLException {

        assertTrue(this.rs.next());
    }
",BasicRowProcessorTest::testToMapOrdering_1_oe,org.apache.commons.dbutils.ResultSetIterator,next(),"/**
     * Returns the next row as an <code>Object[]</code>.
     * @return An <code>Object[]</code> with the same number of elements as
     * columns in the <code>ResultSet</code>.
     * @see java.util.Iterator#next()
     * @throws RuntimeException if an SQLException occurs.
     */","@Override
    public Object[] next() {
        try {
            rs.next();
            return this.convert.toArray(rs);
        } catch (SQLException e) {
            rethrow(e);
            return null;
        }
    }","@Override
    public Object[] next() {
        try {
            rs.next();
            return this.convert.toArray(rs);
        } catch (SQLException e) {
            rethrow(e);
            return null;
        }
    }","/**
     * Returns the next row as an <code>Object[]</code>.
     * @return An <code>Object[]</code> with the same number of elements as
     * columns in the <code>ResultSet</code>.
     * @see java.util.Iterator#next()
     * @throws RuntimeException if an SQLException occurs.
     */"
dbut_39_1,"    @Test
    public void testEmptyBuilder_1_oe() {
        StatementConfiguration config = new StatementConfiguration.Builder().build();

        assertFalse(config.isFetchDirectionSet());
    }
",StatementConfigurationTest::testEmptyBuilder_1_oe,org.apache.commons.dbutils.StatementConfiguration,isFetchDirectionSet(),"/**
     * Whether fetch direction is set.
     *
     * @return true if set, false otherwise.
     */","public boolean isFetchDirectionSet() {
        return fetchDirection != null;
    }","public boolean isFetchDirectionSet() {
        return fetchDirection != null;
    }","/**
     * Whether fetch direction is set.
     *
     * @return true if set, false otherwise.
     */"
dbut_39_2,"    @Test
    public void testEmptyBuilder_2_oe() {
        StatementConfiguration config = new StatementConfiguration.Builder().build();

        // removed other assertion
        assertFalse(config.isFetchSizeSet());
    }
",StatementConfigurationTest::testEmptyBuilder_2_oe,org.apache.commons.dbutils.StatementConfiguration,isFetchSizeSet(),"/**
     * Whether fetch size is set.
     *
     * @return true if set, false otherwise.
     */","public boolean isFetchSizeSet() {
        return fetchSize != null;
    }","public boolean isFetchSizeSet() {
        return fetchSize != null;
    }","/**
     * Whether fetch size is set.
     *
     * @return true if set, false otherwise.
     */"
dbut_39_3,"    @Test
    public void testEmptyBuilder_3_oe() {
        StatementConfiguration config = new StatementConfiguration.Builder().build();

        // removed other assertion
        // removed other assertion
        assertFalse(config.isMaxFieldSizeSet());
    }
",StatementConfigurationTest::testEmptyBuilder_3_oe,org.apache.commons.dbutils.StatementConfiguration,isMaxFieldSizeSet(),"/**
     * Whether max field size is set.
     *
     * @return true if set, false otherwise.
     */","public boolean isMaxFieldSizeSet() {
        return maxFieldSize != null;
    }","public boolean isMaxFieldSizeSet() {
        return maxFieldSize != null;
    }","/**
     * Whether max field size is set.
     *
     * @return true if set, false otherwise.
     */"
dbut_39_4,"    @Test
    public void testEmptyBuilder_4_oe() {
        StatementConfiguration config = new StatementConfiguration.Builder().build();

        // removed other assertion
        // removed other assertion
        // removed other assertion
        assertFalse(config.isMaxRowsSet());
    }
",StatementConfigurationTest::testEmptyBuilder_4_oe,org.apache.commons.dbutils.StatementConfiguration,isMaxRowsSet(),"/**
     * Whether max rows is set.
     *
     * @return true if set, false otherwise.
     */","public boolean isMaxRowsSet() {
        return maxRows != null;
    }","public boolean isMaxRowsSet() {
        return maxRows != null;
    }","/**
     * Whether max rows is set.
     *
     * @return true if set, false otherwise.
     */"
dbut_39_5,"    @Test
    public void testEmptyBuilder_5_oe() {
        StatementConfiguration config = new StatementConfiguration.Builder().build();

        // removed other assertion
        // removed other assertion
        // removed other assertion
        // removed other assertion
        assertFalse(config.isQueryTimeoutSet());
    }
",StatementConfigurationTest::testEmptyBuilder_5_oe,org.apache.commons.dbutils.StatementConfiguration,isQueryTimeoutSet(),"/**
     * Whether query timeout is set.
     *
     * @return true if set, false otherwise.
     */","public boolean isQueryTimeoutSet() {
        return queryTimeout != null;
    }","public boolean isQueryTimeoutSet() {
        return queryTimeout != null;
    }","/**
     * Whether query timeout is set.
     *
     * @return true if set, false otherwise.
     */"
dbut_40_1,"    @Test
    public void testBuilder_1_oe() {
        StatementConfiguration.Builder builder = new StatementConfiguration.Builder()
                .fetchDirection(1)
                .fetchSize(2)
                .maxFieldSize(3)
                .maxRows(4)
                .queryTimeout(5);
        StatementConfiguration config = builder.build();

        assertTrue(config.isFetchDirectionSet());
    }
",StatementConfigurationTest::testBuilder_1_oe,org.apache.commons.dbutils.StatementConfiguration,isFetchDirectionSet(),"/**
     * Whether fetch direction is set.
     *
     * @return true if set, false otherwise.
     */","public boolean isFetchDirectionSet() {
        return fetchDirection != null;
    }","public boolean isFetchDirectionSet() {
        return fetchDirection != null;
    }","/**
     * Whether fetch direction is set.
     *
     * @return true if set, false otherwise.
     */"
dbut_40_2,"    @Test
    public void testBuilder_2_oe() {
        StatementConfiguration.Builder builder = new StatementConfiguration.Builder()
                .fetchDirection(1)
                .fetchSize(2)
                .maxFieldSize(3)
                .maxRows(4)
                .queryTimeout(5);
        StatementConfiguration config = builder.build();

        // removed other assertion
        assertEquals(Integer.valueOf(1), config.getFetchDirection());
    }
",StatementConfigurationTest::testBuilder_2_oe,org.apache.commons.dbutils.StatementConfiguration,getFetchDirection(),"/**
     * Get the fetch direction.
     *
     * @return The direction to fetch or null if not set.
     */","public Integer getFetchDirection() {
        return fetchDirection;
    }","public StatementConfiguration build() {
            return new StatementConfiguration(fetchDirection, fetchSize, maxFieldSize, maxRows, queryTimeout);
        }",
dbut_40_3,"    @Test
    public void testBuilder_3_oe() {
        StatementConfiguration.Builder builder = new StatementConfiguration.Builder()
                .fetchDirection(1)
                .fetchSize(2)
                .maxFieldSize(3)
                .maxRows(4)
                .queryTimeout(5);
        StatementConfiguration config = builder.build();

        // removed other assertion
        // removed other assertion

        assertTrue(config.isFetchSizeSet());
    }
",StatementConfigurationTest::testBuilder_3_oe,org.apache.commons.dbutils.StatementConfiguration,isFetchSizeSet(),"/**
     * Whether fetch size is set.
     *
     * @return true if set, false otherwise.
     */","public boolean isFetchSizeSet() {
        return fetchSize != null;
    }","public boolean isFetchSizeSet() {
        return fetchSize != null;
    }","/**
     * Whether fetch size is set.
     *
     * @return true if set, false otherwise.
     */"
dbut_40_4,"    @Test
    public void testBuilder_4_oe() {
        StatementConfiguration.Builder builder = new StatementConfiguration.Builder()
                .fetchDirection(1)
                .fetchSize(2)
                .maxFieldSize(3)
                .maxRows(4)
                .queryTimeout(5);
        StatementConfiguration config = builder.build();

        // removed other assertion
        // removed other assertion

        // removed other assertion
        assertEquals(Integer.valueOf(2), config.getFetchSize());
    }
",StatementConfigurationTest::testBuilder_4_oe,org.apache.commons.dbutils.StatementConfiguration,getFetchSize(),"/**
     * Get the fetch size.
     *
     * @return The fetch size or null if not set.
     */","public Integer getFetchSize() {
        return fetchSize;
    }","public StatementConfiguration build() {
            return new StatementConfiguration(fetchDirection, fetchSize, maxFieldSize, maxRows, queryTimeout);
        }",
dbut_40_5,"    @Test
    public void testBuilder_5_oe() {
        StatementConfiguration.Builder builder = new StatementConfiguration.Builder()
                .fetchDirection(1)
                .fetchSize(2)
                .maxFieldSize(3)
                .maxRows(4)
                .queryTimeout(5);
        StatementConfiguration config = builder.build();

        // removed other assertion
        // removed other assertion

        // removed other assertion
        // removed other assertion

        assertTrue(config.isMaxFieldSizeSet());
    }
",StatementConfigurationTest::testBuilder_5_oe,org.apache.commons.dbutils.StatementConfiguration,isMaxFieldSizeSet(),"/**
     * Whether max field size is set.
     *
     * @return true if set, false otherwise.
     */","public boolean isMaxFieldSizeSet() {
        return maxFieldSize != null;
    }","public boolean isMaxFieldSizeSet() {
        return maxFieldSize != null;
    }","/**
     * Whether max field size is set.
     *
     * @return true if set, false otherwise.
     */"
dbut_40_6,"    @Test
    public void testBuilder_6_oe() {
        StatementConfiguration.Builder builder = new StatementConfiguration.Builder()
                .fetchDirection(1)
                .fetchSize(2)
                .maxFieldSize(3)
                .maxRows(4)
                .queryTimeout(5);
        StatementConfiguration config = builder.build();

        // removed other assertion
        // removed other assertion

        // removed other assertion
        // removed other assertion

        // removed other assertion
        assertEquals(Integer.valueOf(3), config.getMaxFieldSize());
    }
",StatementConfigurationTest::testBuilder_6_oe,org.apache.commons.dbutils.StatementConfiguration,getMaxFieldSize(),"/**
     * Get the max field size.
     *
     * @return The max field size or null if not set.
     */","public Integer getMaxFieldSize() {
        return maxFieldSize;
    }","public StatementConfiguration build() {
            return new StatementConfiguration(fetchDirection, fetchSize, maxFieldSize, maxRows, queryTimeout);
        }",
dbut_40_7,"    @Test
    public void testBuilder_7_oe() {
        StatementConfiguration.Builder builder = new StatementConfiguration.Builder()
                .fetchDirection(1)
                .fetchSize(2)
                .maxFieldSize(3)
                .maxRows(4)
                .queryTimeout(5);
        StatementConfiguration config = builder.build();

        // removed other assertion
        // removed other assertion

        // removed other assertion
        // removed other assertion

        // removed other assertion
        // removed other assertion

        assertTrue(config.isMaxRowsSet());
    }
",StatementConfigurationTest::testBuilder_7_oe,org.apache.commons.dbutils.StatementConfiguration,isMaxRowsSet(),"/**
     * Whether max rows is set.
     *
     * @return true if set, false otherwise.
     */","public boolean isMaxRowsSet() {
        return maxRows != null;
    }","public boolean isMaxRowsSet() {
        return maxRows != null;
    }","/**
     * Whether max rows is set.
     *
     * @return true if set, false otherwise.
     */"
dbut_40_8,"    @Test
    public void testBuilder_8_oe() {
        StatementConfiguration.Builder builder = new StatementConfiguration.Builder()
                .fetchDirection(1)
                .fetchSize(2)
                .maxFieldSize(3)
                .maxRows(4)
                .queryTimeout(5);
        StatementConfiguration config = builder.build();

        // removed other assertion
        // removed other assertion

        // removed other assertion
        // removed other assertion

        // removed other assertion
        // removed other assertion

        // removed other assertion
        assertEquals(Integer.valueOf(4), config.getMaxRows());
    }
",StatementConfigurationTest::testBuilder_8_oe,org.apache.commons.dbutils.StatementConfiguration,getMaxRows(),"/**
     * Get the max rows.
     *
     * @return The max rows or null if not set.
     */","public Integer getMaxRows() {
        return maxRows;
    }","public StatementConfiguration build() {
            return new StatementConfiguration(fetchDirection, fetchSize, maxFieldSize, maxRows, queryTimeout);
        }",
dbut_40_9,"    @Test
    public void testBuilder_9_oe() {
        StatementConfiguration.Builder builder = new StatementConfiguration.Builder()
                .fetchDirection(1)
                .fetchSize(2)
                .maxFieldSize(3)
                .maxRows(4)
                .queryTimeout(5);
        StatementConfiguration config = builder.build();

        // removed other assertion
        // removed other assertion

        // removed other assertion
        // removed other assertion

        // removed other assertion
        // removed other assertion

        // removed other assertion
        // removed other assertion

        assertTrue(config.isQueryTimeoutSet());
    }
",StatementConfigurationTest::testBuilder_9_oe,org.apache.commons.dbutils.StatementConfiguration,isQueryTimeoutSet(),"/**
     * Whether query timeout is set.
     *
     * @return true if set, false otherwise.
     */","public boolean isQueryTimeoutSet() {
        return queryTimeout != null;
    }","public boolean isQueryTimeoutSet() {
        return queryTimeout != null;
    }","/**
     * Whether query timeout is set.
     *
     * @return true if set, false otherwise.
     */"
dbut_40_10,"    @Test
    public void testBuilder_10_oe() {
        StatementConfiguration.Builder builder = new StatementConfiguration.Builder()
                .fetchDirection(1)
                .fetchSize(2)
                .maxFieldSize(3)
                .maxRows(4)
                .queryTimeout(5);
        StatementConfiguration config = builder.build();

        // removed other assertion
        // removed other assertion

        // removed other assertion
        // removed other assertion

        // removed other assertion
        // removed other assertion

        // removed other assertion
        // removed other assertion

        // removed other assertion
        assertEquals(Integer.valueOf(5), config.getQueryTimeout());
    }
",StatementConfigurationTest::testBuilder_10_oe,org.apache.commons.dbutils.StatementConfiguration,getQueryTimeout(),"/**
     * Get the query timeout.
     *
     * @return The query timeout or null if not set.
     */","public Integer getQueryTimeout() {
        return queryTimeout;
    }","public StatementConfiguration build() {
            return new StatementConfiguration(fetchDirection, fetchSize, maxFieldSize, maxRows, queryTimeout);
        }",
dbut_41_1,"    @Test
    public void testConstructor_1_oe() {
        StatementConfiguration config = new StatementConfiguration(1, 2, 3, 4, 5);

        assertEquals(Integer.valueOf(1), config.getFetchDirection());
    }
",StatementConfigurationTest::testConstructor_1_oe,org.apache.commons.dbutils.StatementConfiguration,getFetchDirection(),"/**
     * Get the fetch direction.
     *
     * @return The direction to fetch or null if not set.
     */","public Integer getFetchDirection() {
        return fetchDirection;
    }",,
dbut_41_2,"    @Test
    public void testConstructor_2_oe() {
        StatementConfiguration config = new StatementConfiguration(1, 2, 3, 4, 5);

        // removed other assertion
        assertEquals(Integer.valueOf(2), config.getFetchSize());
    }
",StatementConfigurationTest::testConstructor_2_oe,org.apache.commons.dbutils.StatementConfiguration,getFetchSize(),"/**
     * Get the fetch size.
     *
     * @return The fetch size or null if not set.
     */","public Integer getFetchSize() {
        return fetchSize;
    }",,
dbut_41_3,"    @Test
    public void testConstructor_3_oe() {
        StatementConfiguration config = new StatementConfiguration(1, 2, 3, 4, 5);

        // removed other assertion
        // removed other assertion
        assertEquals(Integer.valueOf(3), config.getMaxFieldSize());
    }
",StatementConfigurationTest::testConstructor_3_oe,org.apache.commons.dbutils.StatementConfiguration,getMaxFieldSize(),"/**
     * Get the max field size.
     *
     * @return The max field size or null if not set.
     */","public Integer getMaxFieldSize() {
        return maxFieldSize;
    }",,
dbut_41_4,"    @Test
    public void testConstructor_4_oe() {
        StatementConfiguration config = new StatementConfiguration(1, 2, 3, 4, 5);

        // removed other assertion
        // removed other assertion
        // removed other assertion
        assertEquals(Integer.valueOf(4), config.getMaxRows());
    }
",StatementConfigurationTest::testConstructor_4_oe,org.apache.commons.dbutils.StatementConfiguration,getMaxRows(),"/**
     * Get the max rows.
     *
     * @return The max rows or null if not set.
     */","public Integer getMaxRows() {
        return maxRows;
    }",,
dbut_41_5,"    @Test
    public void testConstructor_5_oe() {
        StatementConfiguration config = new StatementConfiguration(1, 2, 3, 4, 5);

        // removed other assertion
        // removed other assertion
        // removed other assertion
        // removed other assertion
        assertEquals(Integer.valueOf(5), config.getQueryTimeout());
    }
",StatementConfigurationTest::testConstructor_5_oe,org.apache.commons.dbutils.StatementConfiguration,getQueryTimeout(),"/**
     * Get the query timeout.
     *
     * @return The query timeout or null if not set.
     */","public Integer getQueryTimeout() {
        return queryTimeout;
    }",,
dbut_42_1,"    public void testGetString_1_oe() throws SQLException {
        this.rs.next();
        assertEquals(""notInBean"", rs.getString(4));
    }
",StringTrimmedResultSetTest::testGetString_1_oe,org.apache.commons.dbutils.BaseResultSetHandler,getString(int columnIndex),"/**
     * @param columnIndex
     * @return
     * @throws SQLException
     * @see java.sql.ResultSet#getString(int)
     */","protected final String getString(int columnIndex) throws SQLException {
        return rs.getString(columnIndex);
    }","protected final String getString(int columnIndex) throws SQLException {
        return rs.getString(columnIndex);
    }","/**
     * @param columnIndex
     * @return
     * @throws SQLException
     * @see java.sql.ResultSet#getString(int)
     */"
dbut_43_1,"    public void testGetObject_1_oe() throws SQLException {
        this.rs.next();
        assertEquals(""notInBean"", rs.getObject(4));
    }
",StringTrimmedResultSetTest::testGetObject_1_oe,org.apache.commons.dbutils.BaseResultSetHandler,"getObject(int columnIndex, Map<String, Class<?>> map)","/**
     * @param columnIndex
     * @param map
     * @return
     * @throws SQLException
     * @see java.sql.ResultSet#getObject(int, java.util.Map)
     */","protected final Object getObject(int columnIndex, Map<String, Class<?>> map) throws SQLException {
        return rs.getObject(columnIndex, map);
    }","protected final Object getObject(int columnIndex, Map<String, Class<?>> map) throws SQLException {
        return rs.getObject(columnIndex, map);
    }","/**
     * @param columnIndex
     * @param map
     * @return
     * @throws SQLException
     * @see java.sql.ResultSet#getObject(int, java.util.Map)
     */"
dbut_44_1,"    public void testMultipleWrappers_1_oe() throws Exception {
        // Create a ResultSet with data
        Object[][] rows = new Object[][] { { null }
        };
        ResultSet rs = MockResultSet.create(metaData, rows);

        // Wrap the ResultSet with a null checked version
        SqlNullCheckedResultSet ncrs = new SqlNullCheckedResultSet(rs);
        ncrs.setNullString(""   trim this   "");
        rs = ProxyFactory.instance().createResultSet(ncrs);

        // Wrap the wrapper with a string trimmed version
        rs = StringTrimmedResultSet.wrap(rs);

        rs.next();
        assertEquals(""trim this"", rs.getString(1));
    }
",StringTrimmedResultSetTest::testMultipleWrappers_1_oe,org.apache.commons.dbutils.BaseResultSetHandler,getString(int columnIndex),"/**
     * @param columnIndex
     * @return
     * @throws SQLException
     * @see java.sql.ResultSet#getString(int)
     */","protected final String getString(int columnIndex) throws SQLException {
        return rs.getString(columnIndex);
    }","protected final String getString(int columnIndex) throws SQLException {
        return rs.getString(columnIndex);
    }","/**
     * @param columnIndex
     * @return
     * @throws SQLException
     * @see java.sql.ResultSet#getString(int)
     */"
dbut_45_1,"    public void testGetAsciiStream_1_oe() throws SQLException {

        assertNull(rs.getAsciiStream(1));
    }
",SqlNullCheckedResultSetTest::testGetAsciiStream_1_oe,org.apache.commons.dbutils.BaseResultSetHandler,getAsciiStream(int columnIndex),"/**
     * @param columnIndex
     * @return
     * @throws SQLException
     * @see java.sql.ResultSet#getAsciiStream(int)
     */","protected final InputStream getAsciiStream(int columnIndex) throws SQLException {
        return rs.getAsciiStream(columnIndex);
    }","protected final InputStream getAsciiStream(int columnIndex) throws SQLException {
        return rs.getAsciiStream(columnIndex);
    }","/**
     * @param columnIndex
     * @return
     * @throws SQLException
     * @see java.sql.ResultSet#getAsciiStream(int)
     */"
dbut_45_2,"    public void testGetAsciiStream_2_oe() throws SQLException {

        // removed other assertion
        assertTrue(rs.wasNull());
    }
",SqlNullCheckedResultSetTest::testGetAsciiStream_2_oe,org.apache.commons.dbutils.BaseResultSetHandler,wasNull(),"/**
     * @return
     * @throws SQLException
     * @see java.sql.ResultSet#wasNull()
     */","protected final boolean wasNull() throws SQLException {
        return rs.wasNull();
    }","protected final boolean wasNull() throws SQLException {
        return rs.wasNull();
    }","/**
     * @return
     * @throws SQLException
     * @see java.sql.ResultSet#wasNull()
     */"
dbut_45_3,"    public void testGetAsciiStream_3_oe() throws SQLException {

        // removed other assertion
        // removed other assertion
        assertNull(rs.getAsciiStream(""column""));
    }
",SqlNullCheckedResultSetTest::testGetAsciiStream_3_oe,org.apache.commons.dbutils.BaseResultSetHandler,getAsciiStream(int columnIndex),"/**
     * @param columnIndex
     * @return
     * @throws SQLException
     * @see java.sql.ResultSet#getAsciiStream(int)
     */","protected final InputStream getAsciiStream(int columnIndex) throws SQLException {
        return rs.getAsciiStream(columnIndex);
    }","protected final InputStream getAsciiStream(int columnIndex) throws SQLException {
        return rs.getAsciiStream(columnIndex);
    }","/**
     * @param columnIndex
     * @return
     * @throws SQLException
     * @see java.sql.ResultSet#getAsciiStream(int)
     */"
dbut_45_4,"    public void testGetAsciiStream_4_oe() throws SQLException {

        // removed other assertion
        // removed other assertion
        // removed other assertion
        assertTrue(rs.wasNull());
    }
",SqlNullCheckedResultSetTest::testGetAsciiStream_4_oe,org.apache.commons.dbutils.BaseResultSetHandler,wasNull(),"/**
     * @return
     * @throws SQLException
     * @see java.sql.ResultSet#wasNull()
     */","protected final boolean wasNull() throws SQLException {
        return rs.wasNull();
    }","protected final boolean wasNull() throws SQLException {
        return rs.wasNull();
    }","/**
     * @return
     * @throws SQLException
     * @see java.sql.ResultSet#wasNull()
     */"
dbut_45_5,"    public void testGetAsciiStream_5_oe() throws SQLException {

        // removed other assertion
        // removed other assertion
        // removed other assertion
        // removed other assertion
        // Set what gets returned to something other than the default
        InputStream stream = new ByteArrayInputStream(new byte[0]);
        rs2.setNullAsciiStream(stream);
        assertNotNull(rs.getAsciiStream(1));
    }
",SqlNullCheckedResultSetTest::testGetAsciiStream_5_oe,org.apache.commons.dbutils.BaseResultSetHandler,getAsciiStream(int columnIndex),"/**
     * @param columnIndex
     * @return
     * @throws SQLException
     * @see java.sql.ResultSet#getAsciiStream(int)
     */","protected final InputStream getAsciiStream(int columnIndex) throws SQLException {
        return rs.getAsciiStream(columnIndex);
    }","protected final InputStream getAsciiStream(int columnIndex) throws SQLException {
        return rs.getAsciiStream(columnIndex);
    }","/**
     * @param columnIndex
     * @return
     * @throws SQLException
     * @see java.sql.ResultSet#getAsciiStream(int)
     */"
dbut_45_6,"    public void testGetAsciiStream_6_oe() throws SQLException {

        // removed other assertion
        // removed other assertion
        // removed other assertion
        // removed other assertion
        // Set what gets returned to something other than the default
        InputStream stream = new ByteArrayInputStream(new byte[0]);
        rs2.setNullAsciiStream(stream);
        // removed other assertion
        assertEquals(stream, rs.getAsciiStream(1));
    }
",SqlNullCheckedResultSetTest::testGetAsciiStream_6_oe,org.apache.commons.dbutils.BaseResultSetHandler,getAsciiStream(int columnIndex),"/**
     * @param columnIndex
     * @return
     * @throws SQLException
     * @see java.sql.ResultSet#getAsciiStream(int)
     */","protected final InputStream getAsciiStream(int columnIndex) throws SQLException {
        return rs.getAsciiStream(columnIndex);
    }","protected final InputStream getAsciiStream(int columnIndex) throws SQLException {
        return rs.getAsciiStream(columnIndex);
    }","/**
     * @param columnIndex
     * @return
     * @throws SQLException
     * @see java.sql.ResultSet#getAsciiStream(int)
     */"
dbut_45_7,"    public void testGetAsciiStream_7_oe() throws SQLException {

        // removed other assertion
        // removed other assertion
        // removed other assertion
        // removed other assertion
        // Set what gets returned to something other than the default
        InputStream stream = new ByteArrayInputStream(new byte[0]);
        rs2.setNullAsciiStream(stream);
        // removed other assertion
        // removed other assertion
        assertNotNull(rs.getAsciiStream(""column""));
    }
",SqlNullCheckedResultSetTest::testGetAsciiStream_7_oe,org.apache.commons.dbutils.BaseResultSetHandler,getAsciiStream(int columnIndex),"/**
     * @param columnIndex
     * @return
     * @throws SQLException
     * @see java.sql.ResultSet#getAsciiStream(int)
     */","protected final InputStream getAsciiStream(int columnIndex) throws SQLException {
        return rs.getAsciiStream(columnIndex);
    }","protected final InputStream getAsciiStream(int columnIndex) throws SQLException {
        return rs.getAsciiStream(columnIndex);
    }","/**
     * @param columnIndex
     * @return
     * @throws SQLException
     * @see java.sql.ResultSet#getAsciiStream(int)
     */"
dbut_45_8,"    public void testGetAsciiStream_8_oe() throws SQLException {

        // removed other assertion
        // removed other assertion
        // removed other assertion
        // removed other assertion
        // Set what gets returned to something other than the default
        InputStream stream = new ByteArrayInputStream(new byte[0]);
        rs2.setNullAsciiStream(stream);
        // removed other assertion
        // removed other assertion
        // removed other assertion
        assertEquals(stream, rs.getAsciiStream(""column""));
    }
",SqlNullCheckedResultSetTest::testGetAsciiStream_8_oe,org.apache.commons.dbutils.BaseResultSetHandler,getAsciiStream(int columnIndex),"/**
     * @param columnIndex
     * @return
     * @throws SQLException
     * @see java.sql.ResultSet#getAsciiStream(int)
     */","protected final InputStream getAsciiStream(int columnIndex) throws SQLException {
        return rs.getAsciiStream(columnIndex);
    }","protected final InputStream getAsciiStream(int columnIndex) throws SQLException {
        return rs.getAsciiStream(columnIndex);
    }","/**
     * @param columnIndex
     * @return
     * @throws SQLException
     * @see java.sql.ResultSet#getAsciiStream(int)
     */"
dbut_46_1,"    public void testGetBigDecimal_1_oe() throws SQLException {

        assertNull(rs.getBigDecimal(1));
    }
",SqlNullCheckedResultSetTest::testGetBigDecimal_1_oe,org.apache.commons.dbutils.BaseResultSetHandler,"getBigDecimal(int columnIndex, int scale)","/**
     * @param columnIndex
     * @param scale
     * @return
     * @throws SQLException
     * @deprecated
     * @see java.sql.ResultSet#getBigDecimal(int, int)
     */","@Deprecated
    protected final BigDecimal getBigDecimal(int columnIndex, int scale) throws SQLException {
        return rs.getBigDecimal(columnIndex, scale);
    }","@Deprecated
    protected final BigDecimal getBigDecimal(int columnIndex, int scale) throws SQLException {
        return rs.getBigDecimal(columnIndex, scale);
    }","/**
     * @param columnIndex
     * @param scale
     * @return
     * @throws SQLException
     * @deprecated
     * @see java.sql.ResultSet#getBigDecimal(int, int)
     */"
dbut_46_2,"    public void testGetBigDecimal_2_oe() throws SQLException {

        // removed other assertion
        assertTrue(rs.wasNull());
    }
",SqlNullCheckedResultSetTest::testGetBigDecimal_2_oe,org.apache.commons.dbutils.BaseResultSetHandler,wasNull(),"/**
     * @return
     * @throws SQLException
     * @see java.sql.ResultSet#wasNull()
     */","protected final boolean wasNull() throws SQLException {
        return rs.wasNull();
    }","protected final boolean wasNull() throws SQLException {
        return rs.wasNull();
    }","/**
     * @return
     * @throws SQLException
     * @see java.sql.ResultSet#wasNull()
     */"
dbut_46_3,"    public void testGetBigDecimal_3_oe() throws SQLException {

        // removed other assertion
        // removed other assertion
        assertNull(rs.getBigDecimal(""column""));
    }
",SqlNullCheckedResultSetTest::testGetBigDecimal_3_oe,org.apache.commons.dbutils.BaseResultSetHandler,"getBigDecimal(int columnIndex, int scale)","/**
     * @param columnIndex
     * @param scale
     * @return
     * @throws SQLException
     * @deprecated
     * @see java.sql.ResultSet#getBigDecimal(int, int)
     */","@Deprecated
    protected final BigDecimal getBigDecimal(int columnIndex, int scale) throws SQLException {
        return rs.getBigDecimal(columnIndex, scale);
    }","@Deprecated
    protected final BigDecimal getBigDecimal(int columnIndex, int scale) throws SQLException {
        return rs.getBigDecimal(columnIndex, scale);
    }","/**
     * @param columnIndex
     * @param scale
     * @return
     * @throws SQLException
     * @deprecated
     * @see java.sql.ResultSet#getBigDecimal(int, int)
     */"
dbut_46_4,"    public void testGetBigDecimal_4_oe() throws SQLException {

        // removed other assertion
        // removed other assertion
        // removed other assertion
        assertTrue(rs.wasNull());
    }
",SqlNullCheckedResultSetTest::testGetBigDecimal_4_oe,org.apache.commons.dbutils.BaseResultSetHandler,wasNull(),"/**
     * @return
     * @throws SQLException
     * @see java.sql.ResultSet#wasNull()
     */","protected final boolean wasNull() throws SQLException {
        return rs.wasNull();
    }","protected final boolean wasNull() throws SQLException {
        return rs.wasNull();
    }","/**
     * @return
     * @throws SQLException
     * @see java.sql.ResultSet#wasNull()
     */"
dbut_46_5,"    public void testGetBigDecimal_5_oe() throws SQLException {

        // removed other assertion
        // removed other assertion
        // removed other assertion
        // removed other assertion
        // Set what gets returned to something other than the default
        BigDecimal bd = new BigDecimal(5.0);
        rs2.setNullBigDecimal(bd);
        assertNotNull(rs.getBigDecimal(1));
    }
",SqlNullCheckedResultSetTest::testGetBigDecimal_5_oe,org.apache.commons.dbutils.BaseResultSetHandler,"getBigDecimal(int columnIndex, int scale)","/**
     * @param columnIndex
     * @param scale
     * @return
     * @throws SQLException
     * @deprecated
     * @see java.sql.ResultSet#getBigDecimal(int, int)
     */","@Deprecated
    protected final BigDecimal getBigDecimal(int columnIndex, int scale) throws SQLException {
        return rs.getBigDecimal(columnIndex, scale);
    }","@Deprecated
    protected final BigDecimal getBigDecimal(int columnIndex, int scale) throws SQLException {
        return rs.getBigDecimal(columnIndex, scale);
    }","/**
     * @param columnIndex
     * @param scale
     * @return
     * @throws SQLException
     * @deprecated
     * @see java.sql.ResultSet#getBigDecimal(int, int)
     */"
dbut_46_6,"    public void testGetBigDecimal_6_oe() throws SQLException {

        // removed other assertion
        // removed other assertion
        // removed other assertion
        // removed other assertion
        // Set what gets returned to something other than the default
        BigDecimal bd = new BigDecimal(5.0);
        rs2.setNullBigDecimal(bd);
        // removed other assertion
        assertEquals(bd, rs.getBigDecimal(1));
    }
",SqlNullCheckedResultSetTest::testGetBigDecimal_6_oe,org.apache.commons.dbutils.BaseResultSetHandler,"getBigDecimal(int columnIndex, int scale)","/**
     * @param columnIndex
     * @param scale
     * @return
     * @throws SQLException
     * @deprecated
     * @see java.sql.ResultSet#getBigDecimal(int, int)
     */","@Deprecated
    protected final BigDecimal getBigDecimal(int columnIndex, int scale) throws SQLException {
        return rs.getBigDecimal(columnIndex, scale);
    }","@Deprecated
    protected final BigDecimal getBigDecimal(int columnIndex, int scale) throws SQLException {
        return rs.getBigDecimal(columnIndex, scale);
    }","/**
     * @param columnIndex
     * @param scale
     * @return
     * @throws SQLException
     * @deprecated
     * @see java.sql.ResultSet#getBigDecimal(int, int)
     */"
dbut_46_7,"    public void testGetBigDecimal_7_oe() throws SQLException {

        // removed other assertion
        // removed other assertion
        // removed other assertion
        // removed other assertion
        // Set what gets returned to something other than the default
        BigDecimal bd = new BigDecimal(5.0);
        rs2.setNullBigDecimal(bd);
        // removed other assertion
        // removed other assertion
        assertNotNull(rs.getBigDecimal(""column""));
    }
",SqlNullCheckedResultSetTest::testGetBigDecimal_7_oe,org.apache.commons.dbutils.BaseResultSetHandler,"getBigDecimal(int columnIndex, int scale)","/**
     * @param columnIndex
     * @param scale
     * @return
     * @throws SQLException
     * @deprecated
     * @see java.sql.ResultSet#getBigDecimal(int, int)
     */","@Deprecated
    protected final BigDecimal getBigDecimal(int columnIndex, int scale) throws SQLException {
        return rs.getBigDecimal(columnIndex, scale);
    }","@Deprecated
    protected final BigDecimal getBigDecimal(int columnIndex, int scale) throws SQLException {
        return rs.getBigDecimal(columnIndex, scale);
    }","/**
     * @param columnIndex
     * @param scale
     * @return
     * @throws SQLException
     * @deprecated
     * @see java.sql.ResultSet#getBigDecimal(int, int)
     */"
dbut_46_8,"    public void testGetBigDecimal_8_oe() throws SQLException {

        // removed other assertion
        // removed other assertion
        // removed other assertion
        // removed other assertion
        // Set what gets returned to something other than the default
        BigDecimal bd = new BigDecimal(5.0);
        rs2.setNullBigDecimal(bd);
        // removed other assertion
        // removed other assertion
        // removed other assertion
        assertEquals(bd, rs.getBigDecimal(""column""));
    }
",SqlNullCheckedResultSetTest::testGetBigDecimal_8_oe,org.apache.commons.dbutils.BaseResultSetHandler,"getBigDecimal(int columnIndex, int scale)","/**
     * @param columnIndex
     * @param scale
     * @return
     * @throws SQLException
     * @deprecated
     * @see java.sql.ResultSet#getBigDecimal(int, int)
     */","@Deprecated
    protected final BigDecimal getBigDecimal(int columnIndex, int scale) throws SQLException {
        return rs.getBigDecimal(columnIndex, scale);
    }","@Deprecated
    protected final BigDecimal getBigDecimal(int columnIndex, int scale) throws SQLException {
        return rs.getBigDecimal(columnIndex, scale);
    }","/**
     * @param columnIndex
     * @param scale
     * @return
     * @throws SQLException
     * @deprecated
     * @see java.sql.ResultSet#getBigDecimal(int, int)
     */"
dbut_47_1,"    public void testGetBinaryStream_1_oe() throws SQLException {

        assertNull(rs.getBinaryStream(1));
    }
",SqlNullCheckedResultSetTest::testGetBinaryStream_1_oe,org.apache.commons.dbutils.BaseResultSetHandler,getBinaryStream(int columnIndex),"/**
     * @param columnIndex
     * @return
     * @throws SQLException
     * @see java.sql.ResultSet#getBinaryStream(int)
     */","protected final InputStream getBinaryStream(int columnIndex) throws SQLException {
        return rs.getBinaryStream(columnIndex);
    }","protected final InputStream getBinaryStream(int columnIndex) throws SQLException {
        return rs.getBinaryStream(columnIndex);
    }","/**
     * @param columnIndex
     * @return
     * @throws SQLException
     * @see java.sql.ResultSet#getBinaryStream(int)
     */"
dbut_47_2,"    public void testGetBinaryStream_2_oe() throws SQLException {

        // removed other assertion
        assertTrue(rs.wasNull());
    }
",SqlNullCheckedResultSetTest::testGetBinaryStream_2_oe,org.apache.commons.dbutils.BaseResultSetHandler,wasNull(),"/**
     * @return
     * @throws SQLException
     * @see java.sql.ResultSet#wasNull()
     */","protected final boolean wasNull() throws SQLException {
        return rs.wasNull();
    }","protected final boolean wasNull() throws SQLException {
        return rs.wasNull();
    }","/**
     * @return
     * @throws SQLException
     * @see java.sql.ResultSet#wasNull()
     */"
dbut_47_3,"    public void testGetBinaryStream_3_oe() throws SQLException {

        // removed other assertion
        // removed other assertion
        assertNull(rs.getBinaryStream(""column""));
    }
",SqlNullCheckedResultSetTest::testGetBinaryStream_3_oe,org.apache.commons.dbutils.BaseResultSetHandler,getBinaryStream(int columnIndex),"/**
     * @param columnIndex
     * @return
     * @throws SQLException
     * @see java.sql.ResultSet#getBinaryStream(int)
     */","protected final InputStream getBinaryStream(int columnIndex) throws SQLException {
        return rs.getBinaryStream(columnIndex);
    }","protected final InputStream getBinaryStream(int columnIndex) throws SQLException {
        return rs.getBinaryStream(columnIndex);
    }","/**
     * @param columnIndex
     * @return
     * @throws SQLException
     * @see java.sql.ResultSet#getBinaryStream(int)
     */"
dbut_47_4,"    public void testGetBinaryStream_4_oe() throws SQLException {

        // removed other assertion
        // removed other assertion
        // removed other assertion
        assertTrue(rs.wasNull());
    }
",SqlNullCheckedResultSetTest::testGetBinaryStream_4_oe,org.apache.commons.dbutils.BaseResultSetHandler,wasNull(),"/**
     * @return
     * @throws SQLException
     * @see java.sql.ResultSet#wasNull()
     */","protected final boolean wasNull() throws SQLException {
        return rs.wasNull();
    }","protected final boolean wasNull() throws SQLException {
        return rs.wasNull();
    }","/**
     * @return
     * @throws SQLException
     * @see java.sql.ResultSet#wasNull()
     */"
dbut_47_5,"    public void testGetBinaryStream_5_oe() throws SQLException {

        // removed other assertion
        // removed other assertion
        // removed other assertion
        // removed other assertion
        // Set what gets returned to something other than the default
        InputStream stream = new ByteArrayInputStream(new byte[0]);
        rs2.setNullBinaryStream(stream);
        assertNotNull(rs.getBinaryStream(1));
    }
",SqlNullCheckedResultSetTest::testGetBinaryStream_5_oe,org.apache.commons.dbutils.BaseResultSetHandler,getBinaryStream(int columnIndex),"/**
     * @param columnIndex
     * @return
     * @throws SQLException
     * @see java.sql.ResultSet#getBinaryStream(int)
     */","protected final InputStream getBinaryStream(int columnIndex) throws SQLException {
        return rs.getBinaryStream(columnIndex);
    }","protected final InputStream getBinaryStream(int columnIndex) throws SQLException {
        return rs.getBinaryStream(columnIndex);
    }","/**
     * @param columnIndex
     * @return
     * @throws SQLException
     * @see java.sql.ResultSet#getBinaryStream(int)
     */"
dbut_47_6,"    public void testGetBinaryStream_6_oe() throws SQLException {

        // removed other assertion
        // removed other assertion
        // removed other assertion
        // removed other assertion
        // Set what gets returned to something other than the default
        InputStream stream = new ByteArrayInputStream(new byte[0]);
        rs2.setNullBinaryStream(stream);
        // removed other assertion
        assertEquals(stream, rs.getBinaryStream(1));
    }
",SqlNullCheckedResultSetTest::testGetBinaryStream_6_oe,org.apache.commons.dbutils.BaseResultSetHandler,getBinaryStream(int columnIndex),"/**
     * @param columnIndex
     * @return
     * @throws SQLException
     * @see java.sql.ResultSet#getBinaryStream(int)
     */","protected final InputStream getBinaryStream(int columnIndex) throws SQLException {
        return rs.getBinaryStream(columnIndex);
    }","protected final InputStream getBinaryStream(int columnIndex) throws SQLException {
        return rs.getBinaryStream(columnIndex);
    }","/**
     * @param columnIndex
     * @return
     * @throws SQLException
     * @see java.sql.ResultSet#getBinaryStream(int)
     */"
dbut_47_7,"    public void testGetBinaryStream_7_oe() throws SQLException {

        // removed other assertion
        // removed other assertion
        // removed other assertion
        // removed other assertion
        // Set what gets returned to something other than the default
        InputStream stream = new ByteArrayInputStream(new byte[0]);
        rs2.setNullBinaryStream(stream);
        // removed other assertion
        // removed other assertion
        assertNotNull(rs.getBinaryStream(""column""));
    }
",SqlNullCheckedResultSetTest::testGetBinaryStream_7_oe,org.apache.commons.dbutils.BaseResultSetHandler,getBinaryStream(int columnIndex),"/**
     * @param columnIndex
     * @return
     * @throws SQLException
     * @see java.sql.ResultSet#getBinaryStream(int)
     */","protected final InputStream getBinaryStream(int columnIndex) throws SQLException {
        return rs.getBinaryStream(columnIndex);
    }","protected final InputStream getBinaryStream(int columnIndex) throws SQLException {
        return rs.getBinaryStream(columnIndex);
    }","/**
     * @param columnIndex
     * @return
     * @throws SQLException
     * @see java.sql.ResultSet#getBinaryStream(int)
     */"
dbut_47_8,"    public void testGetBinaryStream_8_oe() throws SQLException {

        // removed other assertion
        // removed other assertion
        // removed other assertion
        // removed other assertion
        // Set what gets returned to something other than the default
        InputStream stream = new ByteArrayInputStream(new byte[0]);
        rs2.setNullBinaryStream(stream);
        // removed other assertion
        // removed other assertion
        // removed other assertion
        assertEquals(stream, rs.getBinaryStream(""column""));
    }
",SqlNullCheckedResultSetTest::testGetBinaryStream_8_oe,org.apache.commons.dbutils.BaseResultSetHandler,getBinaryStream(int columnIndex),"/**
     * @param columnIndex
     * @return
     * @throws SQLException
     * @see java.sql.ResultSet#getBinaryStream(int)
     */","protected final InputStream getBinaryStream(int columnIndex) throws SQLException {
        return rs.getBinaryStream(columnIndex);
    }","protected final InputStream getBinaryStream(int columnIndex) throws SQLException {
        return rs.getBinaryStream(columnIndex);
    }","/**
     * @param columnIndex
     * @return
     * @throws SQLException
     * @see java.sql.ResultSet#getBinaryStream(int)
     */"
dbut_48_1,"    public void testGetBlob_1_oe() throws SQLException {

        assertNull(rs.getBlob(1));
    }
",SqlNullCheckedResultSetTest::testGetBlob_1_oe,org.apache.commons.dbutils.BaseResultSetHandler,getBlob(int columnIndex),"/**
     * @param columnIndex
     * @return
     * @throws SQLException
     * @see java.sql.ResultSet#getBlob(int)
     */","protected final Blob getBlob(int columnIndex) throws SQLException {
        return rs.getBlob(columnIndex);
    }","protected final Blob getBlob(int columnIndex) throws SQLException {
        return rs.getBlob(columnIndex);
    }","/**
     * @param columnIndex
     * @return
     * @throws SQLException
     * @see java.sql.ResultSet#getBlob(int)
     */"
dbut_48_2,"    public void testGetBlob_2_oe() throws SQLException {

        // removed other assertion
        assertTrue(rs.wasNull());
    }
",SqlNullCheckedResultSetTest::testGetBlob_2_oe,org.apache.commons.dbutils.BaseResultSetHandler,wasNull(),"/**
     * @return
     * @throws SQLException
     * @see java.sql.ResultSet#wasNull()
     */","protected final boolean wasNull() throws SQLException {
        return rs.wasNull();
    }","protected final boolean wasNull() throws SQLException {
        return rs.wasNull();
    }","/**
     * @return
     * @throws SQLException
     * @see java.sql.ResultSet#wasNull()
     */"
dbut_48_3,"    public void testGetBlob_3_oe() throws SQLException {

        // removed other assertion
        // removed other assertion
        assertNull(rs.getBlob(""column""));
    }
",SqlNullCheckedResultSetTest::testGetBlob_3_oe,org.apache.commons.dbutils.BaseResultSetHandler,getBlob(int columnIndex),"/**
     * @param columnIndex
     * @return
     * @throws SQLException
     * @see java.sql.ResultSet#getBlob(int)
     */","protected final Blob getBlob(int columnIndex) throws SQLException {
        return rs.getBlob(columnIndex);
    }","protected final Blob getBlob(int columnIndex) throws SQLException {
        return rs.getBlob(columnIndex);
    }","/**
     * @param columnIndex
     * @return
     * @throws SQLException
     * @see java.sql.ResultSet#getBlob(int)
     */"
dbut_48_4,"    public void testGetBlob_4_oe() throws SQLException {

        // removed other assertion
        // removed other assertion
        // removed other assertion
        assertTrue(rs.wasNull());
    }
",SqlNullCheckedResultSetTest::testGetBlob_4_oe,org.apache.commons.dbutils.BaseResultSetHandler,wasNull(),"/**
     * @return
     * @throws SQLException
     * @see java.sql.ResultSet#wasNull()
     */","protected final boolean wasNull() throws SQLException {
        return rs.wasNull();
    }","protected final boolean wasNull() throws SQLException {
        return rs.wasNull();
    }","/**
     * @return
     * @throws SQLException
     * @see java.sql.ResultSet#wasNull()
     */"
dbut_48_5,"    public void testGetBlob_5_oe() throws SQLException {

        // removed other assertion
        // removed other assertion
        // removed other assertion
        // removed other assertion
        // Set what gets returned to something other than the default
        Blob blob = new SqlNullCheckedResultSetMockBlob();
        rs2.setNullBlob(blob);
        assertNotNull(rs.getBlob(1));
    }
",SqlNullCheckedResultSetTest::testGetBlob_5_oe,org.apache.commons.dbutils.BaseResultSetHandler,getBlob(int columnIndex),"/**
     * @param columnIndex
     * @return
     * @throws SQLException
     * @see java.sql.ResultSet#getBlob(int)
     */","protected final Blob getBlob(int columnIndex) throws SQLException {
        return rs.getBlob(columnIndex);
    }","protected final Blob getBlob(int columnIndex) throws SQLException {
        return rs.getBlob(columnIndex);
    }","/**
     * @param columnIndex
     * @return
     * @throws SQLException
     * @see java.sql.ResultSet#getBlob(int)
     */"
dbut_48_6,"    public void testGetBlob_6_oe() throws SQLException {

        // removed other assertion
        // removed other assertion
        // removed other assertion
        // removed other assertion
        // Set what gets returned to something other than the default
        Blob blob = new SqlNullCheckedResultSetMockBlob();
        rs2.setNullBlob(blob);
        // removed other assertion
        assertEquals(blob, rs.getBlob(1));
    }
",SqlNullCheckedResultSetTest::testGetBlob_6_oe,org.apache.commons.dbutils.BaseResultSetHandler,getBlob(int columnIndex),"/**
     * @param columnIndex
     * @return
     * @throws SQLException
     * @see java.sql.ResultSet#getBlob(int)
     */","protected final Blob getBlob(int columnIndex) throws SQLException {
        return rs.getBlob(columnIndex);
    }","protected final Blob getBlob(int columnIndex) throws SQLException {
        return rs.getBlob(columnIndex);
    }","/**
     * @param columnIndex
     * @return
     * @throws SQLException
     * @see java.sql.ResultSet#getBlob(int)
     */"
dbut_48_7,"    public void testGetBlob_7_oe() throws SQLException {

        // removed other assertion
        // removed other assertion
        // removed other assertion
        // removed other assertion
        // Set what gets returned to something other than the default
        Blob blob = new SqlNullCheckedResultSetMockBlob();
        rs2.setNullBlob(blob);
        // removed other assertion
        // removed other assertion
        assertNotNull(rs.getBlob(""column""));
    }
",SqlNullCheckedResultSetTest::testGetBlob_7_oe,org.apache.commons.dbutils.BaseResultSetHandler,getBlob(int columnIndex),"/**
     * @param columnIndex
     * @return
     * @throws SQLException
     * @see java.sql.ResultSet#getBlob(int)
     */","protected final Blob getBlob(int columnIndex) throws SQLException {
        return rs.getBlob(columnIndex);
    }","protected final Blob getBlob(int columnIndex) throws SQLException {
        return rs.getBlob(columnIndex);
    }","/**
     * @param columnIndex
     * @return
     * @throws SQLException
     * @see java.sql.ResultSet#getBlob(int)
     */"
dbut_48_8,"    public void testGetBlob_8_oe() throws SQLException {

        // removed other assertion
        // removed other assertion
        // removed other assertion
        // removed other assertion
        // Set what gets returned to something other than the default
        Blob blob = new SqlNullCheckedResultSetMockBlob();
        rs2.setNullBlob(blob);
        // removed other assertion
        // removed other assertion
        // removed other assertion
        assertEquals(blob, rs.getBlob(""column""));
    }
",SqlNullCheckedResultSetTest::testGetBlob_8_oe,org.apache.commons.dbutils.BaseResultSetHandler,getBlob(int columnIndex),"/**
     * @param columnIndex
     * @return
     * @throws SQLException
     * @see java.sql.ResultSet#getBlob(int)
     */","protected final Blob getBlob(int columnIndex) throws SQLException {
        return rs.getBlob(columnIndex);
    }","protected final Blob getBlob(int columnIndex) throws SQLException {
        return rs.getBlob(columnIndex);
    }","/**
     * @param columnIndex
     * @return
     * @throws SQLException
     * @see java.sql.ResultSet#getBlob(int)
     */"
dbut_49_1,"    public void testGetBoolean_1_oe() throws SQLException {

        assertEquals(false, rs.getBoolean(1));
    }
",SqlNullCheckedResultSetTest::testGetBoolean_1_oe,org.apache.commons.dbutils.BaseResultSetHandler,getBoolean(int columnIndex),"/**
     * @param columnIndex
     * @return
     * @throws SQLException
     * @see java.sql.ResultSet#getBoolean(int)
     */","protected final boolean getBoolean(int columnIndex) throws SQLException {
        return rs.getBoolean(columnIndex);
    }","protected final boolean getBoolean(int columnIndex) throws SQLException {
        return rs.getBoolean(columnIndex);
    }","/**
     * @param columnIndex
     * @return
     * @throws SQLException
     * @see java.sql.ResultSet#getBoolean(int)
     */"
dbut_49_2,"    public void testGetBoolean_2_oe() throws SQLException {

        // removed other assertion
        assertTrue(rs.wasNull());
    }
",SqlNullCheckedResultSetTest::testGetBoolean_2_oe,org.apache.commons.dbutils.BaseResultSetHandler,wasNull(),"/**
     * @return
     * @throws SQLException
     * @see java.sql.ResultSet#wasNull()
     */","protected final boolean wasNull() throws SQLException {
        return rs.wasNull();
    }","protected final boolean wasNull() throws SQLException {
        return rs.wasNull();
    }","/**
     * @return
     * @throws SQLException
     * @see java.sql.ResultSet#wasNull()
     */"
dbut_49_3,"    public void testGetBoolean_3_oe() throws SQLException {

        // removed other assertion
        // removed other assertion
        assertEquals(false, rs.getBoolean(""column""));
    }
",SqlNullCheckedResultSetTest::testGetBoolean_3_oe,org.apache.commons.dbutils.BaseResultSetHandler,getBoolean(int columnIndex),"/**
     * @param columnIndex
     * @return
     * @throws SQLException
     * @see java.sql.ResultSet#getBoolean(int)
     */","protected final boolean getBoolean(int columnIndex) throws SQLException {
        return rs.getBoolean(columnIndex);
    }","protected final boolean getBoolean(int columnIndex) throws SQLException {
        return rs.getBoolean(columnIndex);
    }","/**
     * @param columnIndex
     * @return
     * @throws SQLException
     * @see java.sql.ResultSet#getBoolean(int)
     */"
dbut_49_4,"    public void testGetBoolean_4_oe() throws SQLException {

        // removed other assertion
        // removed other assertion
        // removed other assertion
        assertTrue(rs.wasNull());
    }
",SqlNullCheckedResultSetTest::testGetBoolean_4_oe,org.apache.commons.dbutils.BaseResultSetHandler,wasNull(),"/**
     * @return
     * @throws SQLException
     * @see java.sql.ResultSet#wasNull()
     */","protected final boolean wasNull() throws SQLException {
        return rs.wasNull();
    }","protected final boolean wasNull() throws SQLException {
        return rs.wasNull();
    }","/**
     * @return
     * @throws SQLException
     * @see java.sql.ResultSet#wasNull()
     */"
dbut_49_5,"    public void testGetBoolean_5_oe() throws SQLException {

        // removed other assertion
        // removed other assertion
        // removed other assertion
        // removed other assertion
        // Set what gets returned to something other than the default
        rs2.setNullBoolean(true);
        assertEquals(true, rs.getBoolean(1));
    }
",SqlNullCheckedResultSetTest::testGetBoolean_5_oe,org.apache.commons.dbutils.BaseResultSetHandler,getBoolean(int columnIndex),"/**
     * @param columnIndex
     * @return
     * @throws SQLException
     * @see java.sql.ResultSet#getBoolean(int)
     */","protected final boolean getBoolean(int columnIndex) throws SQLException {
        return rs.getBoolean(columnIndex);
    }","protected final boolean getBoolean(int columnIndex) throws SQLException {
        return rs.getBoolean(columnIndex);
    }","/**
     * @param columnIndex
     * @return
     * @throws SQLException
     * @see java.sql.ResultSet#getBoolean(int)
     */"
dbut_49_6,"    public void testGetBoolean_6_oe() throws SQLException {

        // removed other assertion
        // removed other assertion
        // removed other assertion
        // removed other assertion
        // Set what gets returned to something other than the default
        rs2.setNullBoolean(true);
        // removed other assertion
        assertEquals(true, rs.getBoolean(""column""));
    }
",SqlNullCheckedResultSetTest::testGetBoolean_6_oe,org.apache.commons.dbutils.BaseResultSetHandler,getBoolean(int columnIndex),"/**
     * @param columnIndex
     * @return
     * @throws SQLException
     * @see java.sql.ResultSet#getBoolean(int)
     */","protected final boolean getBoolean(int columnIndex) throws SQLException {
        return rs.getBoolean(columnIndex);
    }","protected final boolean getBoolean(int columnIndex) throws SQLException {
        return rs.getBoolean(columnIndex);
    }","/**
     * @param columnIndex
     * @return
     * @throws SQLException
     * @see java.sql.ResultSet#getBoolean(int)
     */"
dbut_50_1,"    public void testGetByte_1_oe() throws SQLException {

        assertEquals((byte) 0, rs.getByte(1));
    }
",SqlNullCheckedResultSetTest::testGetByte_1_oe,org.apache.commons.dbutils.BaseResultSetHandler,getByte(int columnIndex),"/**
     * @param columnIndex
     * @return
     * @throws SQLException
     * @see java.sql.ResultSet#getByte(int)
     */","protected final byte getByte(int columnIndex) throws SQLException {
        return rs.getByte(columnIndex);
    }","protected final byte getByte(int columnIndex) throws SQLException {
        return rs.getByte(columnIndex);
    }","/**
     * @param columnIndex
     * @return
     * @throws SQLException
     * @see java.sql.ResultSet#getByte(int)
     */"
dbut_50_2,"    public void testGetByte_2_oe() throws SQLException {

        // removed other assertion
        assertTrue(rs.wasNull());
    }
",SqlNullCheckedResultSetTest::testGetByte_2_oe,org.apache.commons.dbutils.BaseResultSetHandler,wasNull(),"/**
     * @return
     * @throws SQLException
     * @see java.sql.ResultSet#wasNull()
     */","protected final boolean wasNull() throws SQLException {
        return rs.wasNull();
    }","protected final boolean wasNull() throws SQLException {
        return rs.wasNull();
    }","/**
     * @return
     * @throws SQLException
     * @see java.sql.ResultSet#wasNull()
     */"
dbut_50_3,"    public void testGetByte_3_oe() throws SQLException {

        // removed other assertion
        // removed other assertion
        assertEquals((byte) 0, rs.getByte(""column""));
    }
",SqlNullCheckedResultSetTest::testGetByte_3_oe,org.apache.commons.dbutils.BaseResultSetHandler,getByte(int columnIndex),"/**
     * @param columnIndex
     * @return
     * @throws SQLException
     * @see java.sql.ResultSet#getByte(int)
     */","protected final byte getByte(int columnIndex) throws SQLException {
        return rs.getByte(columnIndex);
    }","protected final byte getByte(int columnIndex) throws SQLException {
        return rs.getByte(columnIndex);
    }","/**
     * @param columnIndex
     * @return
     * @throws SQLException
     * @see java.sql.ResultSet#getByte(int)
     */"
dbut_50_4,"    public void testGetByte_4_oe() throws SQLException {

        // removed other assertion
        // removed other assertion
        // removed other assertion
        assertTrue(rs.wasNull());
    }
",SqlNullCheckedResultSetTest::testGetByte_4_oe,org.apache.commons.dbutils.BaseResultSetHandler,wasNull(),"/**
     * @return
     * @throws SQLException
     * @see java.sql.ResultSet#wasNull()
     */","protected final boolean wasNull() throws SQLException {
        return rs.wasNull();
    }","protected final boolean wasNull() throws SQLException {
        return rs.wasNull();
    }","/**
     * @return
     * @throws SQLException
     * @see java.sql.ResultSet#wasNull()
     */"
dbut_50_5,"    public void testGetByte_5_oe() throws SQLException {

        // removed other assertion
        // removed other assertion
        // removed other assertion
        // removed other assertion
        // Set what gets returned to something other than the default
        byte b = (byte) 10;
        rs2.setNullByte(b);
        assertEquals(b, rs.getByte(1));
    }
",SqlNullCheckedResultSetTest::testGetByte_5_oe,org.apache.commons.dbutils.BaseResultSetHandler,getByte(int columnIndex),"/**
     * @param columnIndex
     * @return
     * @throws SQLException
     * @see java.sql.ResultSet#getByte(int)
     */","protected final byte getByte(int columnIndex) throws SQLException {
        return rs.getByte(columnIndex);
    }","protected final byte getByte(int columnIndex) throws SQLException {
        return rs.getByte(columnIndex);
    }","/**
     * @param columnIndex
     * @return
     * @throws SQLException
     * @see java.sql.ResultSet#getByte(int)
     */"
dbut_50_6,"    public void testGetByte_6_oe() throws SQLException {

        // removed other assertion
        // removed other assertion
        // removed other assertion
        // removed other assertion
        // Set what gets returned to something other than the default
        byte b = (byte) 10;
        rs2.setNullByte(b);
        // removed other assertion
        assertEquals(b, rs.getByte(""column""));
    }
",SqlNullCheckedResultSetTest::testGetByte_6_oe,org.apache.commons.dbutils.BaseResultSetHandler,getByte(int columnIndex),"/**
     * @param columnIndex
     * @return
     * @throws SQLException
     * @see java.sql.ResultSet#getByte(int)
     */","protected final byte getByte(int columnIndex) throws SQLException {
        return rs.getByte(columnIndex);
    }","protected final byte getByte(int columnIndex) throws SQLException {
        return rs.getByte(columnIndex);
    }","/**
     * @param columnIndex
     * @return
     * @throws SQLException
     * @see java.sql.ResultSet#getByte(int)
     */"
dbut_51_1,"    public void testGetBytes_1_oe() throws SQLException {

        assertNull(rs.getBytes(1));
    }
",SqlNullCheckedResultSetTest::testGetBytes_1_oe,org.apache.commons.dbutils.BaseResultSetHandler,getBytes(int columnIndex),"/**
     * @param columnIndex
     * @return
     * @throws SQLException
     * @see java.sql.ResultSet#getBytes(int)
     */","protected final byte[] getBytes(int columnIndex) throws SQLException {
        return rs.getBytes(columnIndex);
    }","protected final byte[] getBytes(int columnIndex) throws SQLException {
        return rs.getBytes(columnIndex);
    }","/**
     * @param columnIndex
     * @return
     * @throws SQLException
     * @see java.sql.ResultSet#getBytes(int)
     */"
dbut_51_2,"    public void testGetBytes_2_oe() throws SQLException {

        // removed other assertion
        assertTrue(rs.wasNull());
    }
",SqlNullCheckedResultSetTest::testGetBytes_2_oe,org.apache.commons.dbutils.BaseResultSetHandler,wasNull(),"/**
     * @return
     * @throws SQLException
     * @see java.sql.ResultSet#wasNull()
     */","protected final boolean wasNull() throws SQLException {
        return rs.wasNull();
    }","protected final boolean wasNull() throws SQLException {
        return rs.wasNull();
    }","/**
     * @return
     * @throws SQLException
     * @see java.sql.ResultSet#wasNull()
     */"
dbut_51_3,"    public void testGetBytes_3_oe() throws SQLException {

        // removed other assertion
        // removed other assertion
        assertNull(rs.getBytes(""column""));
    }
",SqlNullCheckedResultSetTest::testGetBytes_3_oe,org.apache.commons.dbutils.BaseResultSetHandler,getBytes(int columnIndex),"/**
     * @param columnIndex
     * @return
     * @throws SQLException
     * @see java.sql.ResultSet#getBytes(int)
     */","protected final byte[] getBytes(int columnIndex) throws SQLException {
        return rs.getBytes(columnIndex);
    }","protected final byte[] getBytes(int columnIndex) throws SQLException {
        return rs.getBytes(columnIndex);
    }","/**
     * @param columnIndex
     * @return
     * @throws SQLException
     * @see java.sql.ResultSet#getBytes(int)
     */"
dbut_51_4,"    public void testGetBytes_4_oe() throws SQLException {

        // removed other assertion
        // removed other assertion
        // removed other assertion
        assertTrue(rs.wasNull());
    }
",SqlNullCheckedResultSetTest::testGetBytes_4_oe,org.apache.commons.dbutils.BaseResultSetHandler,wasNull(),"/**
     * @return
     * @throws SQLException
     * @see java.sql.ResultSet#wasNull()
     */","protected final boolean wasNull() throws SQLException {
        return rs.wasNull();
    }","protected final boolean wasNull() throws SQLException {
        return rs.wasNull();
    }","/**
     * @return
     * @throws SQLException
     * @see java.sql.ResultSet#wasNull()
     */"
dbut_51_5,"    public void testGetBytes_5_oe() throws SQLException {

        // removed other assertion
        // removed other assertion
        // removed other assertion
        // removed other assertion
        // Set what gets returned to something other than the default
        byte[] b = new byte[5];
        for (int i = 0; i < 5; i++) {
            b[0] = (byte) i;
        }
        rs2.setNullBytes(b);
        assertNotNull(rs.getBytes(1));
    }
",SqlNullCheckedResultSetTest::testGetBytes_5_oe,org.apache.commons.dbutils.BaseResultSetHandler,getBytes(int columnIndex),"/**
     * @param columnIndex
     * @return
     * @throws SQLException
     * @see java.sql.ResultSet#getBytes(int)
     */","protected final byte[] getBytes(int columnIndex) throws SQLException {
        return rs.getBytes(columnIndex);
    }","protected final byte[] getBytes(int columnIndex) throws SQLException {
        return rs.getBytes(columnIndex);
    }","/**
     * @param columnIndex
     * @return
     * @throws SQLException
     * @see java.sql.ResultSet#getBytes(int)
     */"
dbut_51_6,"    public void testGetBytes_6_oe() throws SQLException {

        // removed other assertion
        // removed other assertion
        // removed other assertion
        // removed other assertion
        // Set what gets returned to something other than the default
        byte[] b = new byte[5];
        for (int i = 0; i < 5; i++) {
            b[0] = (byte) i;
        }
        rs2.setNullBytes(b);
        // removed other assertion
        assertArrayEquals(b, rs.getBytes(1));
    }
",SqlNullCheckedResultSetTest::testGetBytes_6_oe,org.apache.commons.dbutils.BaseResultSetHandler,getBytes(int columnIndex),"/**
     * @param columnIndex
     * @return
     * @throws SQLException
     * @see java.sql.ResultSet#getBytes(int)
     */","protected final byte[] getBytes(int columnIndex) throws SQLException {
        return rs.getBytes(columnIndex);
    }","protected final byte[] getBytes(int columnIndex) throws SQLException {
        return rs.getBytes(columnIndex);
    }","/**
     * @param columnIndex
     * @return
     * @throws SQLException
     * @see java.sql.ResultSet#getBytes(int)
     */"
dbut_51_7,"    public void testGetBytes_7_oe() throws SQLException {

        // removed other assertion
        // removed other assertion
        // removed other assertion
        // removed other assertion
        // Set what gets returned to something other than the default
        byte[] b = new byte[5];
        for (int i = 0; i < 5; i++) {
            b[0] = (byte) i;
        }
        rs2.setNullBytes(b);
        // removed other assertion
        // removed other assertion
        assertNotNull(rs.getBytes(""column""));
    }
",SqlNullCheckedResultSetTest::testGetBytes_7_oe,org.apache.commons.dbutils.BaseResultSetHandler,getBytes(int columnIndex),"/**
     * @param columnIndex
     * @return
     * @throws SQLException
     * @see java.sql.ResultSet#getBytes(int)
     */","protected final byte[] getBytes(int columnIndex) throws SQLException {
        return rs.getBytes(columnIndex);
    }","protected final byte[] getBytes(int columnIndex) throws SQLException {
        return rs.getBytes(columnIndex);
    }","/**
     * @param columnIndex
     * @return
     * @throws SQLException
     * @see java.sql.ResultSet#getBytes(int)
     */"
dbut_51_8,"    public void testGetBytes_8_oe() throws SQLException {

        // removed other assertion
        // removed other assertion
        // removed other assertion
        // removed other assertion
        // Set what gets returned to something other than the default
        byte[] b = new byte[5];
        for (int i = 0; i < 5; i++) {
            b[0] = (byte) i;
        }
        rs2.setNullBytes(b);
        // removed other assertion
        // removed other assertion
        // removed other assertion
        assertArrayEquals(b, rs.getBytes(""column""));
    }
",SqlNullCheckedResultSetTest::testGetBytes_8_oe,org.apache.commons.dbutils.BaseResultSetHandler,getBytes(int columnIndex),"/**
     * @param columnIndex
     * @return
     * @throws SQLException
     * @see java.sql.ResultSet#getBytes(int)
     */","protected final byte[] getBytes(int columnIndex) throws SQLException {
        return rs.getBytes(columnIndex);
    }","protected final byte[] getBytes(int columnIndex) throws SQLException {
        return rs.getBytes(columnIndex);
    }","/**
     * @param columnIndex
     * @return
     * @throws SQLException
     * @see java.sql.ResultSet#getBytes(int)
     */"
dbut_52_1,"    public void testGetCharacterStream_1_oe() throws SQLException {

        assertNull(rs.getCharacterStream(1));
    }
",SqlNullCheckedResultSetTest::testGetCharacterStream_1_oe,org.apache.commons.dbutils.BaseResultSetHandler,getCharacterStream(int columnIndex),"/**
     * @param columnIndex
     * @return
     * @throws SQLException
     * @see java.sql.ResultSet#getCharacterStream(int)
     */","protected final Reader getCharacterStream(int columnIndex) throws SQLException {
        return rs.getCharacterStream(columnIndex);
    }","protected final Reader getCharacterStream(int columnIndex) throws SQLException {
        return rs.getCharacterStream(columnIndex);
    }","/**
     * @param columnIndex
     * @return
     * @throws SQLException
     * @see java.sql.ResultSet#getCharacterStream(int)
     */"
dbut_52_2,"    public void testGetCharacterStream_2_oe() throws SQLException {

        // removed other assertion
        assertTrue(rs.wasNull());
    }
",SqlNullCheckedResultSetTest::testGetCharacterStream_2_oe,org.apache.commons.dbutils.BaseResultSetHandler,wasNull(),"/**
     * @return
     * @throws SQLException
     * @see java.sql.ResultSet#wasNull()
     */","protected final boolean wasNull() throws SQLException {
        return rs.wasNull();
    }","protected final boolean wasNull() throws SQLException {
        return rs.wasNull();
    }","/**
     * @return
     * @throws SQLException
     * @see java.sql.ResultSet#wasNull()
     */"
dbut_52_3,"    public void testGetCharacterStream_3_oe() throws SQLException {

        // removed other assertion
        // removed other assertion
        assertNull(rs.getCharacterStream(""column""));
    }
",SqlNullCheckedResultSetTest::testGetCharacterStream_3_oe,org.apache.commons.dbutils.BaseResultSetHandler,getCharacterStream(int columnIndex),"/**
     * @param columnIndex
     * @return
     * @throws SQLException
     * @see java.sql.ResultSet#getCharacterStream(int)
     */","protected final Reader getCharacterStream(int columnIndex) throws SQLException {
        return rs.getCharacterStream(columnIndex);
    }","protected final Reader getCharacterStream(int columnIndex) throws SQLException {
        return rs.getCharacterStream(columnIndex);
    }","/**
     * @param columnIndex
     * @return
     * @throws SQLException
     * @see java.sql.ResultSet#getCharacterStream(int)
     */"
dbut_52_4,"    public void testGetCharacterStream_4_oe() throws SQLException {

        // removed other assertion
        // removed other assertion
        // removed other assertion
        assertTrue(rs.wasNull());
    }
",SqlNullCheckedResultSetTest::testGetCharacterStream_4_oe,org.apache.commons.dbutils.BaseResultSetHandler,wasNull(),"/**
     * @return
     * @throws SQLException
     * @see java.sql.ResultSet#wasNull()
     */","protected final boolean wasNull() throws SQLException {
        return rs.wasNull();
    }","protected final boolean wasNull() throws SQLException {
        return rs.wasNull();
    }","/**
     * @return
     * @throws SQLException
     * @see java.sql.ResultSet#wasNull()
     */"
dbut_52_5,"    public void testGetCharacterStream_5_oe() throws SQLException {

        // removed other assertion
        // removed other assertion
        // removed other assertion
        // removed other assertion
        // Set what gets returned to something other than the default
        Reader reader = new CharArrayReader(""this is a string"".toCharArray());
        rs2.setNullCharacterStream(reader);
        assertNotNull(rs.getCharacterStream(1));
    }
",SqlNullCheckedResultSetTest::testGetCharacterStream_5_oe,org.apache.commons.dbutils.BaseResultSetHandler,getCharacterStream(int columnIndex),"/**
     * @param columnIndex
     * @return
     * @throws SQLException
     * @see java.sql.ResultSet#getCharacterStream(int)
     */","protected final Reader getCharacterStream(int columnIndex) throws SQLException {
        return rs.getCharacterStream(columnIndex);
    }","protected final Reader getCharacterStream(int columnIndex) throws SQLException {
        return rs.getCharacterStream(columnIndex);
    }","/**
     * @param columnIndex
     * @return
     * @throws SQLException
     * @see java.sql.ResultSet#getCharacterStream(int)
     */"
dbut_52_6,"    public void testGetCharacterStream_6_oe() throws SQLException {

        // removed other assertion
        // removed other assertion
        // removed other assertion
        // removed other assertion
        // Set what gets returned to something other than the default
        Reader reader = new CharArrayReader(""this is a string"".toCharArray());
        rs2.setNullCharacterStream(reader);
        // removed other assertion
        assertEquals(reader, rs.getCharacterStream(1));
    }
",SqlNullCheckedResultSetTest::testGetCharacterStream_6_oe,org.apache.commons.dbutils.BaseResultSetHandler,getCharacterStream(int columnIndex),"/**
     * @param columnIndex
     * @return
     * @throws SQLException
     * @see java.sql.ResultSet#getCharacterStream(int)
     */","protected final Reader getCharacterStream(int columnIndex) throws SQLException {
        return rs.getCharacterStream(columnIndex);
    }","protected final Reader getCharacterStream(int columnIndex) throws SQLException {
        return rs.getCharacterStream(columnIndex);
    }","/**
     * @param columnIndex
     * @return
     * @throws SQLException
     * @see java.sql.ResultSet#getCharacterStream(int)
     */"
dbut_52_7,"    public void testGetCharacterStream_7_oe() throws SQLException {

        // removed other assertion
        // removed other assertion
        // removed other assertion
        // removed other assertion
        // Set what gets returned to something other than the default
        Reader reader = new CharArrayReader(""this is a string"".toCharArray());
        rs2.setNullCharacterStream(reader);
        // removed other assertion
        // removed other assertion
        assertNotNull(rs.getCharacterStream(""column""));
    }
",SqlNullCheckedResultSetTest::testGetCharacterStream_7_oe,org.apache.commons.dbutils.BaseResultSetHandler,getCharacterStream(int columnIndex),"/**
     * @param columnIndex
     * @return
     * @throws SQLException
     * @see java.sql.ResultSet#getCharacterStream(int)
     */","protected final Reader getCharacterStream(int columnIndex) throws SQLException {
        return rs.getCharacterStream(columnIndex);
    }","protected final Reader getCharacterStream(int columnIndex) throws SQLException {
        return rs.getCharacterStream(columnIndex);
    }","/**
     * @param columnIndex
     * @return
     * @throws SQLException
     * @see java.sql.ResultSet#getCharacterStream(int)
     */"
dbut_52_8,"    public void testGetCharacterStream_8_oe() throws SQLException {

        // removed other assertion
        // removed other assertion
        // removed other assertion
        // removed other assertion
        // Set what gets returned to something other than the default
        Reader reader = new CharArrayReader(""this is a string"".toCharArray());
        rs2.setNullCharacterStream(reader);
        // removed other assertion
        // removed other assertion
        // removed other assertion
        assertEquals(reader, rs.getCharacterStream(""column""));
    }
",SqlNullCheckedResultSetTest::testGetCharacterStream_8_oe,org.apache.commons.dbutils.BaseResultSetHandler,getCharacterStream(int columnIndex),"/**
     * @param columnIndex
     * @return
     * @throws SQLException
     * @see java.sql.ResultSet#getCharacterStream(int)
     */","protected final Reader getCharacterStream(int columnIndex) throws SQLException {
        return rs.getCharacterStream(columnIndex);
    }","protected final Reader getCharacterStream(int columnIndex) throws SQLException {
        return rs.getCharacterStream(columnIndex);
    }","/**
     * @param columnIndex
     * @return
     * @throws SQLException
     * @see java.sql.ResultSet#getCharacterStream(int)
     */"
dbut_53_1,"    public void testGetClob_1_oe() throws SQLException {

        assertNull(rs.getClob(1));
    }
",SqlNullCheckedResultSetTest::testGetClob_1_oe,org.apache.commons.dbutils.BaseResultSetHandler,getClob(int columnIndex),"/**
     * @param columnIndex
     * @return
     * @throws SQLException
     * @see java.sql.ResultSet#getClob(int)
     */","protected final Clob getClob(int columnIndex) throws SQLException {
        return rs.getClob(columnIndex);
    }","protected final Clob getClob(int columnIndex) throws SQLException {
        return rs.getClob(columnIndex);
    }","/**
     * @param columnIndex
     * @return
     * @throws SQLException
     * @see java.sql.ResultSet#getClob(int)
     */"
dbut_53_2,"    public void testGetClob_2_oe() throws SQLException {

        // removed other assertion
        assertTrue(rs.wasNull());
    }
",SqlNullCheckedResultSetTest::testGetClob_2_oe,org.apache.commons.dbutils.BaseResultSetHandler,wasNull(),"/**
     * @return
     * @throws SQLException
     * @see java.sql.ResultSet#wasNull()
     */","protected final boolean wasNull() throws SQLException {
        return rs.wasNull();
    }","protected final boolean wasNull() throws SQLException {
        return rs.wasNull();
    }","/**
     * @return
     * @throws SQLException
     * @see java.sql.ResultSet#wasNull()
     */"
dbut_53_3,"    public void testGetClob_3_oe() throws SQLException {

        // removed other assertion
        // removed other assertion
        assertNull(rs.getClob(""column""));
    }
",SqlNullCheckedResultSetTest::testGetClob_3_oe,org.apache.commons.dbutils.BaseResultSetHandler,getClob(int columnIndex),"/**
     * @param columnIndex
     * @return
     * @throws SQLException
     * @see java.sql.ResultSet#getClob(int)
     */","protected final Clob getClob(int columnIndex) throws SQLException {
        return rs.getClob(columnIndex);
    }","protected final Clob getClob(int columnIndex) throws SQLException {
        return rs.getClob(columnIndex);
    }","/**
     * @param columnIndex
     * @return
     * @throws SQLException
     * @see java.sql.ResultSet#getClob(int)
     */"
dbut_53_4,"    public void testGetClob_4_oe() throws SQLException {

        // removed other assertion
        // removed other assertion
        // removed other assertion
        assertTrue(rs.wasNull());
    }
",SqlNullCheckedResultSetTest::testGetClob_4_oe,org.apache.commons.dbutils.BaseResultSetHandler,wasNull(),"/**
     * @return
     * @throws SQLException
     * @see java.sql.ResultSet#wasNull()
     */","protected final boolean wasNull() throws SQLException {
        return rs.wasNull();
    }","protected final boolean wasNull() throws SQLException {
        return rs.wasNull();
    }","/**
     * @return
     * @throws SQLException
     * @see java.sql.ResultSet#wasNull()
     */"
dbut_53_5,"    public void testGetClob_5_oe() throws SQLException {

        // removed other assertion
        // removed other assertion
        // removed other assertion
        // removed other assertion
        // Set what gets returned to something other than the default
        Clob clob = new SqlNullCheckedResultSetMockClob();
        rs2.setNullClob(clob);
        assertNotNull(rs.getClob(1));
    }
",SqlNullCheckedResultSetTest::testGetClob_5_oe,org.apache.commons.dbutils.BaseResultSetHandler,getClob(int columnIndex),"/**
     * @param columnIndex
     * @return
     * @throws SQLException
     * @see java.sql.ResultSet#getClob(int)
     */","protected final Clob getClob(int columnIndex) throws SQLException {
        return rs.getClob(columnIndex);
    }","protected final Clob getClob(int columnIndex) throws SQLException {
        return rs.getClob(columnIndex);
    }","/**
     * @param columnIndex
     * @return
     * @throws SQLException
     * @see java.sql.ResultSet#getClob(int)
     */"
dbut_53_6,"    public void testGetClob_6_oe() throws SQLException {

        // removed other assertion
        // removed other assertion
        // removed other assertion
        // removed other assertion
        // Set what gets returned to something other than the default
        Clob clob = new SqlNullCheckedResultSetMockClob();
        rs2.setNullClob(clob);
        // removed other assertion
        assertEquals(clob, rs.getClob(1));
    }
",SqlNullCheckedResultSetTest::testGetClob_6_oe,org.apache.commons.dbutils.BaseResultSetHandler,getClob(int columnIndex),"/**
     * @param columnIndex
     * @return
     * @throws SQLException
     * @see java.sql.ResultSet#getClob(int)
     */","protected final Clob getClob(int columnIndex) throws SQLException {
        return rs.getClob(columnIndex);
    }","protected final Clob getClob(int columnIndex) throws SQLException {
        return rs.getClob(columnIndex);
    }","/**
     * @param columnIndex
     * @return
     * @throws SQLException
     * @see java.sql.ResultSet#getClob(int)
     */"
dbut_53_7,"    public void testGetClob_7_oe() throws SQLException {

        // removed other assertion
        // removed other assertion
        // removed other assertion
        // removed other assertion
        // Set what gets returned to something other than the default
        Clob clob = new SqlNullCheckedResultSetMockClob();
        rs2.setNullClob(clob);
        // removed other assertion
        // removed other assertion
        assertNotNull(rs.getClob(""column""));
    }
",SqlNullCheckedResultSetTest::testGetClob_7_oe,org.apache.commons.dbutils.BaseResultSetHandler,getClob(int columnIndex),"/**
     * @param columnIndex
     * @return
     * @throws SQLException
     * @see java.sql.ResultSet#getClob(int)
     */","protected final Clob getClob(int columnIndex) throws SQLException {
        return rs.getClob(columnIndex);
    }","protected final Clob getClob(int columnIndex) throws SQLException {
        return rs.getClob(columnIndex);
    }","/**
     * @param columnIndex
     * @return
     * @throws SQLException
     * @see java.sql.ResultSet#getClob(int)
     */"
dbut_53_8,"    public void testGetClob_8_oe() throws SQLException {

        // removed other assertion
        // removed other assertion
        // removed other assertion
        // removed other assertion
        // Set what gets returned to something other than the default
        Clob clob = new SqlNullCheckedResultSetMockClob();
        rs2.setNullClob(clob);
        // removed other assertion
        // removed other assertion
        // removed other assertion
        assertEquals(clob, rs.getClob(""column""));
    }
",SqlNullCheckedResultSetTest::testGetClob_8_oe,org.apache.commons.dbutils.BaseResultSetHandler,getClob(int columnIndex),"/**
     * @param columnIndex
     * @return
     * @throws SQLException
     * @see java.sql.ResultSet#getClob(int)
     */","protected final Clob getClob(int columnIndex) throws SQLException {
        return rs.getClob(columnIndex);
    }","protected final Clob getClob(int columnIndex) throws SQLException {
        return rs.getClob(columnIndex);
    }","/**
     * @param columnIndex
     * @return
     * @throws SQLException
     * @see java.sql.ResultSet#getClob(int)
     */"
dbut_54_1,"    public void testGetDate_1_oe() throws SQLException {

        assertNull(rs.getDate(1));
    }
",SqlNullCheckedResultSetTest::testGetDate_1_oe,org.apache.commons.dbutils.BaseResultSetHandler,"getDate(int columnIndex, Calendar cal)","/**
     * @param columnIndex
     * @param cal
     * @return
     * @throws SQLException
     * @see java.sql.ResultSet#getDate(int, java.util.Calendar)
     */","protected final Date getDate(int columnIndex, Calendar cal) throws SQLException {
        return rs.getDate(columnIndex, cal);
    }","protected final Date getDate(int columnIndex, Calendar cal) throws SQLException {
        return rs.getDate(columnIndex, cal);
    }","/**
     * @param columnIndex
     * @param cal
     * @return
     * @throws SQLException
     * @see java.sql.ResultSet#getDate(int, java.util.Calendar)
     */"
dbut_54_2,"    public void testGetDate_2_oe() throws SQLException {

        // removed other assertion
        assertTrue(rs.wasNull());
    }
",SqlNullCheckedResultSetTest::testGetDate_2_oe,org.apache.commons.dbutils.BaseResultSetHandler,wasNull(),"/**
     * @return
     * @throws SQLException
     * @see java.sql.ResultSet#wasNull()
     */","protected final boolean wasNull() throws SQLException {
        return rs.wasNull();
    }","protected final boolean wasNull() throws SQLException {
        return rs.wasNull();
    }","/**
     * @return
     * @throws SQLException
     * @see java.sql.ResultSet#wasNull()
     */"
dbut_54_3,"    public void testGetDate_3_oe() throws SQLException {

        // removed other assertion
        // removed other assertion
        assertNull(rs.getDate(""column""));
    }
",SqlNullCheckedResultSetTest::testGetDate_3_oe,org.apache.commons.dbutils.BaseResultSetHandler,"getDate(int columnIndex, Calendar cal)","/**
     * @param columnIndex
     * @param cal
     * @return
     * @throws SQLException
     * @see java.sql.ResultSet#getDate(int, java.util.Calendar)
     */","protected final Date getDate(int columnIndex, Calendar cal) throws SQLException {
        return rs.getDate(columnIndex, cal);
    }","protected final Date getDate(int columnIndex, Calendar cal) throws SQLException {
        return rs.getDate(columnIndex, cal);
    }","/**
     * @param columnIndex
     * @param cal
     * @return
     * @throws SQLException
     * @see java.sql.ResultSet#getDate(int, java.util.Calendar)
     */"
dbut_54_4,"    public void testGetDate_4_oe() throws SQLException {

        // removed other assertion
        // removed other assertion
        // removed other assertion
        assertTrue(rs.wasNull());
    }
",SqlNullCheckedResultSetTest::testGetDate_4_oe,org.apache.commons.dbutils.BaseResultSetHandler,wasNull(),"/**
     * @return
     * @throws SQLException
     * @see java.sql.ResultSet#wasNull()
     */","protected final boolean wasNull() throws SQLException {
        return rs.wasNull();
    }","protected final boolean wasNull() throws SQLException {
        return rs.wasNull();
    }","/**
     * @return
     * @throws SQLException
     * @see java.sql.ResultSet#wasNull()
     */"
dbut_54_5,"    public void testGetDate_5_oe() throws SQLException {

        // removed other assertion
        // removed other assertion
        // removed other assertion
        // removed other assertion
        assertNull(rs.getDate(1, Calendar.getInstance()));
    }
",SqlNullCheckedResultSetTest::testGetDate_5_oe,org.apache.commons.dbutils.BaseResultSetHandler,"getDate(int columnIndex, Calendar cal)","/**
     * @param columnIndex
     * @param cal
     * @return
     * @throws SQLException
     * @see java.sql.ResultSet#getDate(int, java.util.Calendar)
     */","protected final Date getDate(int columnIndex, Calendar cal) throws SQLException {
        return rs.getDate(columnIndex, cal);
    }",,
dbut_54_6,"    public void testGetDate_6_oe() throws SQLException {

        // removed other assertion
        // removed other assertion
        // removed other assertion
        // removed other assertion
        // removed other assertion
        assertTrue(rs.wasNull());
    }
",SqlNullCheckedResultSetTest::testGetDate_6_oe,org.apache.commons.dbutils.BaseResultSetHandler,wasNull(),"/**
     * @return
     * @throws SQLException
     * @see java.sql.ResultSet#wasNull()
     */","protected final boolean wasNull() throws SQLException {
        return rs.wasNull();
    }","protected final boolean wasNull() throws SQLException {
        return rs.wasNull();
    }","/**
     * @return
     * @throws SQLException
     * @see java.sql.ResultSet#wasNull()
     */"
dbut_54_7,"    public void testGetDate_7_oe() throws SQLException {

        // removed other assertion
        // removed other assertion
        // removed other assertion
        // removed other assertion
        // removed other assertion
        // removed other assertion
        assertNull(rs.getDate(""column"", Calendar.getInstance()));
    }
",SqlNullCheckedResultSetTest::testGetDate_7_oe,org.apache.commons.dbutils.BaseResultSetHandler,"getDate(int columnIndex, Calendar cal)","/**
     * @param columnIndex
     * @param cal
     * @return
     * @throws SQLException
     * @see java.sql.ResultSet#getDate(int, java.util.Calendar)
     */","protected final Date getDate(int columnIndex, Calendar cal) throws SQLException {
        return rs.getDate(columnIndex, cal);
    }",,
dbut_54_8,"    public void testGetDate_8_oe() throws SQLException {

        // removed other assertion
        // removed other assertion
        // removed other assertion
        // removed other assertion
        // removed other assertion
        // removed other assertion
        // removed other assertion
        assertTrue(rs.wasNull());
    }
",SqlNullCheckedResultSetTest::testGetDate_8_oe,org.apache.commons.dbutils.BaseResultSetHandler,wasNull(),"/**
     * @return
     * @throws SQLException
     * @see java.sql.ResultSet#wasNull()
     */","protected final boolean wasNull() throws SQLException {
        return rs.wasNull();
    }","protected final boolean wasNull() throws SQLException {
        return rs.wasNull();
    }","/**
     * @return
     * @throws SQLException
     * @see java.sql.ResultSet#wasNull()
     */"
dbut_54_9,"    public void testGetDate_9_oe() throws SQLException {

        // removed other assertion
        // removed other assertion
        // removed other assertion
        // removed other assertion
        // removed other assertion
        // removed other assertion
        // removed other assertion
        // removed other assertion
        // Set what gets returned to something other than the default
        java.sql.Date date = new java.sql.Date(new java.util.Date().getTime());
        rs2.setNullDate(date);
        assertNotNull(rs.getDate(1));
    }
",SqlNullCheckedResultSetTest::testGetDate_9_oe,org.apache.commons.dbutils.BaseResultSetHandler,"getDate(int columnIndex, Calendar cal)","/**
     * @param columnIndex
     * @param cal
     * @return
     * @throws SQLException
     * @see java.sql.ResultSet#getDate(int, java.util.Calendar)
     */","protected final Date getDate(int columnIndex, Calendar cal) throws SQLException {
        return rs.getDate(columnIndex, cal);
    }","protected final Date getDate(int columnIndex, Calendar cal) throws SQLException {
        return rs.getDate(columnIndex, cal);
    }","/**
     * @param columnIndex
     * @param cal
     * @return
     * @throws SQLException
     * @see java.sql.ResultSet#getDate(int, java.util.Calendar)
     */"
dbut_54_10,"    public void testGetDate_10_oe() throws SQLException {

        // removed other assertion
        // removed other assertion
        // removed other assertion
        // removed other assertion
        // removed other assertion
        // removed other assertion
        // removed other assertion
        // removed other assertion
        // Set what gets returned to something other than the default
        java.sql.Date date = new java.sql.Date(new java.util.Date().getTime());
        rs2.setNullDate(date);
        // removed other assertion
        assertEquals(date, rs.getDate(1));
    }
",SqlNullCheckedResultSetTest::testGetDate_10_oe,org.apache.commons.dbutils.BaseResultSetHandler,"getDate(int columnIndex, Calendar cal)","/**
     * @param columnIndex
     * @param cal
     * @return
     * @throws SQLException
     * @see java.sql.ResultSet#getDate(int, java.util.Calendar)
     */","protected final Date getDate(int columnIndex, Calendar cal) throws SQLException {
        return rs.getDate(columnIndex, cal);
    }","protected final Date getDate(int columnIndex, Calendar cal) throws SQLException {
        return rs.getDate(columnIndex, cal);
    }","/**
     * @param columnIndex
     * @param cal
     * @return
     * @throws SQLException
     * @see java.sql.ResultSet#getDate(int, java.util.Calendar)
     */"
dbut_54_11,"    public void testGetDate_11_oe() throws SQLException {

        // removed other assertion
        // removed other assertion
        // removed other assertion
        // removed other assertion
        // removed other assertion
        // removed other assertion
        // removed other assertion
        // removed other assertion
        // Set what gets returned to something other than the default
        java.sql.Date date = new java.sql.Date(new java.util.Date().getTime());
        rs2.setNullDate(date);
        // removed other assertion
        // removed other assertion
        assertNotNull(rs.getDate(""column""));
    }
",SqlNullCheckedResultSetTest::testGetDate_11_oe,org.apache.commons.dbutils.BaseResultSetHandler,"getDate(int columnIndex, Calendar cal)","/**
     * @param columnIndex
     * @param cal
     * @return
     * @throws SQLException
     * @see java.sql.ResultSet#getDate(int, java.util.Calendar)
     */","protected final Date getDate(int columnIndex, Calendar cal) throws SQLException {
        return rs.getDate(columnIndex, cal);
    }","protected final Date getDate(int columnIndex, Calendar cal) throws SQLException {
        return rs.getDate(columnIndex, cal);
    }","/**
     * @param columnIndex
     * @param cal
     * @return
     * @throws SQLException
     * @see java.sql.ResultSet#getDate(int, java.util.Calendar)
     */"
dbut_54_12,"    public void testGetDate_12_oe() throws SQLException {

        // removed other assertion
        // removed other assertion
        // removed other assertion
        // removed other assertion
        // removed other assertion
        // removed other assertion
        // removed other assertion
        // removed other assertion
        // Set what gets returned to something other than the default
        java.sql.Date date = new java.sql.Date(new java.util.Date().getTime());
        rs2.setNullDate(date);
        // removed other assertion
        // removed other assertion
        // removed other assertion
        assertEquals(date, rs.getDate(""column""));
    }
",SqlNullCheckedResultSetTest::testGetDate_12_oe,org.apache.commons.dbutils.BaseResultSetHandler,"getDate(int columnIndex, Calendar cal)","/**
     * @param columnIndex
     * @param cal
     * @return
     * @throws SQLException
     * @see java.sql.ResultSet#getDate(int, java.util.Calendar)
     */","protected final Date getDate(int columnIndex, Calendar cal) throws SQLException {
        return rs.getDate(columnIndex, cal);
    }","protected final Date getDate(int columnIndex, Calendar cal) throws SQLException {
        return rs.getDate(columnIndex, cal);
    }","/**
     * @param columnIndex
     * @param cal
     * @return
     * @throws SQLException
     * @see java.sql.ResultSet#getDate(int, java.util.Calendar)
     */"
dbut_54_13,"    public void testGetDate_13_oe() throws SQLException {

        // removed other assertion
        // removed other assertion
        // removed other assertion
        // removed other assertion
        // removed other assertion
        // removed other assertion
        // removed other assertion
        // removed other assertion
        // Set what gets returned to something other than the default
        java.sql.Date date = new java.sql.Date(new java.util.Date().getTime());
        rs2.setNullDate(date);
        // removed other assertion
        // removed other assertion
        // removed other assertion
        // removed other assertion
        assertNotNull(rs.getDate(1, Calendar.getInstance()));
    }
",SqlNullCheckedResultSetTest::testGetDate_13_oe,org.apache.commons.dbutils.BaseResultSetHandler,"getDate(int columnIndex, Calendar cal)","/**
     * @param columnIndex
     * @param cal
     * @return
     * @throws SQLException
     * @see java.sql.ResultSet#getDate(int, java.util.Calendar)
     */","protected final Date getDate(int columnIndex, Calendar cal) throws SQLException {
        return rs.getDate(columnIndex, cal);
    }","public void setNullDate(Date nullDate) {
        this.nullDate = nullDate != null ? new Date(nullDate.getTime()) : null;
    }","/**
     * Sets the value to return when a SQL null is encountered as the result of
     * invoking a <code>getDate</code> method.
     *
     * @param nullDate the value
     */"
dbut_54_14,"    public void testGetDate_14_oe() throws SQLException {

        // removed other assertion
        // removed other assertion
        // removed other assertion
        // removed other assertion
        // removed other assertion
        // removed other assertion
        // removed other assertion
        // removed other assertion
        // Set what gets returned to something other than the default
        java.sql.Date date = new java.sql.Date(new java.util.Date().getTime());
        rs2.setNullDate(date);
        // removed other assertion
        // removed other assertion
        // removed other assertion
        // removed other assertion
        // removed other assertion
        assertEquals(date, rs.getDate(1, Calendar.getInstance()));
    }
",SqlNullCheckedResultSetTest::testGetDate_14_oe,org.apache.commons.dbutils.BaseResultSetHandler,"getDate(int columnIndex, Calendar cal)","/**
     * @param columnIndex
     * @param cal
     * @return
     * @throws SQLException
     * @see java.sql.ResultSet#getDate(int, java.util.Calendar)
     */","protected final Date getDate(int columnIndex, Calendar cal) throws SQLException {
        return rs.getDate(columnIndex, cal);
    }","protected final Date getDate(int columnIndex, Calendar cal) throws SQLException {
        return rs.getDate(columnIndex, cal);
    }","/**
     * @param columnIndex
     * @param cal
     * @return
     * @throws SQLException
     * @see java.sql.ResultSet#getDate(int, java.util.Calendar)
     */"
dbut_54_15,"    public void testGetDate_15_oe() throws SQLException {

        // removed other assertion
        // removed other assertion
        // removed other assertion
        // removed other assertion
        // removed other assertion
        // removed other assertion
        // removed other assertion
        // removed other assertion
        // Set what gets returned to something other than the default
        java.sql.Date date = new java.sql.Date(new java.util.Date().getTime());
        rs2.setNullDate(date);
        // removed other assertion
        // removed other assertion
        // removed other assertion
        // removed other assertion
        // removed other assertion
        // removed other assertion
        assertNotNull(rs.getDate(""column"", Calendar.getInstance()));
    }
",SqlNullCheckedResultSetTest::testGetDate_15_oe,org.apache.commons.dbutils.BaseResultSetHandler,"getDate(int columnIndex, Calendar cal)","/**
     * @param columnIndex
     * @param cal
     * @return
     * @throws SQLException
     * @see java.sql.ResultSet#getDate(int, java.util.Calendar)
     */","protected final Date getDate(int columnIndex, Calendar cal) throws SQLException {
        return rs.getDate(columnIndex, cal);
    }","public void setNullDate(Date nullDate) {
        this.nullDate = nullDate != null ? new Date(nullDate.getTime()) : null;
    }","/**
     * Sets the value to return when a SQL null is encountered as the result of
     * invoking a <code>getDate</code> method.
     *
     * @param nullDate the value
     */"
dbut_54_16,"    public void testGetDate_16_oe() throws SQLException {

        // removed other assertion
        // removed other assertion
        // removed other assertion
        // removed other assertion
        // removed other assertion
        // removed other assertion
        // removed other assertion
        // removed other assertion
        // Set what gets returned to something other than the default
        java.sql.Date date = new java.sql.Date(new java.util.Date().getTime());
        rs2.setNullDate(date);
        // removed other assertion
        // removed other assertion
        // removed other assertion
        // removed other assertion
        // removed other assertion
        // removed other assertion
        // removed other assertion
        assertEquals(date, rs.getDate(""column"", Calendar.getInstance()));
    }
",SqlNullCheckedResultSetTest::testGetDate_16_oe,org.apache.commons.dbutils.BaseResultSetHandler,"getDate(int columnIndex, Calendar cal)","/**
     * @param columnIndex
     * @param cal
     * @return
     * @throws SQLException
     * @see java.sql.ResultSet#getDate(int, java.util.Calendar)
     */","protected final Date getDate(int columnIndex, Calendar cal) throws SQLException {
        return rs.getDate(columnIndex, cal);
    }","protected final Date getDate(int columnIndex, Calendar cal) throws SQLException {
        return rs.getDate(columnIndex, cal);
    }","/**
     * @param columnIndex
     * @param cal
     * @return
     * @throws SQLException
     * @see java.sql.ResultSet#getDate(int, java.util.Calendar)
     */"
dbut_55_1,"    public void testGetDouble_1_oe() throws SQLException {

        assertEquals(0.0, rs.getDouble(1), 0.0);
    }
",SqlNullCheckedResultSetTest::testGetDouble_1_oe,org.apache.commons.dbutils.BaseResultSetHandler,getDouble(int columnIndex),"/**
     * @param columnIndex
     * @return
     * @throws SQLException
     * @see java.sql.ResultSet#getDouble(int)
     */","protected final double getDouble(int columnIndex) throws SQLException {
        return rs.getDouble(columnIndex);
    }","protected final double getDouble(int columnIndex) throws SQLException {
        return rs.getDouble(columnIndex);
    }","/**
     * @param columnIndex
     * @return
     * @throws SQLException
     * @see java.sql.ResultSet#getDouble(int)
     */"
dbut_55_2,"    public void testGetDouble_2_oe() throws SQLException {

        // removed other assertion
        assertTrue(rs.wasNull());
    }
",SqlNullCheckedResultSetTest::testGetDouble_2_oe,org.apache.commons.dbutils.BaseResultSetHandler,wasNull(),"/**
     * @return
     * @throws SQLException
     * @see java.sql.ResultSet#wasNull()
     */","protected final boolean wasNull() throws SQLException {
        return rs.wasNull();
    }","protected final boolean wasNull() throws SQLException {
        return rs.wasNull();
    }","/**
     * @return
     * @throws SQLException
     * @see java.sql.ResultSet#wasNull()
     */"
dbut_55_3,"    public void testGetDouble_3_oe() throws SQLException {

        // removed other assertion
        // removed other assertion
        assertEquals(0.0, rs.getDouble(""column""), 0.0);
    }
",SqlNullCheckedResultSetTest::testGetDouble_3_oe,org.apache.commons.dbutils.BaseResultSetHandler,getDouble(int columnIndex),"/**
     * @param columnIndex
     * @return
     * @throws SQLException
     * @see java.sql.ResultSet#getDouble(int)
     */","protected final double getDouble(int columnIndex) throws SQLException {
        return rs.getDouble(columnIndex);
    }","protected final double getDouble(int columnIndex) throws SQLException {
        return rs.getDouble(columnIndex);
    }","/**
     * @param columnIndex
     * @return
     * @throws SQLException
     * @see java.sql.ResultSet#getDouble(int)
     */"
dbut_55_4,"    public void testGetDouble_4_oe() throws SQLException {

        // removed other assertion
        // removed other assertion
        // removed other assertion
        assertTrue(rs.wasNull());
    }
",SqlNullCheckedResultSetTest::testGetDouble_4_oe,org.apache.commons.dbutils.BaseResultSetHandler,wasNull(),"/**
     * @return
     * @throws SQLException
     * @see java.sql.ResultSet#wasNull()
     */","protected final boolean wasNull() throws SQLException {
        return rs.wasNull();
    }","protected final boolean wasNull() throws SQLException {
        return rs.wasNull();
    }","/**
     * @return
     * @throws SQLException
     * @see java.sql.ResultSet#wasNull()
     */"
dbut_55_5,"    public void testGetDouble_5_oe() throws SQLException {

        // removed other assertion
        // removed other assertion
        // removed other assertion
        // removed other assertion
        // Set what gets returned to something other than the default
        double d = 10.0;
        rs2.setNullDouble(d);
        assertEquals(d, rs.getDouble(1), 0.0);
    }
",SqlNullCheckedResultSetTest::testGetDouble_5_oe,org.apache.commons.dbutils.BaseResultSetHandler,getDouble(int columnIndex),"/**
     * @param columnIndex
     * @return
     * @throws SQLException
     * @see java.sql.ResultSet#getDouble(int)
     */","protected final double getDouble(int columnIndex) throws SQLException {
        return rs.getDouble(columnIndex);
    }","protected final double getDouble(int columnIndex) throws SQLException {
        return rs.getDouble(columnIndex);
    }","/**
     * @param columnIndex
     * @return
     * @throws SQLException
     * @see java.sql.ResultSet#getDouble(int)
     */"
dbut_55_6,"    public void testGetDouble_6_oe() throws SQLException {

        // removed other assertion
        // removed other assertion
        // removed other assertion
        // removed other assertion
        // Set what gets returned to something other than the default
        double d = 10.0;
        rs2.setNullDouble(d);
        // removed other assertion
        assertEquals(d, rs.getDouble(""column""), 0.0);
    }
",SqlNullCheckedResultSetTest::testGetDouble_6_oe,org.apache.commons.dbutils.BaseResultSetHandler,getDouble(int columnIndex),"/**
     * @param columnIndex
     * @return
     * @throws SQLException
     * @see java.sql.ResultSet#getDouble(int)
     */","protected final double getDouble(int columnIndex) throws SQLException {
        return rs.getDouble(columnIndex);
    }","protected final double getDouble(int columnIndex) throws SQLException {
        return rs.getDouble(columnIndex);
    }","/**
     * @param columnIndex
     * @return
     * @throws SQLException
     * @see java.sql.ResultSet#getDouble(int)
     */"
dbut_56_1,"    public void testGetFloat_1_oe() throws SQLException {
        assertEquals(0, rs.getFloat(1), 0.0);
    }
",SqlNullCheckedResultSetTest::testGetFloat_1_oe,org.apache.commons.dbutils.BaseResultSetHandler,getFloat(int columnIndex),"/**
     * @param columnIndex
     * @return
     * @throws SQLException
     * @see java.sql.ResultSet#getFloat(int)
     */","protected final float getFloat(int columnIndex) throws SQLException {
        return rs.getFloat(columnIndex);
    }","protected final float getFloat(int columnIndex) throws SQLException {
        return rs.getFloat(columnIndex);
    }","/**
     * @param columnIndex
     * @return
     * @throws SQLException
     * @see java.sql.ResultSet#getFloat(int)
     */"
dbut_56_2,"    public void testGetFloat_2_oe() throws SQLException {
        // removed other assertion
        assertTrue(rs.wasNull());
    }
",SqlNullCheckedResultSetTest::testGetFloat_2_oe,org.apache.commons.dbutils.BaseResultSetHandler,wasNull(),"/**
     * @return
     * @throws SQLException
     * @see java.sql.ResultSet#wasNull()
     */","protected final boolean wasNull() throws SQLException {
        return rs.wasNull();
    }","protected final boolean wasNull() throws SQLException {
        return rs.wasNull();
    }","/**
     * @return
     * @throws SQLException
     * @see java.sql.ResultSet#wasNull()
     */"
dbut_56_3,"    public void testGetFloat_3_oe() throws SQLException {
        // removed other assertion
        // removed other assertion
        assertEquals(0, rs.getFloat(""column""), 0.0);
    }
",SqlNullCheckedResultSetTest::testGetFloat_3_oe,org.apache.commons.dbutils.BaseResultSetHandler,getFloat(int columnIndex),"/**
     * @param columnIndex
     * @return
     * @throws SQLException
     * @see java.sql.ResultSet#getFloat(int)
     */","protected final float getFloat(int columnIndex) throws SQLException {
        return rs.getFloat(columnIndex);
    }","protected final float getFloat(int columnIndex) throws SQLException {
        return rs.getFloat(columnIndex);
    }","/**
     * @param columnIndex
     * @return
     * @throws SQLException
     * @see java.sql.ResultSet#getFloat(int)
     */"
dbut_56_4,"    public void testGetFloat_4_oe() throws SQLException {
        // removed other assertion
        // removed other assertion
        // removed other assertion
        assertTrue(rs.wasNull());
    }
",SqlNullCheckedResultSetTest::testGetFloat_4_oe,org.apache.commons.dbutils.BaseResultSetHandler,wasNull(),"/**
     * @return
     * @throws SQLException
     * @see java.sql.ResultSet#wasNull()
     */","protected final boolean wasNull() throws SQLException {
        return rs.wasNull();
    }","protected final boolean wasNull() throws SQLException {
        return rs.wasNull();
    }","/**
     * @return
     * @throws SQLException
     * @see java.sql.ResultSet#wasNull()
     */"
dbut_56_5,"    public void testGetFloat_5_oe() throws SQLException {
        // removed other assertion
        // removed other assertion
        // removed other assertion
        // removed other assertion
        // Set what gets returned to something other than the default
        float f = 10;
        rs2.setNullFloat(f);
        assertEquals(f, rs.getFloat(1), 0.0);
    }
",SqlNullCheckedResultSetTest::testGetFloat_5_oe,org.apache.commons.dbutils.BaseResultSetHandler,getFloat(int columnIndex),"/**
     * @param columnIndex
     * @return
     * @throws SQLException
     * @see java.sql.ResultSet#getFloat(int)
     */","protected final float getFloat(int columnIndex) throws SQLException {
        return rs.getFloat(columnIndex);
    }","protected final float getFloat(int columnIndex) throws SQLException {
        return rs.getFloat(columnIndex);
    }","/**
     * @param columnIndex
     * @return
     * @throws SQLException
     * @see java.sql.ResultSet#getFloat(int)
     */"
dbut_56_6,"    public void testGetFloat_6_oe() throws SQLException {
        // removed other assertion
        // removed other assertion
        // removed other assertion
        // removed other assertion
        // Set what gets returned to something other than the default
        float f = 10;
        rs2.setNullFloat(f);
        // removed other assertion
        assertEquals(f, rs.getFloat(""column""), 0.0);
    }
",SqlNullCheckedResultSetTest::testGetFloat_6_oe,org.apache.commons.dbutils.BaseResultSetHandler,getFloat(int columnIndex),"/**
     * @param columnIndex
     * @return
     * @throws SQLException
     * @see java.sql.ResultSet#getFloat(int)
     */","protected final float getFloat(int columnIndex) throws SQLException {
        return rs.getFloat(columnIndex);
    }","protected final float getFloat(int columnIndex) throws SQLException {
        return rs.getFloat(columnIndex);
    }","/**
     * @param columnIndex
     * @return
     * @throws SQLException
     * @see java.sql.ResultSet#getFloat(int)
     */"
dbut_57_1,"    public void testGetInt_1_oe() throws SQLException {
        assertEquals(0, rs.getInt(1));
    }
",SqlNullCheckedResultSetTest::testGetInt_1_oe,org.apache.commons.dbutils.BaseResultSetHandler,getInt(int columnIndex),"/**
     * @param columnIndex
     * @return
     * @throws SQLException
     * @see java.sql.ResultSet#getInt(int)
     */","protected final int getInt(int columnIndex) throws SQLException {
        return rs.getInt(columnIndex);
    }","protected final int getInt(int columnIndex) throws SQLException {
        return rs.getInt(columnIndex);
    }","/**
     * @param columnIndex
     * @return
     * @throws SQLException
     * @see java.sql.ResultSet#getInt(int)
     */"
dbut_57_2,"    public void testGetInt_2_oe() throws SQLException {
        // removed other assertion
        assertTrue(rs.wasNull());
    }
",SqlNullCheckedResultSetTest::testGetInt_2_oe,org.apache.commons.dbutils.BaseResultSetHandler,wasNull(),"/**
     * @return
     * @throws SQLException
     * @see java.sql.ResultSet#wasNull()
     */","protected final boolean wasNull() throws SQLException {
        return rs.wasNull();
    }","protected final boolean wasNull() throws SQLException {
        return rs.wasNull();
    }","/**
     * @return
     * @throws SQLException
     * @see java.sql.ResultSet#wasNull()
     */"
dbut_57_3,"    public void testGetInt_3_oe() throws SQLException {
        // removed other assertion
        // removed other assertion
        assertEquals(0, rs.getInt(""column""));
    }
",SqlNullCheckedResultSetTest::testGetInt_3_oe,org.apache.commons.dbutils.BaseResultSetHandler,getInt(int columnIndex),"/**
     * @param columnIndex
     * @return
     * @throws SQLException
     * @see java.sql.ResultSet#getInt(int)
     */","protected final int getInt(int columnIndex) throws SQLException {
        return rs.getInt(columnIndex);
    }","protected final int getInt(int columnIndex) throws SQLException {
        return rs.getInt(columnIndex);
    }","/**
     * @param columnIndex
     * @return
     * @throws SQLException
     * @see java.sql.ResultSet#getInt(int)
     */"
dbut_57_4,"    public void testGetInt_4_oe() throws SQLException {
        // removed other assertion
        // removed other assertion
        // removed other assertion
        assertTrue(rs.wasNull());
    }
",SqlNullCheckedResultSetTest::testGetInt_4_oe,org.apache.commons.dbutils.BaseResultSetHandler,wasNull(),"/**
     * @return
     * @throws SQLException
     * @see java.sql.ResultSet#wasNull()
     */","protected final boolean wasNull() throws SQLException {
        return rs.wasNull();
    }","protected final boolean wasNull() throws SQLException {
        return rs.wasNull();
    }","/**
     * @return
     * @throws SQLException
     * @see java.sql.ResultSet#wasNull()
     */"
dbut_57_5,"    public void testGetInt_5_oe() throws SQLException {
        // removed other assertion
        // removed other assertion
        // removed other assertion
        // removed other assertion
        // Set what gets returned to something other than the default
        int i = 10;
        rs2.setNullInt(i);
        assertEquals(i, rs.getInt(1));
    }
",SqlNullCheckedResultSetTest::testGetInt_5_oe,org.apache.commons.dbutils.BaseResultSetHandler,getInt(int columnIndex),"/**
     * @param columnIndex
     * @return
     * @throws SQLException
     * @see java.sql.ResultSet#getInt(int)
     */","protected final int getInt(int columnIndex) throws SQLException {
        return rs.getInt(columnIndex);
    }","protected final int getInt(int columnIndex) throws SQLException {
        return rs.getInt(columnIndex);
    }","/**
     * @param columnIndex
     * @return
     * @throws SQLException
     * @see java.sql.ResultSet#getInt(int)
     */"
dbut_57_6,"    public void testGetInt_6_oe() throws SQLException {
        // removed other assertion
        // removed other assertion
        // removed other assertion
        // removed other assertion
        // Set what gets returned to something other than the default
        int i = 10;
        rs2.setNullInt(i);
        // removed other assertion
        assertEquals(i, rs.getInt(""column""));
    }
",SqlNullCheckedResultSetTest::testGetInt_6_oe,org.apache.commons.dbutils.BaseResultSetHandler,getInt(int columnIndex),"/**
     * @param columnIndex
     * @return
     * @throws SQLException
     * @see java.sql.ResultSet#getInt(int)
     */","protected final int getInt(int columnIndex) throws SQLException {
        return rs.getInt(columnIndex);
    }","protected final int getInt(int columnIndex) throws SQLException {
        return rs.getInt(columnIndex);
    }","/**
     * @param columnIndex
     * @return
     * @throws SQLException
     * @see java.sql.ResultSet#getInt(int)
     */"
dbut_58_1,"    public void testGetLong_1_oe() throws SQLException {
        assertEquals(0, rs.getLong(1));
    }
",SqlNullCheckedResultSetTest::testGetLong_1_oe,org.apache.commons.dbutils.BaseResultSetHandler,getLong(int columnIndex),"/**
     * @param columnIndex
     * @return
     * @throws SQLException
     * @see java.sql.ResultSet#getLong(int)
     */","protected final long getLong(int columnIndex) throws SQLException {
        return rs.getLong(columnIndex);
    }","protected final long getLong(int columnIndex) throws SQLException {
        return rs.getLong(columnIndex);
    }","/**
     * @param columnIndex
     * @return
     * @throws SQLException
     * @see java.sql.ResultSet#getLong(int)
     */"
dbut_58_2,"    public void testGetLong_2_oe() throws SQLException {
        // removed other assertion
        assertTrue(rs.wasNull());
    }
",SqlNullCheckedResultSetTest::testGetLong_2_oe,org.apache.commons.dbutils.BaseResultSetHandler,wasNull(),"/**
     * @return
     * @throws SQLException
     * @see java.sql.ResultSet#wasNull()
     */","protected final boolean wasNull() throws SQLException {
        return rs.wasNull();
    }","protected final boolean wasNull() throws SQLException {
        return rs.wasNull();
    }","/**
     * @return
     * @throws SQLException
     * @see java.sql.ResultSet#wasNull()
     */"
dbut_58_3,"    public void testGetLong_3_oe() throws SQLException {
        // removed other assertion
        // removed other assertion
        assertEquals(0, rs.getLong(""column""));
    }
",SqlNullCheckedResultSetTest::testGetLong_3_oe,org.apache.commons.dbutils.BaseResultSetHandler,getLong(int columnIndex),"/**
     * @param columnIndex
     * @return
     * @throws SQLException
     * @see java.sql.ResultSet#getLong(int)
     */","protected final long getLong(int columnIndex) throws SQLException {
        return rs.getLong(columnIndex);
    }","protected final long getLong(int columnIndex) throws SQLException {
        return rs.getLong(columnIndex);
    }","/**
     * @param columnIndex
     * @return
     * @throws SQLException
     * @see java.sql.ResultSet#getLong(int)
     */"
dbut_58_4,"    public void testGetLong_4_oe() throws SQLException {
        // removed other assertion
        // removed other assertion
        // removed other assertion
        assertTrue(rs.wasNull());
    }
",SqlNullCheckedResultSetTest::testGetLong_4_oe,org.apache.commons.dbutils.BaseResultSetHandler,wasNull(),"/**
     * @return
     * @throws SQLException
     * @see java.sql.ResultSet#wasNull()
     */","protected final boolean wasNull() throws SQLException {
        return rs.wasNull();
    }","protected final boolean wasNull() throws SQLException {
        return rs.wasNull();
    }","/**
     * @return
     * @throws SQLException
     * @see java.sql.ResultSet#wasNull()
     */"
dbut_58_5,"    public void testGetLong_5_oe() throws SQLException {
        // removed other assertion
        // removed other assertion
        // removed other assertion
        // removed other assertion
        // Set what gets returned to something other than the default
        long l = 10;
        rs2.setNullLong(l);
        assertEquals(l, rs.getLong(1));
    }
",SqlNullCheckedResultSetTest::testGetLong_5_oe,org.apache.commons.dbutils.BaseResultSetHandler,getLong(int columnIndex),"/**
     * @param columnIndex
     * @return
     * @throws SQLException
     * @see java.sql.ResultSet#getLong(int)
     */","protected final long getLong(int columnIndex) throws SQLException {
        return rs.getLong(columnIndex);
    }","protected final long getLong(int columnIndex) throws SQLException {
        return rs.getLong(columnIndex);
    }","/**
     * @param columnIndex
     * @return
     * @throws SQLException
     * @see java.sql.ResultSet#getLong(int)
     */"
dbut_58_6,"    public void testGetLong_6_oe() throws SQLException {
        // removed other assertion
        // removed other assertion
        // removed other assertion
        // removed other assertion
        // Set what gets returned to something other than the default
        long l = 10;
        rs2.setNullLong(l);
        // removed other assertion
        assertEquals(l, rs.getLong(""column""));
    }
",SqlNullCheckedResultSetTest::testGetLong_6_oe,org.apache.commons.dbutils.BaseResultSetHandler,getLong(int columnIndex),"/**
     * @param columnIndex
     * @return
     * @throws SQLException
     * @see java.sql.ResultSet#getLong(int)
     */","protected final long getLong(int columnIndex) throws SQLException {
        return rs.getLong(columnIndex);
    }","protected final long getLong(int columnIndex) throws SQLException {
        return rs.getLong(columnIndex);
    }","/**
     * @param columnIndex
     * @return
     * @throws SQLException
     * @see java.sql.ResultSet#getLong(int)
     */"
dbut_59_1,"    public void testGetObject_1_oe() throws SQLException {

        assertNull(rs.getObject(1));
    }
",SqlNullCheckedResultSetTest::testGetObject_1_oe,org.apache.commons.dbutils.BaseResultSetHandler,"getObject(int columnIndex, Map<String, Class<?>> map)","/**
     * @param columnIndex
     * @param map
     * @return
     * @throws SQLException
     * @see java.sql.ResultSet#getObject(int, java.util.Map)
     */","protected final Object getObject(int columnIndex, Map<String, Class<?>> map) throws SQLException {
        return rs.getObject(columnIndex, map);
    }","protected final Object getObject(int columnIndex, Map<String, Class<?>> map) throws SQLException {
        return rs.getObject(columnIndex, map);
    }","/**
     * @param columnIndex
     * @param map
     * @return
     * @throws SQLException
     * @see java.sql.ResultSet#getObject(int, java.util.Map)
     */"
dbut_59_2,"    public void testGetObject_2_oe() throws SQLException {

        // removed other assertion
        assertTrue(rs.wasNull());
    }
",SqlNullCheckedResultSetTest::testGetObject_2_oe,org.apache.commons.dbutils.BaseResultSetHandler,wasNull(),"/**
     * @return
     * @throws SQLException
     * @see java.sql.ResultSet#wasNull()
     */","protected final boolean wasNull() throws SQLException {
        return rs.wasNull();
    }","protected final boolean wasNull() throws SQLException {
        return rs.wasNull();
    }","/**
     * @return
     * @throws SQLException
     * @see java.sql.ResultSet#wasNull()
     */"
dbut_59_3,"    public void testGetObject_3_oe() throws SQLException {

        // removed other assertion
        // removed other assertion
        assertNull(rs.getObject(""column""));
    }
",SqlNullCheckedResultSetTest::testGetObject_3_oe,org.apache.commons.dbutils.BaseResultSetHandler,"getObject(int columnIndex, Map<String, Class<?>> map)","/**
     * @param columnIndex
     * @param map
     * @return
     * @throws SQLException
     * @see java.sql.ResultSet#getObject(int, java.util.Map)
     */","protected final Object getObject(int columnIndex, Map<String, Class<?>> map) throws SQLException {
        return rs.getObject(columnIndex, map);
    }","protected final Object getObject(int columnIndex, Map<String, Class<?>> map) throws SQLException {
        return rs.getObject(columnIndex, map);
    }","/**
     * @param columnIndex
     * @param map
     * @return
     * @throws SQLException
     * @see java.sql.ResultSet#getObject(int, java.util.Map)
     */"
dbut_59_4,"    public void testGetObject_4_oe() throws SQLException {

        // removed other assertion
        // removed other assertion
        // removed other assertion
        assertTrue(rs.wasNull());
    }
",SqlNullCheckedResultSetTest::testGetObject_4_oe,org.apache.commons.dbutils.BaseResultSetHandler,wasNull(),"/**
     * @return
     * @throws SQLException
     * @see java.sql.ResultSet#wasNull()
     */","protected final boolean wasNull() throws SQLException {
        return rs.wasNull();
    }","protected final boolean wasNull() throws SQLException {
        return rs.wasNull();
    }","/**
     * @return
     * @throws SQLException
     * @see java.sql.ResultSet#wasNull()
     */"
dbut_59_5,"    public void testGetObject_5_oe() throws SQLException {

        // removed other assertion
        // removed other assertion
        // removed other assertion
        // removed other assertion
        assertNull(rs.getObject(1, (Map<String, Class<?>>) null));
    }
",SqlNullCheckedResultSetTest::testGetObject_5_oe,org.apache.commons.dbutils.BaseResultSetHandler,"getObject(int columnIndex, Map<String, Class<?>> map)","/**
     * @param columnIndex
     * @param map
     * @return
     * @throws SQLException
     * @see java.sql.ResultSet#getObject(int, java.util.Map)
     */","protected final Object getObject(int columnIndex, Map<String, Class<?>> map) throws SQLException {
        return rs.getObject(columnIndex, map);
    }","protected final Object getObject(int columnIndex, Map<String, Class<?>> map) throws SQLException {
        return rs.getObject(columnIndex, map);
    }","/**
     * @param columnIndex
     * @param map
     * @return
     * @throws SQLException
     * @see java.sql.ResultSet#getObject(int, java.util.Map)
     */"
dbut_59_6,"    public void testGetObject_6_oe() throws SQLException {

        // removed other assertion
        // removed other assertion
        // removed other assertion
        // removed other assertion
        // removed other assertion
        assertTrue(rs.wasNull());
    }
",SqlNullCheckedResultSetTest::testGetObject_6_oe,org.apache.commons.dbutils.BaseResultSetHandler,wasNull(),"/**
     * @return
     * @throws SQLException
     * @see java.sql.ResultSet#wasNull()
     */","protected final boolean wasNull() throws SQLException {
        return rs.wasNull();
    }","protected final boolean wasNull() throws SQLException {
        return rs.wasNull();
    }","/**
     * @return
     * @throws SQLException
     * @see java.sql.ResultSet#wasNull()
     */"
dbut_59_7,"    public void testGetObject_7_oe() throws SQLException {

        // removed other assertion
        // removed other assertion
        // removed other assertion
        // removed other assertion
        // removed other assertion
        // removed other assertion
        assertNull(rs.getObject(""column"", (Map<String, Class<?>>) null));
    }
",SqlNullCheckedResultSetTest::testGetObject_7_oe,org.apache.commons.dbutils.BaseResultSetHandler,"getObject(int columnIndex, Map<String, Class<?>> map)","/**
     * @param columnIndex
     * @param map
     * @return
     * @throws SQLException
     * @see java.sql.ResultSet#getObject(int, java.util.Map)
     */","protected final Object getObject(int columnIndex, Map<String, Class<?>> map) throws SQLException {
        return rs.getObject(columnIndex, map);
    }","protected final Object getObject(int columnIndex, Map<String, Class<?>> map) throws SQLException {
        return rs.getObject(columnIndex, map);
    }","/**
     * @param columnIndex
     * @param map
     * @return
     * @throws SQLException
     * @see java.sql.ResultSet#getObject(int, java.util.Map)
     */"
dbut_59_8,"    public void testGetObject_8_oe() throws SQLException {

        // removed other assertion
        // removed other assertion
        // removed other assertion
        // removed other assertion
        // removed other assertion
        // removed other assertion
        // removed other assertion
        assertTrue(rs.wasNull());
    }
",SqlNullCheckedResultSetTest::testGetObject_8_oe,org.apache.commons.dbutils.BaseResultSetHandler,wasNull(),"/**
     * @return
     * @throws SQLException
     * @see java.sql.ResultSet#wasNull()
     */","protected final boolean wasNull() throws SQLException {
        return rs.wasNull();
    }","protected final boolean wasNull() throws SQLException {
        return rs.wasNull();
    }","/**
     * @return
     * @throws SQLException
     * @see java.sql.ResultSet#wasNull()
     */"
dbut_59_9,"    public void testGetObject_9_oe() throws SQLException {

        // removed other assertion
        // removed other assertion
        // removed other assertion
        // removed other assertion
        // removed other assertion
        // removed other assertion
        // removed other assertion
        // removed other assertion
        // Set what gets returned to something other than the default
        Object o = new Object();
        rs2.setNullObject(o);
        assertNotNull(rs.getObject(1));
    }
",SqlNullCheckedResultSetTest::testGetObject_9_oe,org.apache.commons.dbutils.BaseResultSetHandler,"getObject(int columnIndex, Map<String, Class<?>> map)","/**
     * @param columnIndex
     * @param map
     * @return
     * @throws SQLException
     * @see java.sql.ResultSet#getObject(int, java.util.Map)
     */","protected final Object getObject(int columnIndex, Map<String, Class<?>> map) throws SQLException {
        return rs.getObject(columnIndex, map);
    }","protected final Object getObject(int columnIndex, Map<String, Class<?>> map) throws SQLException {
        return rs.getObject(columnIndex, map);
    }","/**
     * @param columnIndex
     * @param map
     * @return
     * @throws SQLException
     * @see java.sql.ResultSet#getObject(int, java.util.Map)
     */"
dbut_59_10,"    public void testGetObject_10_oe() throws SQLException {

        // removed other assertion
        // removed other assertion
        // removed other assertion
        // removed other assertion
        // removed other assertion
        // removed other assertion
        // removed other assertion
        // removed other assertion
        // Set what gets returned to something other than the default
        Object o = new Object();
        rs2.setNullObject(o);
        // removed other assertion
        assertEquals(o, rs.getObject(1));
    }
",SqlNullCheckedResultSetTest::testGetObject_10_oe,org.apache.commons.dbutils.BaseResultSetHandler,"getObject(int columnIndex, Map<String, Class<?>> map)","/**
     * @param columnIndex
     * @param map
     * @return
     * @throws SQLException
     * @see java.sql.ResultSet#getObject(int, java.util.Map)
     */","protected final Object getObject(int columnIndex, Map<String, Class<?>> map) throws SQLException {
        return rs.getObject(columnIndex, map);
    }","protected final Object getObject(int columnIndex, Map<String, Class<?>> map) throws SQLException {
        return rs.getObject(columnIndex, map);
    }","/**
     * @param columnIndex
     * @param map
     * @return
     * @throws SQLException
     * @see java.sql.ResultSet#getObject(int, java.util.Map)
     */"
dbut_59_11,"    public void testGetObject_11_oe() throws SQLException {

        // removed other assertion
        // removed other assertion
        // removed other assertion
        // removed other assertion
        // removed other assertion
        // removed other assertion
        // removed other assertion
        // removed other assertion
        // Set what gets returned to something other than the default
        Object o = new Object();
        rs2.setNullObject(o);
        // removed other assertion
        // removed other assertion
        assertNotNull(rs.getObject(""column""));
    }
",SqlNullCheckedResultSetTest::testGetObject_11_oe,org.apache.commons.dbutils.BaseResultSetHandler,"getObject(int columnIndex, Map<String, Class<?>> map)","/**
     * @param columnIndex
     * @param map
     * @return
     * @throws SQLException
     * @see java.sql.ResultSet#getObject(int, java.util.Map)
     */","protected final Object getObject(int columnIndex, Map<String, Class<?>> map) throws SQLException {
        return rs.getObject(columnIndex, map);
    }","protected final Object getObject(int columnIndex, Map<String, Class<?>> map) throws SQLException {
        return rs.getObject(columnIndex, map);
    }","/**
     * @param columnIndex
     * @param map
     * @return
     * @throws SQLException
     * @see java.sql.ResultSet#getObject(int, java.util.Map)
     */"
dbut_59_12,"    public void testGetObject_12_oe() throws SQLException {

        // removed other assertion
        // removed other assertion
        // removed other assertion
        // removed other assertion
        // removed other assertion
        // removed other assertion
        // removed other assertion
        // removed other assertion
        // Set what gets returned to something other than the default
        Object o = new Object();
        rs2.setNullObject(o);
        // removed other assertion
        // removed other assertion
        // removed other assertion
        assertEquals(o, rs.getObject(""column""));
    }
",SqlNullCheckedResultSetTest::testGetObject_12_oe,org.apache.commons.dbutils.BaseResultSetHandler,"getObject(int columnIndex, Map<String, Class<?>> map)","/**
     * @param columnIndex
     * @param map
     * @return
     * @throws SQLException
     * @see java.sql.ResultSet#getObject(int, java.util.Map)
     */","protected final Object getObject(int columnIndex, Map<String, Class<?>> map) throws SQLException {
        return rs.getObject(columnIndex, map);
    }","protected final Object getObject(int columnIndex, Map<String, Class<?>> map) throws SQLException {
        return rs.getObject(columnIndex, map);
    }","/**
     * @param columnIndex
     * @param map
     * @return
     * @throws SQLException
     * @see java.sql.ResultSet#getObject(int, java.util.Map)
     */"
dbut_59_13,"    public void testGetObject_13_oe() throws SQLException {

        // removed other assertion
        // removed other assertion
        // removed other assertion
        // removed other assertion
        // removed other assertion
        // removed other assertion
        // removed other assertion
        // removed other assertion
        // Set what gets returned to something other than the default
        Object o = new Object();
        rs2.setNullObject(o);
        // removed other assertion
        // removed other assertion
        // removed other assertion
        // removed other assertion
        assertNotNull(rs.getObject(1, (Map<String, Class<?>>) null));
    }
",SqlNullCheckedResultSetTest::testGetObject_13_oe,org.apache.commons.dbutils.BaseResultSetHandler,"getObject(int columnIndex, Map<String, Class<?>> map)","/**
     * @param columnIndex
     * @param map
     * @return
     * @throws SQLException
     * @see java.sql.ResultSet#getObject(int, java.util.Map)
     */","protected final Object getObject(int columnIndex, Map<String, Class<?>> map) throws SQLException {
        return rs.getObject(columnIndex, map);
    }","protected final Object getObject(int columnIndex, Map<String, Class<?>> map) throws SQLException {
        return rs.getObject(columnIndex, map);
    }","/**
     * @param columnIndex
     * @param map
     * @return
     * @throws SQLException
     * @see java.sql.ResultSet#getObject(int, java.util.Map)
     */"
dbut_59_14,"    public void testGetObject_14_oe() throws SQLException {

        // removed other assertion
        // removed other assertion
        // removed other assertion
        // removed other assertion
        // removed other assertion
        // removed other assertion
        // removed other assertion
        // removed other assertion
        // Set what gets returned to something other than the default
        Object o = new Object();
        rs2.setNullObject(o);
        // removed other assertion
        // removed other assertion
        // removed other assertion
        // removed other assertion
        // removed other assertion
        assertEquals(o, rs.getObject(1, (Map<String, Class<?>>) null));
    }
",SqlNullCheckedResultSetTest::testGetObject_14_oe,org.apache.commons.dbutils.BaseResultSetHandler,"getObject(int columnIndex, Map<String, Class<?>> map)","/**
     * @param columnIndex
     * @param map
     * @return
     * @throws SQLException
     * @see java.sql.ResultSet#getObject(int, java.util.Map)
     */","protected final Object getObject(int columnIndex, Map<String, Class<?>> map) throws SQLException {
        return rs.getObject(columnIndex, map);
    }","protected final Object getObject(int columnIndex, Map<String, Class<?>> map) throws SQLException {
        return rs.getObject(columnIndex, map);
    }","/**
     * @param columnIndex
     * @param map
     * @return
     * @throws SQLException
     * @see java.sql.ResultSet#getObject(int, java.util.Map)
     */"
dbut_59_15,"    public void testGetObject_15_oe() throws SQLException {

        // removed other assertion
        // removed other assertion
        // removed other assertion
        // removed other assertion
        // removed other assertion
        // removed other assertion
        // removed other assertion
        // removed other assertion
        // Set what gets returned to something other than the default
        Object o = new Object();
        rs2.setNullObject(o);
        // removed other assertion
        // removed other assertion
        // removed other assertion
        // removed other assertion
        // removed other assertion
        // removed other assertion
        assertNotNull(rs.getObject(""column"", (Map<String, Class<?>>) null));
    }
",SqlNullCheckedResultSetTest::testGetObject_15_oe,org.apache.commons.dbutils.BaseResultSetHandler,"getObject(int columnIndex, Map<String, Class<?>> map)","/**
     * @param columnIndex
     * @param map
     * @return
     * @throws SQLException
     * @see java.sql.ResultSet#getObject(int, java.util.Map)
     */","protected final Object getObject(int columnIndex, Map<String, Class<?>> map) throws SQLException {
        return rs.getObject(columnIndex, map);
    }","protected final Object getObject(int columnIndex, Map<String, Class<?>> map) throws SQLException {
        return rs.getObject(columnIndex, map);
    }","/**
     * @param columnIndex
     * @param map
     * @return
     * @throws SQLException
     * @see java.sql.ResultSet#getObject(int, java.util.Map)
     */"
dbut_59_16,"    public void testGetObject_16_oe() throws SQLException {

        // removed other assertion
        // removed other assertion
        // removed other assertion
        // removed other assertion
        // removed other assertion
        // removed other assertion
        // removed other assertion
        // removed other assertion
        // Set what gets returned to something other than the default
        Object o = new Object();
        rs2.setNullObject(o);
        // removed other assertion
        // removed other assertion
        // removed other assertion
        // removed other assertion
        // removed other assertion
        // removed other assertion
        // removed other assertion
        assertEquals(o, rs.getObject(""column"", (Map<String, Class<?>>) null));
    }
",SqlNullCheckedResultSetTest::testGetObject_16_oe,org.apache.commons.dbutils.BaseResultSetHandler,"getObject(int columnIndex, Map<String, Class<?>> map)","/**
     * @param columnIndex
     * @param map
     * @return
     * @throws SQLException
     * @see java.sql.ResultSet#getObject(int, java.util.Map)
     */","protected final Object getObject(int columnIndex, Map<String, Class<?>> map) throws SQLException {
        return rs.getObject(columnIndex, map);
    }","protected final Object getObject(int columnIndex, Map<String, Class<?>> map) throws SQLException {
        return rs.getObject(columnIndex, map);
    }","/**
     * @param columnIndex
     * @param map
     * @return
     * @throws SQLException
     * @see java.sql.ResultSet#getObject(int, java.util.Map)
     */"
dbut_60_1,"    public void testGetRef_1_oe() throws SQLException {

        assertNull(rs.getRef(1));
    }
",SqlNullCheckedResultSetTest::testGetRef_1_oe,org.apache.commons.dbutils.BaseResultSetHandler,getRef(int columnIndex),"/**
     * @param columnIndex
     * @return
     * @throws SQLException
     * @see java.sql.ResultSet#getRef(int)
     */","protected final Ref getRef(int columnIndex) throws SQLException {
        return rs.getRef(columnIndex);
    }","protected final Ref getRef(int columnIndex) throws SQLException {
        return rs.getRef(columnIndex);
    }","/**
     * @param columnIndex
     * @return
     * @throws SQLException
     * @see java.sql.ResultSet#getRef(int)
     */"
dbut_60_2,"    public void testGetRef_2_oe() throws SQLException {

        // removed other assertion
        assertTrue(rs.wasNull());
    }
",SqlNullCheckedResultSetTest::testGetRef_2_oe,org.apache.commons.dbutils.BaseResultSetHandler,wasNull(),"/**
     * @return
     * @throws SQLException
     * @see java.sql.ResultSet#wasNull()
     */","protected final boolean wasNull() throws SQLException {
        return rs.wasNull();
    }","protected final boolean wasNull() throws SQLException {
        return rs.wasNull();
    }","/**
     * @return
     * @throws SQLException
     * @see java.sql.ResultSet#wasNull()
     */"
dbut_60_3,"    public void testGetRef_3_oe() throws SQLException {

        // removed other assertion
        // removed other assertion
        assertNull(rs.getRef(""column""));
    }
",SqlNullCheckedResultSetTest::testGetRef_3_oe,org.apache.commons.dbutils.BaseResultSetHandler,getRef(int columnIndex),"/**
     * @param columnIndex
     * @return
     * @throws SQLException
     * @see java.sql.ResultSet#getRef(int)
     */","protected final Ref getRef(int columnIndex) throws SQLException {
        return rs.getRef(columnIndex);
    }","protected final Ref getRef(int columnIndex) throws SQLException {
        return rs.getRef(columnIndex);
    }","/**
     * @param columnIndex
     * @return
     * @throws SQLException
     * @see java.sql.ResultSet#getRef(int)
     */"
dbut_60_4,"    public void testGetRef_4_oe() throws SQLException {

        // removed other assertion
        // removed other assertion
        // removed other assertion
        assertTrue(rs.wasNull());
    }
",SqlNullCheckedResultSetTest::testGetRef_4_oe,org.apache.commons.dbutils.BaseResultSetHandler,wasNull(),"/**
     * @return
     * @throws SQLException
     * @see java.sql.ResultSet#wasNull()
     */","protected final boolean wasNull() throws SQLException {
        return rs.wasNull();
    }","protected final boolean wasNull() throws SQLException {
        return rs.wasNull();
    }","/**
     * @return
     * @throws SQLException
     * @see java.sql.ResultSet#wasNull()
     */"
dbut_60_5,"    public void testGetRef_5_oe() throws SQLException {

        // removed other assertion
        // removed other assertion
        // removed other assertion
        // removed other assertion
        // Set what gets returned to something other than the default
        Ref ref = new SqlNullCheckedResultSetMockRef();
        rs2.setNullRef(ref);
        assertNotNull(rs.getRef(1));
    }
",SqlNullCheckedResultSetTest::testGetRef_5_oe,org.apache.commons.dbutils.BaseResultSetHandler,getRef(int columnIndex),"/**
     * @param columnIndex
     * @return
     * @throws SQLException
     * @see java.sql.ResultSet#getRef(int)
     */","protected final Ref getRef(int columnIndex) throws SQLException {
        return rs.getRef(columnIndex);
    }","protected final Ref getRef(int columnIndex) throws SQLException {
        return rs.getRef(columnIndex);
    }","/**
     * @param columnIndex
     * @return
     * @throws SQLException
     * @see java.sql.ResultSet#getRef(int)
     */"
dbut_60_6,"    public void testGetRef_6_oe() throws SQLException {

        // removed other assertion
        // removed other assertion
        // removed other assertion
        // removed other assertion
        // Set what gets returned to something other than the default
        Ref ref = new SqlNullCheckedResultSetMockRef();
        rs2.setNullRef(ref);
        // removed other assertion
        assertEquals(ref, rs.getRef(1));
    }
",SqlNullCheckedResultSetTest::testGetRef_6_oe,org.apache.commons.dbutils.BaseResultSetHandler,getRef(int columnIndex),"/**
     * @param columnIndex
     * @return
     * @throws SQLException
     * @see java.sql.ResultSet#getRef(int)
     */","protected final Ref getRef(int columnIndex) throws SQLException {
        return rs.getRef(columnIndex);
    }","protected final Ref getRef(int columnIndex) throws SQLException {
        return rs.getRef(columnIndex);
    }","/**
     * @param columnIndex
     * @return
     * @throws SQLException
     * @see java.sql.ResultSet#getRef(int)
     */"
dbut_60_7,"    public void testGetRef_7_oe() throws SQLException {

        // removed other assertion
        // removed other assertion
        // removed other assertion
        // removed other assertion
        // Set what gets returned to something other than the default
        Ref ref = new SqlNullCheckedResultSetMockRef();
        rs2.setNullRef(ref);
        // removed other assertion
        // removed other assertion
        assertNotNull(rs.getRef(""column""));
    }
",SqlNullCheckedResultSetTest::testGetRef_7_oe,org.apache.commons.dbutils.BaseResultSetHandler,getRef(int columnIndex),"/**
     * @param columnIndex
     * @return
     * @throws SQLException
     * @see java.sql.ResultSet#getRef(int)
     */","protected final Ref getRef(int columnIndex) throws SQLException {
        return rs.getRef(columnIndex);
    }","protected final Ref getRef(int columnIndex) throws SQLException {
        return rs.getRef(columnIndex);
    }","/**
     * @param columnIndex
     * @return
     * @throws SQLException
     * @see java.sql.ResultSet#getRef(int)
     */"
dbut_60_8,"    public void testGetRef_8_oe() throws SQLException {

        // removed other assertion
        // removed other assertion
        // removed other assertion
        // removed other assertion
        // Set what gets returned to something other than the default
        Ref ref = new SqlNullCheckedResultSetMockRef();
        rs2.setNullRef(ref);
        // removed other assertion
        // removed other assertion
        // removed other assertion
        assertEquals(ref, rs.getRef(""column""));
    }
",SqlNullCheckedResultSetTest::testGetRef_8_oe,org.apache.commons.dbutils.BaseResultSetHandler,getRef(int columnIndex),"/**
     * @param columnIndex
     * @return
     * @throws SQLException
     * @see java.sql.ResultSet#getRef(int)
     */","protected final Ref getRef(int columnIndex) throws SQLException {
        return rs.getRef(columnIndex);
    }","protected final Ref getRef(int columnIndex) throws SQLException {
        return rs.getRef(columnIndex);
    }","/**
     * @param columnIndex
     * @return
     * @throws SQLException
     * @see java.sql.ResultSet#getRef(int)
     */"
dbut_61_1,"    public void testGetShort_1_oe() throws SQLException {

        assertEquals((short) 0, rs.getShort(1));
    }
",SqlNullCheckedResultSetTest::testGetShort_1_oe,org.apache.commons.dbutils.BaseResultSetHandler,getShort(int columnIndex),"/**
     * @param columnIndex
     * @return
     * @throws SQLException
     * @see java.sql.ResultSet#getShort(int)
     */","protected final short getShort(int columnIndex) throws SQLException {
        return rs.getShort(columnIndex);
    }","protected final short getShort(int columnIndex) throws SQLException {
        return rs.getShort(columnIndex);
    }","/**
     * @param columnIndex
     * @return
     * @throws SQLException
     * @see java.sql.ResultSet#getShort(int)
     */"
dbut_61_2,"    public void testGetShort_2_oe() throws SQLException {

        // removed other assertion
        assertTrue(rs.wasNull());
    }
",SqlNullCheckedResultSetTest::testGetShort_2_oe,org.apache.commons.dbutils.BaseResultSetHandler,wasNull(),"/**
     * @return
     * @throws SQLException
     * @see java.sql.ResultSet#wasNull()
     */","protected final boolean wasNull() throws SQLException {
        return rs.wasNull();
    }","protected final boolean wasNull() throws SQLException {
        return rs.wasNull();
    }","/**
     * @return
     * @throws SQLException
     * @see java.sql.ResultSet#wasNull()
     */"
dbut_61_3,"    public void testGetShort_3_oe() throws SQLException {

        // removed other assertion
        // removed other assertion
        assertEquals((short) 0, rs.getShort(""column""));
    }
",SqlNullCheckedResultSetTest::testGetShort_3_oe,org.apache.commons.dbutils.BaseResultSetHandler,getShort(int columnIndex),"/**
     * @param columnIndex
     * @return
     * @throws SQLException
     * @see java.sql.ResultSet#getShort(int)
     */","protected final short getShort(int columnIndex) throws SQLException {
        return rs.getShort(columnIndex);
    }","protected final short getShort(int columnIndex) throws SQLException {
        return rs.getShort(columnIndex);
    }","/**
     * @param columnIndex
     * @return
     * @throws SQLException
     * @see java.sql.ResultSet#getShort(int)
     */"
dbut_61_4,"    public void testGetShort_4_oe() throws SQLException {

        // removed other assertion
        // removed other assertion
        // removed other assertion
        assertTrue(rs.wasNull());
    }
",SqlNullCheckedResultSetTest::testGetShort_4_oe,org.apache.commons.dbutils.BaseResultSetHandler,wasNull(),"/**
     * @return
     * @throws SQLException
     * @see java.sql.ResultSet#wasNull()
     */","protected final boolean wasNull() throws SQLException {
        return rs.wasNull();
    }","protected final boolean wasNull() throws SQLException {
        return rs.wasNull();
    }","/**
     * @return
     * @throws SQLException
     * @see java.sql.ResultSet#wasNull()
     */"
dbut_61_5,"    public void testGetShort_5_oe() throws SQLException {

        // removed other assertion
        // removed other assertion
        // removed other assertion
        // removed other assertion
        // Set what gets returned to something other than the default
        short s = (short) 10;
        rs2.setNullShort(s);
        assertEquals(s, rs.getShort(1));
    }
",SqlNullCheckedResultSetTest::testGetShort_5_oe,org.apache.commons.dbutils.BaseResultSetHandler,getShort(int columnIndex),"/**
     * @param columnIndex
     * @return
     * @throws SQLException
     * @see java.sql.ResultSet#getShort(int)
     */","protected final short getShort(int columnIndex) throws SQLException {
        return rs.getShort(columnIndex);
    }","protected final short getShort(int columnIndex) throws SQLException {
        return rs.getShort(columnIndex);
    }","/**
     * @param columnIndex
     * @return
     * @throws SQLException
     * @see java.sql.ResultSet#getShort(int)
     */"
dbut_61_6,"    public void testGetShort_6_oe() throws SQLException {

        // removed other assertion
        // removed other assertion
        // removed other assertion
        // removed other assertion
        // Set what gets returned to something other than the default
        short s = (short) 10;
        rs2.setNullShort(s);
        // removed other assertion
        assertEquals(s, rs.getShort(""column""));
    }
",SqlNullCheckedResultSetTest::testGetShort_6_oe,org.apache.commons.dbutils.BaseResultSetHandler,getShort(int columnIndex),"/**
     * @param columnIndex
     * @return
     * @throws SQLException
     * @see java.sql.ResultSet#getShort(int)
     */","protected final short getShort(int columnIndex) throws SQLException {
        return rs.getShort(columnIndex);
    }","protected final short getShort(int columnIndex) throws SQLException {
        return rs.getShort(columnIndex);
    }","/**
     * @param columnIndex
     * @return
     * @throws SQLException
     * @see java.sql.ResultSet#getShort(int)
     */"
dbut_62_1,"    public void testGetString_1_oe() throws SQLException {
        assertEquals(null, rs.getString(1));
    }
",SqlNullCheckedResultSetTest::testGetString_1_oe,org.apache.commons.dbutils.BaseResultSetHandler,getString(int columnIndex),"/**
     * @param columnIndex
     * @return
     * @throws SQLException
     * @see java.sql.ResultSet#getString(int)
     */","protected final String getString(int columnIndex) throws SQLException {
        return rs.getString(columnIndex);
    }","protected final String getString(int columnIndex) throws SQLException {
        return rs.getString(columnIndex);
    }","/**
     * @param columnIndex
     * @return
     * @throws SQLException
     * @see java.sql.ResultSet#getString(int)
     */"
dbut_62_2,"    public void testGetString_2_oe() throws SQLException {
        // removed other assertion
        assertTrue(rs.wasNull());
    }
",SqlNullCheckedResultSetTest::testGetString_2_oe,org.apache.commons.dbutils.BaseResultSetHandler,wasNull(),"/**
     * @return
     * @throws SQLException
     * @see java.sql.ResultSet#wasNull()
     */","protected final boolean wasNull() throws SQLException {
        return rs.wasNull();
    }","protected final boolean wasNull() throws SQLException {
        return rs.wasNull();
    }","/**
     * @return
     * @throws SQLException
     * @see java.sql.ResultSet#wasNull()
     */"
dbut_62_3,"    public void testGetString_3_oe() throws SQLException {
        // removed other assertion
        // removed other assertion
        assertEquals(null, rs.getString(""column""));
    }
",SqlNullCheckedResultSetTest::testGetString_3_oe,org.apache.commons.dbutils.BaseResultSetHandler,getString(int columnIndex),"/**
     * @param columnIndex
     * @return
     * @throws SQLException
     * @see java.sql.ResultSet#getString(int)
     */","protected final String getString(int columnIndex) throws SQLException {
        return rs.getString(columnIndex);
    }","protected final String getString(int columnIndex) throws SQLException {
        return rs.getString(columnIndex);
    }","/**
     * @param columnIndex
     * @return
     * @throws SQLException
     * @see java.sql.ResultSet#getString(int)
     */"
dbut_62_4,"    public void testGetString_4_oe() throws SQLException {
        // removed other assertion
        // removed other assertion
        // removed other assertion
        assertTrue(rs.wasNull());
    }
",SqlNullCheckedResultSetTest::testGetString_4_oe,org.apache.commons.dbutils.BaseResultSetHandler,wasNull(),"/**
     * @return
     * @throws SQLException
     * @see java.sql.ResultSet#wasNull()
     */","protected final boolean wasNull() throws SQLException {
        return rs.wasNull();
    }","protected final boolean wasNull() throws SQLException {
        return rs.wasNull();
    }","/**
     * @return
     * @throws SQLException
     * @see java.sql.ResultSet#wasNull()
     */"
dbut_62_5,"    public void testGetString_5_oe() throws SQLException {
        // removed other assertion
        // removed other assertion
        // removed other assertion
        // removed other assertion
        // Set what gets returned to something other than the default
        String s = ""hello, world"";
        rs2.setNullString(s);
        assertEquals(s, rs.getString(1));
    }
",SqlNullCheckedResultSetTest::testGetString_5_oe,org.apache.commons.dbutils.BaseResultSetHandler,getString(int columnIndex),"/**
     * @param columnIndex
     * @return
     * @throws SQLException
     * @see java.sql.ResultSet#getString(int)
     */","protected final String getString(int columnIndex) throws SQLException {
        return rs.getString(columnIndex);
    }","protected final String getString(int columnIndex) throws SQLException {
        return rs.getString(columnIndex);
    }","/**
     * @param columnIndex
     * @return
     * @throws SQLException
     * @see java.sql.ResultSet#getString(int)
     */"
dbut_62_6,"    public void testGetString_6_oe() throws SQLException {
        // removed other assertion
        // removed other assertion
        // removed other assertion
        // removed other assertion
        // Set what gets returned to something other than the default
        String s = ""hello, world"";
        rs2.setNullString(s);
        // removed other assertion
        assertEquals(s, rs.getString(""column""));
    }
",SqlNullCheckedResultSetTest::testGetString_6_oe,org.apache.commons.dbutils.BaseResultSetHandler,getString(int columnIndex),"/**
     * @param columnIndex
     * @return
     * @throws SQLException
     * @see java.sql.ResultSet#getString(int)
     */","protected final String getString(int columnIndex) throws SQLException {
        return rs.getString(columnIndex);
    }","protected final String getString(int columnIndex) throws SQLException {
        return rs.getString(columnIndex);
    }","/**
     * @param columnIndex
     * @return
     * @throws SQLException
     * @see java.sql.ResultSet#getString(int)
     */"
dbut_63_1,"    public void testGetTime_1_oe() throws SQLException {

        assertNull(rs.getTime(1));
    }
",SqlNullCheckedResultSetTest::testGetTime_1_oe,org.apache.commons.dbutils.BaseResultSetHandler,"getTime(int columnIndex, Calendar cal)","/**
     * @param columnIndex
     * @param cal
     * @return
     * @throws SQLException
     * @see java.sql.ResultSet#getTime(int, java.util.Calendar)
     */","protected final Time getTime(int columnIndex, Calendar cal) throws SQLException {
        return rs.getTime(columnIndex, cal);
    }","protected final Time getTime(int columnIndex, Calendar cal) throws SQLException {
        return rs.getTime(columnIndex, cal);
    }","/**
     * @param columnIndex
     * @param cal
     * @return
     * @throws SQLException
     * @see java.sql.ResultSet#getTime(int, java.util.Calendar)
     */"
dbut_63_2,"    public void testGetTime_2_oe() throws SQLException {

        // removed other assertion
        assertTrue(rs.wasNull());
    }
",SqlNullCheckedResultSetTest::testGetTime_2_oe,org.apache.commons.dbutils.BaseResultSetHandler,wasNull(),"/**
     * @return
     * @throws SQLException
     * @see java.sql.ResultSet#wasNull()
     */","protected final boolean wasNull() throws SQLException {
        return rs.wasNull();
    }","protected final boolean wasNull() throws SQLException {
        return rs.wasNull();
    }","/**
     * @return
     * @throws SQLException
     * @see java.sql.ResultSet#wasNull()
     */"
dbut_63_3,"    public void testGetTime_3_oe() throws SQLException {

        // removed other assertion
        // removed other assertion
        assertNull(rs.getTime(""column""));
    }
",SqlNullCheckedResultSetTest::testGetTime_3_oe,org.apache.commons.dbutils.BaseResultSetHandler,"getTime(int columnIndex, Calendar cal)","/**
     * @param columnIndex
     * @param cal
     * @return
     * @throws SQLException
     * @see java.sql.ResultSet#getTime(int, java.util.Calendar)
     */","protected final Time getTime(int columnIndex, Calendar cal) throws SQLException {
        return rs.getTime(columnIndex, cal);
    }","protected final Time getTime(int columnIndex, Calendar cal) throws SQLException {
        return rs.getTime(columnIndex, cal);
    }","/**
     * @param columnIndex
     * @param cal
     * @return
     * @throws SQLException
     * @see java.sql.ResultSet#getTime(int, java.util.Calendar)
     */"
dbut_63_4,"    public void testGetTime_4_oe() throws SQLException {

        // removed other assertion
        // removed other assertion
        // removed other assertion
        assertTrue(rs.wasNull());
    }
",SqlNullCheckedResultSetTest::testGetTime_4_oe,org.apache.commons.dbutils.BaseResultSetHandler,wasNull(),"/**
     * @return
     * @throws SQLException
     * @see java.sql.ResultSet#wasNull()
     */","protected final boolean wasNull() throws SQLException {
        return rs.wasNull();
    }","protected final boolean wasNull() throws SQLException {
        return rs.wasNull();
    }","/**
     * @return
     * @throws SQLException
     * @see java.sql.ResultSet#wasNull()
     */"
dbut_63_5,"    public void testGetTime_5_oe() throws SQLException {

        // removed other assertion
        // removed other assertion
        // removed other assertion
        // removed other assertion
        assertNull(rs.getTime(1, Calendar.getInstance()));
    }
",SqlNullCheckedResultSetTest::testGetTime_5_oe,org.apache.commons.dbutils.BaseResultSetHandler,"getTime(int columnIndex, Calendar cal)","/**
     * @param columnIndex
     * @param cal
     * @return
     * @throws SQLException
     * @see java.sql.ResultSet#getTime(int, java.util.Calendar)
     */","protected final Time getTime(int columnIndex, Calendar cal) throws SQLException {
        return rs.getTime(columnIndex, cal);
    }",,
dbut_63_6,"    public void testGetTime_6_oe() throws SQLException {

        // removed other assertion
        // removed other assertion
        // removed other assertion
        // removed other assertion
        // removed other assertion
        assertTrue(rs.wasNull());
    }
",SqlNullCheckedResultSetTest::testGetTime_6_oe,org.apache.commons.dbutils.BaseResultSetHandler,wasNull(),"/**
     * @return
     * @throws SQLException
     * @see java.sql.ResultSet#wasNull()
     */","protected final boolean wasNull() throws SQLException {
        return rs.wasNull();
    }","protected final boolean wasNull() throws SQLException {
        return rs.wasNull();
    }","/**
     * @return
     * @throws SQLException
     * @see java.sql.ResultSet#wasNull()
     */"
dbut_63_7,"    public void testGetTime_7_oe() throws SQLException {

        // removed other assertion
        // removed other assertion
        // removed other assertion
        // removed other assertion
        // removed other assertion
        // removed other assertion
        assertNull(rs.getTime(""column"", Calendar.getInstance()));
    }
",SqlNullCheckedResultSetTest::testGetTime_7_oe,org.apache.commons.dbutils.BaseResultSetHandler,"getTime(int columnIndex, Calendar cal)","/**
     * @param columnIndex
     * @param cal
     * @return
     * @throws SQLException
     * @see java.sql.ResultSet#getTime(int, java.util.Calendar)
     */","protected final Time getTime(int columnIndex, Calendar cal) throws SQLException {
        return rs.getTime(columnIndex, cal);
    }",,
dbut_63_8,"    public void testGetTime_8_oe() throws SQLException {

        // removed other assertion
        // removed other assertion
        // removed other assertion
        // removed other assertion
        // removed other assertion
        // removed other assertion
        // removed other assertion
        assertTrue(rs.wasNull());
    }
",SqlNullCheckedResultSetTest::testGetTime_8_oe,org.apache.commons.dbutils.BaseResultSetHandler,wasNull(),"/**
     * @return
     * @throws SQLException
     * @see java.sql.ResultSet#wasNull()
     */","protected final boolean wasNull() throws SQLException {
        return rs.wasNull();
    }","protected final boolean wasNull() throws SQLException {
        return rs.wasNull();
    }","/**
     * @return
     * @throws SQLException
     * @see java.sql.ResultSet#wasNull()
     */"
dbut_63_9,"    public void testGetTime_9_oe() throws SQLException {

        // removed other assertion
        // removed other assertion
        // removed other assertion
        // removed other assertion
        // removed other assertion
        // removed other assertion
        // removed other assertion
        // removed other assertion
        // Set what gets returned to something other than the default
        Time time = new Time(new java.util.Date().getTime());
        rs2.setNullTime(time);
        assertNotNull(rs.getTime(1));
    }
",SqlNullCheckedResultSetTest::testGetTime_9_oe,org.apache.commons.dbutils.BaseResultSetHandler,"getTime(int columnIndex, Calendar cal)","/**
     * @param columnIndex
     * @param cal
     * @return
     * @throws SQLException
     * @see java.sql.ResultSet#getTime(int, java.util.Calendar)
     */","protected final Time getTime(int columnIndex, Calendar cal) throws SQLException {
        return rs.getTime(columnIndex, cal);
    }","protected final Time getTime(int columnIndex, Calendar cal) throws SQLException {
        return rs.getTime(columnIndex, cal);
    }","/**
     * @param columnIndex
     * @param cal
     * @return
     * @throws SQLException
     * @see java.sql.ResultSet#getTime(int, java.util.Calendar)
     */"
dbut_63_10,"    public void testGetTime_10_oe() throws SQLException {

        // removed other assertion
        // removed other assertion
        // removed other assertion
        // removed other assertion
        // removed other assertion
        // removed other assertion
        // removed other assertion
        // removed other assertion
        // Set what gets returned to something other than the default
        Time time = new Time(new java.util.Date().getTime());
        rs2.setNullTime(time);
        // removed other assertion
        assertEquals(time, rs.getTime(1));
    }
",SqlNullCheckedResultSetTest::testGetTime_10_oe,org.apache.commons.dbutils.BaseResultSetHandler,"getTime(int columnIndex, Calendar cal)","/**
     * @param columnIndex
     * @param cal
     * @return
     * @throws SQLException
     * @see java.sql.ResultSet#getTime(int, java.util.Calendar)
     */","protected final Time getTime(int columnIndex, Calendar cal) throws SQLException {
        return rs.getTime(columnIndex, cal);
    }","protected final Time getTime(int columnIndex, Calendar cal) throws SQLException {
        return rs.getTime(columnIndex, cal);
    }","/**
     * @param columnIndex
     * @param cal
     * @return
     * @throws SQLException
     * @see java.sql.ResultSet#getTime(int, java.util.Calendar)
     */"
dbut_63_11,"    public void testGetTime_11_oe() throws SQLException {

        // removed other assertion
        // removed other assertion
        // removed other assertion
        // removed other assertion
        // removed other assertion
        // removed other assertion
        // removed other assertion
        // removed other assertion
        // Set what gets returned to something other than the default
        Time time = new Time(new java.util.Date().getTime());
        rs2.setNullTime(time);
        // removed other assertion
        // removed other assertion
        assertNotNull(rs.getTime(""column""));
    }
",SqlNullCheckedResultSetTest::testGetTime_11_oe,org.apache.commons.dbutils.BaseResultSetHandler,"getTime(int columnIndex, Calendar cal)","/**
     * @param columnIndex
     * @param cal
     * @return
     * @throws SQLException
     * @see java.sql.ResultSet#getTime(int, java.util.Calendar)
     */","protected final Time getTime(int columnIndex, Calendar cal) throws SQLException {
        return rs.getTime(columnIndex, cal);
    }","protected final Time getTime(int columnIndex, Calendar cal) throws SQLException {
        return rs.getTime(columnIndex, cal);
    }","/**
     * @param columnIndex
     * @param cal
     * @return
     * @throws SQLException
     * @see java.sql.ResultSet#getTime(int, java.util.Calendar)
     */"
dbut_63_12,"    public void testGetTime_12_oe() throws SQLException {

        // removed other assertion
        // removed other assertion
        // removed other assertion
        // removed other assertion
        // removed other assertion
        // removed other assertion
        // removed other assertion
        // removed other assertion
        // Set what gets returned to something other than the default
        Time time = new Time(new java.util.Date().getTime());
        rs2.setNullTime(time);
        // removed other assertion
        // removed other assertion
        // removed other assertion
        assertEquals(time, rs.getTime(""column""));
    }
",SqlNullCheckedResultSetTest::testGetTime_12_oe,org.apache.commons.dbutils.BaseResultSetHandler,"getTime(int columnIndex, Calendar cal)","/**
     * @param columnIndex
     * @param cal
     * @return
     * @throws SQLException
     * @see java.sql.ResultSet#getTime(int, java.util.Calendar)
     */","protected final Time getTime(int columnIndex, Calendar cal) throws SQLException {
        return rs.getTime(columnIndex, cal);
    }","protected final Time getTime(int columnIndex, Calendar cal) throws SQLException {
        return rs.getTime(columnIndex, cal);
    }","/**
     * @param columnIndex
     * @param cal
     * @return
     * @throws SQLException
     * @see java.sql.ResultSet#getTime(int, java.util.Calendar)
     */"
dbut_63_13,"    public void testGetTime_13_oe() throws SQLException {

        // removed other assertion
        // removed other assertion
        // removed other assertion
        // removed other assertion
        // removed other assertion
        // removed other assertion
        // removed other assertion
        // removed other assertion
        // Set what gets returned to something other than the default
        Time time = new Time(new java.util.Date().getTime());
        rs2.setNullTime(time);
        // removed other assertion
        // removed other assertion
        // removed other assertion
        // removed other assertion
        assertNotNull(rs.getTime(1, Calendar.getInstance()));
    }
",SqlNullCheckedResultSetTest::testGetTime_13_oe,org.apache.commons.dbutils.BaseResultSetHandler,"getTime(int columnIndex, Calendar cal)","/**
     * @param columnIndex
     * @param cal
     * @return
     * @throws SQLException
     * @see java.sql.ResultSet#getTime(int, java.util.Calendar)
     */","protected final Time getTime(int columnIndex, Calendar cal) throws SQLException {
        return rs.getTime(columnIndex, cal);
    }","public void setNullTime(Time nullTime) {
        this.nullTime = nullTime;
    }","/**
     * Sets the value to return when a SQL null is encountered as the result of
     * invoking a <code>getTime</code> method.
     *
     * @param nullTime the value
     */"
dbut_63_14,"    public void testGetTime_14_oe() throws SQLException {

        // removed other assertion
        // removed other assertion
        // removed other assertion
        // removed other assertion
        // removed other assertion
        // removed other assertion
        // removed other assertion
        // removed other assertion
        // Set what gets returned to something other than the default
        Time time = new Time(new java.util.Date().getTime());
        rs2.setNullTime(time);
        // removed other assertion
        // removed other assertion
        // removed other assertion
        // removed other assertion
        // removed other assertion
        assertEquals(time, rs.getTime(1, Calendar.getInstance()));
    }
",SqlNullCheckedResultSetTest::testGetTime_14_oe,org.apache.commons.dbutils.BaseResultSetHandler,"getTime(int columnIndex, Calendar cal)","/**
     * @param columnIndex
     * @param cal
     * @return
     * @throws SQLException
     * @see java.sql.ResultSet#getTime(int, java.util.Calendar)
     */","protected final Time getTime(int columnIndex, Calendar cal) throws SQLException {
        return rs.getTime(columnIndex, cal);
    }","protected final Time getTime(int columnIndex, Calendar cal) throws SQLException {
        return rs.getTime(columnIndex, cal);
    }","/**
     * @param columnIndex
     * @param cal
     * @return
     * @throws SQLException
     * @see java.sql.ResultSet#getTime(int, java.util.Calendar)
     */"
dbut_63_15,"    public void testGetTime_15_oe() throws SQLException {

        // removed other assertion
        // removed other assertion
        // removed other assertion
        // removed other assertion
        // removed other assertion
        // removed other assertion
        // removed other assertion
        // removed other assertion
        // Set what gets returned to something other than the default
        Time time = new Time(new java.util.Date().getTime());
        rs2.setNullTime(time);
        // removed other assertion
        // removed other assertion
        // removed other assertion
        // removed other assertion
        // removed other assertion
        // removed other assertion
        assertNotNull(rs.getTime(""column"", Calendar.getInstance()));
    }
",SqlNullCheckedResultSetTest::testGetTime_15_oe,org.apache.commons.dbutils.BaseResultSetHandler,"getTime(int columnIndex, Calendar cal)","/**
     * @param columnIndex
     * @param cal
     * @return
     * @throws SQLException
     * @see java.sql.ResultSet#getTime(int, java.util.Calendar)
     */","protected final Time getTime(int columnIndex, Calendar cal) throws SQLException {
        return rs.getTime(columnIndex, cal);
    }","public void setNullTime(Time nullTime) {
        this.nullTime = nullTime;
    }","/**
     * Sets the value to return when a SQL null is encountered as the result of
     * invoking a <code>getTime</code> method.
     *
     * @param nullTime the value
     */"
dbut_63_16,"    public void testGetTime_16_oe() throws SQLException {

        // removed other assertion
        // removed other assertion
        // removed other assertion
        // removed other assertion
        // removed other assertion
        // removed other assertion
        // removed other assertion
        // removed other assertion
        // Set what gets returned to something other than the default
        Time time = new Time(new java.util.Date().getTime());
        rs2.setNullTime(time);
        // removed other assertion
        // removed other assertion
        // removed other assertion
        // removed other assertion
        // removed other assertion
        // removed other assertion
        // removed other assertion
        assertEquals(time, rs.getTime(""column"", Calendar.getInstance()));
    }
",SqlNullCheckedResultSetTest::testGetTime_16_oe,org.apache.commons.dbutils.BaseResultSetHandler,"getTime(int columnIndex, Calendar cal)","/**
     * @param columnIndex
     * @param cal
     * @return
     * @throws SQLException
     * @see java.sql.ResultSet#getTime(int, java.util.Calendar)
     */","protected final Time getTime(int columnIndex, Calendar cal) throws SQLException {
        return rs.getTime(columnIndex, cal);
    }","protected final Time getTime(int columnIndex, Calendar cal) throws SQLException {
        return rs.getTime(columnIndex, cal);
    }","/**
     * @param columnIndex
     * @param cal
     * @return
     * @throws SQLException
     * @see java.sql.ResultSet#getTime(int, java.util.Calendar)
     */"
dbut_64_1,"    public void testGetTimestamp_1_oe() throws SQLException {

        assertNull(rs.getTimestamp(1));
    }
",SqlNullCheckedResultSetTest::testGetTimestamp_1_oe,org.apache.commons.dbutils.BaseResultSetHandler,"getTimestamp(int columnIndex, Calendar cal)","/**
     * @param columnIndex
     * @param cal
     * @return
     * @throws SQLException
     * @see java.sql.ResultSet#getTimestamp(int, java.util.Calendar)
     */","protected final Timestamp getTimestamp(int columnIndex, Calendar cal) throws SQLException {
        return rs.getTimestamp(columnIndex, cal);
    }","protected final Timestamp getTimestamp(int columnIndex, Calendar cal) throws SQLException {
        return rs.getTimestamp(columnIndex, cal);
    }","/**
     * @param columnIndex
     * @param cal
     * @return
     * @throws SQLException
     * @see java.sql.ResultSet#getTimestamp(int, java.util.Calendar)
     */"
dbut_64_2,"    public void testGetTimestamp_2_oe() throws SQLException {

        // removed other assertion
        assertTrue(rs.wasNull());
    }
",SqlNullCheckedResultSetTest::testGetTimestamp_2_oe,org.apache.commons.dbutils.BaseResultSetHandler,wasNull(),"/**
     * @return
     * @throws SQLException
     * @see java.sql.ResultSet#wasNull()
     */","protected final boolean wasNull() throws SQLException {
        return rs.wasNull();
    }","protected final boolean wasNull() throws SQLException {
        return rs.wasNull();
    }","/**
     * @return
     * @throws SQLException
     * @see java.sql.ResultSet#wasNull()
     */"
dbut_64_3,"    public void testGetTimestamp_3_oe() throws SQLException {

        // removed other assertion
        // removed other assertion
        assertNull(rs.getTimestamp(""column""));
    }
",SqlNullCheckedResultSetTest::testGetTimestamp_3_oe,org.apache.commons.dbutils.BaseResultSetHandler,"getTimestamp(int columnIndex, Calendar cal)","/**
     * @param columnIndex
     * @param cal
     * @return
     * @throws SQLException
     * @see java.sql.ResultSet#getTimestamp(int, java.util.Calendar)
     */","protected final Timestamp getTimestamp(int columnIndex, Calendar cal) throws SQLException {
        return rs.getTimestamp(columnIndex, cal);
    }","protected final Timestamp getTimestamp(int columnIndex, Calendar cal) throws SQLException {
        return rs.getTimestamp(columnIndex, cal);
    }","/**
     * @param columnIndex
     * @param cal
     * @return
     * @throws SQLException
     * @see java.sql.ResultSet#getTimestamp(int, java.util.Calendar)
     */"
dbut_64_4,"    public void testGetTimestamp_4_oe() throws SQLException {

        // removed other assertion
        // removed other assertion
        // removed other assertion
        assertTrue(rs.wasNull());
    }
",SqlNullCheckedResultSetTest::testGetTimestamp_4_oe,org.apache.commons.dbutils.BaseResultSetHandler,wasNull(),"/**
     * @return
     * @throws SQLException
     * @see java.sql.ResultSet#wasNull()
     */","protected final boolean wasNull() throws SQLException {
        return rs.wasNull();
    }","protected final boolean wasNull() throws SQLException {
        return rs.wasNull();
    }","/**
     * @return
     * @throws SQLException
     * @see java.sql.ResultSet#wasNull()
     */"
dbut_64_5,"    public void testGetTimestamp_5_oe() throws SQLException {

        // removed other assertion
        // removed other assertion
        // removed other assertion
        // removed other assertion
        assertNull(rs.getTimestamp(1, Calendar.getInstance()));
    }
",SqlNullCheckedResultSetTest::testGetTimestamp_5_oe,org.apache.commons.dbutils.BaseResultSetHandler,"getTimestamp(int columnIndex, Calendar cal)","/**
     * @param columnIndex
     * @param cal
     * @return
     * @throws SQLException
     * @see java.sql.ResultSet#getTimestamp(int, java.util.Calendar)
     */","protected final Timestamp getTimestamp(int columnIndex, Calendar cal) throws SQLException {
        return rs.getTimestamp(columnIndex, cal);
    }",,
dbut_64_6,"    public void testGetTimestamp_6_oe() throws SQLException {

        // removed other assertion
        // removed other assertion
        // removed other assertion
        // removed other assertion
        // removed other assertion
        assertTrue(rs.wasNull());
    }
",SqlNullCheckedResultSetTest::testGetTimestamp_6_oe,org.apache.commons.dbutils.BaseResultSetHandler,wasNull(),"/**
     * @return
     * @throws SQLException
     * @see java.sql.ResultSet#wasNull()
     */","protected final boolean wasNull() throws SQLException {
        return rs.wasNull();
    }","protected final boolean wasNull() throws SQLException {
        return rs.wasNull();
    }","/**
     * @return
     * @throws SQLException
     * @see java.sql.ResultSet#wasNull()
     */"
dbut_64_7,"    public void testGetTimestamp_7_oe() throws SQLException {

        // removed other assertion
        // removed other assertion
        // removed other assertion
        // removed other assertion
        // removed other assertion
        // removed other assertion
        assertNull(rs.getTimestamp(""column"", Calendar.getInstance()));
    }
",SqlNullCheckedResultSetTest::testGetTimestamp_7_oe,org.apache.commons.dbutils.BaseResultSetHandler,"getTimestamp(int columnIndex, Calendar cal)","/**
     * @param columnIndex
     * @param cal
     * @return
     * @throws SQLException
     * @see java.sql.ResultSet#getTimestamp(int, java.util.Calendar)
     */","protected final Timestamp getTimestamp(int columnIndex, Calendar cal) throws SQLException {
        return rs.getTimestamp(columnIndex, cal);
    }",,
dbut_64_8,"    public void testGetTimestamp_8_oe() throws SQLException {

        // removed other assertion
        // removed other assertion
        // removed other assertion
        // removed other assertion
        // removed other assertion
        // removed other assertion
        // removed other assertion
        assertTrue(rs.wasNull());
    }
",SqlNullCheckedResultSetTest::testGetTimestamp_8_oe,org.apache.commons.dbutils.BaseResultSetHandler,wasNull(),"/**
     * @return
     * @throws SQLException
     * @see java.sql.ResultSet#wasNull()
     */","protected final boolean wasNull() throws SQLException {
        return rs.wasNull();
    }","protected final boolean wasNull() throws SQLException {
        return rs.wasNull();
    }","/**
     * @return
     * @throws SQLException
     * @see java.sql.ResultSet#wasNull()
     */"
dbut_64_9,"    public void testGetTimestamp_9_oe() throws SQLException {

        // removed other assertion
        // removed other assertion
        // removed other assertion
        // removed other assertion
        // removed other assertion
        // removed other assertion
        // removed other assertion
        // removed other assertion
        // Set what gets returned to something other than the default
        Timestamp ts = new Timestamp(new java.util.Date().getTime());
        rs2.setNullTimestamp(ts);
        assertNotNull(rs.getTimestamp(1));
    }
",SqlNullCheckedResultSetTest::testGetTimestamp_9_oe,org.apache.commons.dbutils.BaseResultSetHandler,"getTimestamp(int columnIndex, Calendar cal)","/**
     * @param columnIndex
     * @param cal
     * @return
     * @throws SQLException
     * @see java.sql.ResultSet#getTimestamp(int, java.util.Calendar)
     */","protected final Timestamp getTimestamp(int columnIndex, Calendar cal) throws SQLException {
        return rs.getTimestamp(columnIndex, cal);
    }","protected final Timestamp getTimestamp(int columnIndex, Calendar cal) throws SQLException {
        return rs.getTimestamp(columnIndex, cal);
    }","/**
     * @param columnIndex
     * @param cal
     * @return
     * @throws SQLException
     * @see java.sql.ResultSet#getTimestamp(int, java.util.Calendar)
     */"
dbut_64_10,"    public void testGetTimestamp_10_oe() throws SQLException {

        // removed other assertion
        // removed other assertion
        // removed other assertion
        // removed other assertion
        // removed other assertion
        // removed other assertion
        // removed other assertion
        // removed other assertion
        // Set what gets returned to something other than the default
        Timestamp ts = new Timestamp(new java.util.Date().getTime());
        rs2.setNullTimestamp(ts);
        // removed other assertion
        assertEquals(ts, rs.getTimestamp(1));
    }
",SqlNullCheckedResultSetTest::testGetTimestamp_10_oe,org.apache.commons.dbutils.BaseResultSetHandler,"getTimestamp(int columnIndex, Calendar cal)","/**
     * @param columnIndex
     * @param cal
     * @return
     * @throws SQLException
     * @see java.sql.ResultSet#getTimestamp(int, java.util.Calendar)
     */","protected final Timestamp getTimestamp(int columnIndex, Calendar cal) throws SQLException {
        return rs.getTimestamp(columnIndex, cal);
    }","protected final Timestamp getTimestamp(int columnIndex, Calendar cal) throws SQLException {
        return rs.getTimestamp(columnIndex, cal);
    }","/**
     * @param columnIndex
     * @param cal
     * @return
     * @throws SQLException
     * @see java.sql.ResultSet#getTimestamp(int, java.util.Calendar)
     */"
dbut_64_11,"    public void testGetTimestamp_11_oe() throws SQLException {

        // removed other assertion
        // removed other assertion
        // removed other assertion
        // removed other assertion
        // removed other assertion
        // removed other assertion
        // removed other assertion
        // removed other assertion
        // Set what gets returned to something other than the default
        Timestamp ts = new Timestamp(new java.util.Date().getTime());
        rs2.setNullTimestamp(ts);
        // removed other assertion
        // removed other assertion
        assertNotNull(rs.getTimestamp(""column""));
    }
",SqlNullCheckedResultSetTest::testGetTimestamp_11_oe,org.apache.commons.dbutils.BaseResultSetHandler,"getTimestamp(int columnIndex, Calendar cal)","/**
     * @param columnIndex
     * @param cal
     * @return
     * @throws SQLException
     * @see java.sql.ResultSet#getTimestamp(int, java.util.Calendar)
     */","protected final Timestamp getTimestamp(int columnIndex, Calendar cal) throws SQLException {
        return rs.getTimestamp(columnIndex, cal);
    }","protected final Timestamp getTimestamp(int columnIndex, Calendar cal) throws SQLException {
        return rs.getTimestamp(columnIndex, cal);
    }","/**
     * @param columnIndex
     * @param cal
     * @return
     * @throws SQLException
     * @see java.sql.ResultSet#getTimestamp(int, java.util.Calendar)
     */"
dbut_64_12,"    public void testGetTimestamp_12_oe() throws SQLException {

        // removed other assertion
        // removed other assertion
        // removed other assertion
        // removed other assertion
        // removed other assertion
        // removed other assertion
        // removed other assertion
        // removed other assertion
        // Set what gets returned to something other than the default
        Timestamp ts = new Timestamp(new java.util.Date().getTime());
        rs2.setNullTimestamp(ts);
        // removed other assertion
        // removed other assertion
        // removed other assertion
        assertEquals(ts, rs.getTimestamp(""column""));
    }
",SqlNullCheckedResultSetTest::testGetTimestamp_12_oe,org.apache.commons.dbutils.BaseResultSetHandler,"getTimestamp(int columnIndex, Calendar cal)","/**
     * @param columnIndex
     * @param cal
     * @return
     * @throws SQLException
     * @see java.sql.ResultSet#getTimestamp(int, java.util.Calendar)
     */","protected final Timestamp getTimestamp(int columnIndex, Calendar cal) throws SQLException {
        return rs.getTimestamp(columnIndex, cal);
    }","protected final Timestamp getTimestamp(int columnIndex, Calendar cal) throws SQLException {
        return rs.getTimestamp(columnIndex, cal);
    }","/**
     * @param columnIndex
     * @param cal
     * @return
     * @throws SQLException
     * @see java.sql.ResultSet#getTimestamp(int, java.util.Calendar)
     */"
dbut_64_13,"    public void testGetTimestamp_13_oe() throws SQLException {

        // removed other assertion
        // removed other assertion
        // removed other assertion
        // removed other assertion
        // removed other assertion
        // removed other assertion
        // removed other assertion
        // removed other assertion
        // Set what gets returned to something other than the default
        Timestamp ts = new Timestamp(new java.util.Date().getTime());
        rs2.setNullTimestamp(ts);
        // removed other assertion
        // removed other assertion
        // removed other assertion
        // removed other assertion
        assertNotNull(rs.getTimestamp(1, Calendar.getInstance()));
    }
",SqlNullCheckedResultSetTest::testGetTimestamp_13_oe,org.apache.commons.dbutils.BaseResultSetHandler,"getTimestamp(int columnIndex, Calendar cal)","/**
     * @param columnIndex
     * @param cal
     * @return
     * @throws SQLException
     * @see java.sql.ResultSet#getTimestamp(int, java.util.Calendar)
     */","protected final Timestamp getTimestamp(int columnIndex, Calendar cal) throws SQLException {
        return rs.getTimestamp(columnIndex, cal);
    }","public void setNullTimestamp(Timestamp nullTimestamp) {
        this.nullTimestamp = nullTimestamp != null ? new Timestamp(nullTimestamp.getTime()) : null;
    }","/**
     * Sets the value to return when a SQL null is encountered as the result of
     * invoking a <code>getTimestamp</code> method.
     *
     * @param nullTimestamp the value
     */"
dbut_64_14,"    public void testGetTimestamp_14_oe() throws SQLException {

        // removed other assertion
        // removed other assertion
        // removed other assertion
        // removed other assertion
        // removed other assertion
        // removed other assertion
        // removed other assertion
        // removed other assertion
        // Set what gets returned to something other than the default
        Timestamp ts = new Timestamp(new java.util.Date().getTime());
        rs2.setNullTimestamp(ts);
        // removed other assertion
        // removed other assertion
        // removed other assertion
        // removed other assertion
        // removed other assertion
        assertEquals(ts, rs.getTimestamp(1, Calendar.getInstance()));
    }
",SqlNullCheckedResultSetTest::testGetTimestamp_14_oe,org.apache.commons.dbutils.BaseResultSetHandler,"getTimestamp(int columnIndex, Calendar cal)","/**
     * @param columnIndex
     * @param cal
     * @return
     * @throws SQLException
     * @see java.sql.ResultSet#getTimestamp(int, java.util.Calendar)
     */","protected final Timestamp getTimestamp(int columnIndex, Calendar cal) throws SQLException {
        return rs.getTimestamp(columnIndex, cal);
    }","protected final Timestamp getTimestamp(int columnIndex, Calendar cal) throws SQLException {
        return rs.getTimestamp(columnIndex, cal);
    }","/**
     * @param columnIndex
     * @param cal
     * @return
     * @throws SQLException
     * @see java.sql.ResultSet#getTimestamp(int, java.util.Calendar)
     */"
dbut_64_15,"    public void testGetTimestamp_15_oe() throws SQLException {

        // removed other assertion
        // removed other assertion
        // removed other assertion
        // removed other assertion
        // removed other assertion
        // removed other assertion
        // removed other assertion
        // removed other assertion
        // Set what gets returned to something other than the default
        Timestamp ts = new Timestamp(new java.util.Date().getTime());
        rs2.setNullTimestamp(ts);
        // removed other assertion
        // removed other assertion
        // removed other assertion
        // removed other assertion
        // removed other assertion
        // removed other assertion
        assertNotNull(rs.getTimestamp(""column"", Calendar.getInstance()));
    }
",SqlNullCheckedResultSetTest::testGetTimestamp_15_oe,org.apache.commons.dbutils.BaseResultSetHandler,"getTimestamp(int columnIndex, Calendar cal)","/**
     * @param columnIndex
     * @param cal
     * @return
     * @throws SQLException
     * @see java.sql.ResultSet#getTimestamp(int, java.util.Calendar)
     */","protected final Timestamp getTimestamp(int columnIndex, Calendar cal) throws SQLException {
        return rs.getTimestamp(columnIndex, cal);
    }","public void setNullTimestamp(Timestamp nullTimestamp) {
        this.nullTimestamp = nullTimestamp != null ? new Timestamp(nullTimestamp.getTime()) : null;
    }","/**
     * Sets the value to return when a SQL null is encountered as the result of
     * invoking a <code>getTimestamp</code> method.
     *
     * @param nullTimestamp the value
     */"
dbut_64_16,"    public void testGetTimestamp_16_oe() throws SQLException {

        // removed other assertion
        // removed other assertion
        // removed other assertion
        // removed other assertion
        // removed other assertion
        // removed other assertion
        // removed other assertion
        // removed other assertion
        // Set what gets returned to something other than the default
        Timestamp ts = new Timestamp(new java.util.Date().getTime());
        rs2.setNullTimestamp(ts);
        // removed other assertion
        // removed other assertion
        // removed other assertion
        // removed other assertion
        // removed other assertion
        // removed other assertion
        // removed other assertion
        assertEquals(ts, rs.getTimestamp(""column"", Calendar.getInstance()));
    }
",SqlNullCheckedResultSetTest::testGetTimestamp_16_oe,org.apache.commons.dbutils.BaseResultSetHandler,"getTimestamp(int columnIndex, Calendar cal)","/**
     * @param columnIndex
     * @param cal
     * @return
     * @throws SQLException
     * @see java.sql.ResultSet#getTimestamp(int, java.util.Calendar)
     */","protected final Timestamp getTimestamp(int columnIndex, Calendar cal) throws SQLException {
        return rs.getTimestamp(columnIndex, cal);
    }","protected final Timestamp getTimestamp(int columnIndex, Calendar cal) throws SQLException {
        return rs.getTimestamp(columnIndex, cal);
    }","/**
     * @param columnIndex
     * @param cal
     * @return
     * @throws SQLException
     * @see java.sql.ResultSet#getTimestamp(int, java.util.Calendar)
     */"
dbut_65_1,"    public void testURL_1_oe() throws SQLException, MalformedURLException,
            IllegalAccessException, IllegalArgumentException,
            java.lang.reflect.InvocationTargetException
    {
        Method getUrlInt = null;
        Method getUrlString = null;
        try {
            getUrlInt = ResultSet.class.getMethod(""getURL"",
                        new Class[] { Integer.TYPE } );
            getUrlString = ResultSet.class.getMethod(""getURL"",
                           new Class[] { String.class } );
        } catch(NoSuchMethodException e) {
            // ignore
        } catch(SecurityException e) {
            // ignore
        }
        if (getUrlInt != null && getUrlString != null) {
            assertEquals(null, getUrlInt.invoke(rs, new Object[] { Integer.valueOf(1) } ) );
    }
    }
",SqlNullCheckedResultSetTest::testURL_1_oe,org.apache.commons.dbutils.wrappers.StringTrimmedResultSet,"invoke(Object proxy, Method method, Object[] args)","/**
     * Intercept calls to the <code>getString()</code> and
     * <code>getObject()</code> methods and trim any Strings before they're
     * returned.
     *
     * @see java.lang.reflect.InvocationHandler#invoke(java.lang.Object, java.lang.reflect.Method, java.lang.Object[])
     * @param proxy Not used; all method calls go to the internal result set
     * @param method The method to invoke on the result set
     * @param args The arguments to pass to the result set
     * @return string trimmed result
     * @throws Throwable error
     */","@Override
    public Object invoke(Object proxy, Method method, Object[] args)
        throws Throwable {

        Object result = method.invoke(this.rs, args);

        if ((method.getName().equals(""getObject"")
            || method.getName().equals(""getString""))
                && result instanceof String) {
            result = ((String) result).trim();
        }

        return result;
    }","@Override
    public Object invoke(Object proxy, Method method, Object[] args)
        throws Throwable {

        Object result = method.invoke(this.rs, args);

        Method nullMethod = nullMethods.get(method.getName());

        // Check nullMethod != null first so that we don't call wasNull()
        // before a true getter method was invoked on the ResultSet.
        return (nullMethod != null && this.rs.wasNull())
            ? nullMethod.invoke(this, (Object[]) null)
            : result;
    }","/**
     * Intercepts calls to <code>get*</code> methods and calls the appropriate
     * <code>getNull*</code> method if the <code>ResultSet</code> returned
     * <code>null</code>.
     *
     *  @see java.lang.reflect.InvocationHandler#invoke(java.lang.Object, java.lang.reflect.Method, java.lang.Object[])
     * @param proxy Not used; all method calls go to the internal result set
     * @param method The method to invoke on the result set
     * @param args The arguments to pass to the result set
     * @return null checked result
     * @throws Throwable error
     */"
dbut_65_2,"    public void testURL_2_oe() throws SQLException, MalformedURLException,
            IllegalAccessException, IllegalArgumentException,
            java.lang.reflect.InvocationTargetException
    {
        Method getUrlInt = null;
        Method getUrlString = null;
        try {
            getUrlInt = ResultSet.class.getMethod(""getURL"",
                        new Class[] { Integer.TYPE } );
            getUrlString = ResultSet.class.getMethod(""getURL"",
                           new Class[] { String.class } );
        } catch(NoSuchMethodException e) {
            // ignore
        } catch(SecurityException e) {
            // ignore
        }
        if (getUrlInt != null && getUrlString != null) {
            // removed other assertion
            assertTrue(rs.wasNull());
    }
    }
",SqlNullCheckedResultSetTest::testURL_2_oe,org.apache.commons.dbutils.BaseResultSetHandler,wasNull(),"/**
     * @return
     * @throws SQLException
     * @see java.sql.ResultSet#wasNull()
     */","protected final boolean wasNull() throws SQLException {
        return rs.wasNull();
    }","protected final boolean wasNull() throws SQLException {
        return rs.wasNull();
    }","/**
     * @return
     * @throws SQLException
     * @see java.sql.ResultSet#wasNull()
     */"
dbut_65_3,"    public void testURL_3_oe() throws SQLException, MalformedURLException,
            IllegalAccessException, IllegalArgumentException,
            java.lang.reflect.InvocationTargetException
    {
        Method getUrlInt = null;
        Method getUrlString = null;
        try {
            getUrlInt = ResultSet.class.getMethod(""getURL"",
                        new Class[] { Integer.TYPE } );
            getUrlString = ResultSet.class.getMethod(""getURL"",
                           new Class[] { String.class } );
        } catch(NoSuchMethodException e) {
            // ignore
        } catch(SecurityException e) {
            // ignore
        }
        if (getUrlInt != null && getUrlString != null) {
            // removed other assertion
            // removed other assertion
            assertEquals(null, getUrlString.invoke(rs, new Object[] { ""column"" } ) );
    }
    }
",SqlNullCheckedResultSetTest::testURL_3_oe,org.apache.commons.dbutils.wrappers.StringTrimmedResultSet,"invoke(Object proxy, Method method, Object[] args)","/**
     * Intercept calls to the <code>getString()</code> and
     * <code>getObject()</code> methods and trim any Strings before they're
     * returned.
     *
     * @see java.lang.reflect.InvocationHandler#invoke(java.lang.Object, java.lang.reflect.Method, java.lang.Object[])
     * @param proxy Not used; all method calls go to the internal result set
     * @param method The method to invoke on the result set
     * @param args The arguments to pass to the result set
     * @return string trimmed result
     * @throws Throwable error
     */","@Override
    public Object invoke(Object proxy, Method method, Object[] args)
        throws Throwable {

        Object result = method.invoke(this.rs, args);

        if ((method.getName().equals(""getObject"")
            || method.getName().equals(""getString""))
                && result instanceof String) {
            result = ((String) result).trim();
        }

        return result;
    }","@Override
    public Object invoke(Object proxy, Method method, Object[] args)
        throws Throwable {

        Object result = method.invoke(this.rs, args);

        Method nullMethod = nullMethods.get(method.getName());

        // Check nullMethod != null first so that we don't call wasNull()
        // before a true getter method was invoked on the ResultSet.
        return (nullMethod != null && this.rs.wasNull())
            ? nullMethod.invoke(this, (Object[]) null)
            : result;
    }","/**
     * Intercepts calls to <code>get*</code> methods and calls the appropriate
     * <code>getNull*</code> method if the <code>ResultSet</code> returned
     * <code>null</code>.
     *
     *  @see java.lang.reflect.InvocationHandler#invoke(java.lang.Object, java.lang.reflect.Method, java.lang.Object[])
     * @param proxy Not used; all method calls go to the internal result set
     * @param method The method to invoke on the result set
     * @param args The arguments to pass to the result set
     * @return null checked result
     * @throws Throwable error
     */"
dbut_65_4,"    public void testURL_4_oe() throws SQLException, MalformedURLException,
            IllegalAccessException, IllegalArgumentException,
            java.lang.reflect.InvocationTargetException
    {
        Method getUrlInt = null;
        Method getUrlString = null;
        try {
            getUrlInt = ResultSet.class.getMethod(""getURL"",
                        new Class[] { Integer.TYPE } );
            getUrlString = ResultSet.class.getMethod(""getURL"",
                           new Class[] { String.class } );
        } catch(NoSuchMethodException e) {
            // ignore
        } catch(SecurityException e) {
            // ignore
        }
        if (getUrlInt != null && getUrlString != null) {
            // removed other assertion
            // removed other assertion
            // removed other assertion
            assertTrue(rs.wasNull());
    }
    }
",SqlNullCheckedResultSetTest::testURL_4_oe,org.apache.commons.dbutils.BaseResultSetHandler,wasNull(),"/**
     * @return
     * @throws SQLException
     * @see java.sql.ResultSet#wasNull()
     */","protected final boolean wasNull() throws SQLException {
        return rs.wasNull();
    }","protected final boolean wasNull() throws SQLException {
        return rs.wasNull();
    }","/**
     * @return
     * @throws SQLException
     * @see java.sql.ResultSet#wasNull()
     */"
dbut_65_5,"    public void testURL_5_oe() throws SQLException, MalformedURLException,
            IllegalAccessException, IllegalArgumentException,
            java.lang.reflect.InvocationTargetException
    {
        Method getUrlInt = null;
        Method getUrlString = null;
        try {
            getUrlInt = ResultSet.class.getMethod(""getURL"",
                        new Class[] { Integer.TYPE } );
            getUrlString = ResultSet.class.getMethod(""getURL"",
                           new Class[] { String.class } );
        } catch(NoSuchMethodException e) {
            // ignore
        } catch(SecurityException e) {
            // ignore
        }
        if (getUrlInt != null && getUrlString != null) {
            // removed other assertion
            // removed other assertion
            // removed other assertion
            // removed other assertion
            // Set what gets returned to something other than the default
            URL u = new URL(""http://www.apache.org"");
            rs2.setNullURL(u);
            assertEquals(u, getUrlInt.invoke(rs, new Object[] { Integer.valueOf(1) } ) );
    }
    }
",SqlNullCheckedResultSetTest::testURL_5_oe,org.apache.commons.dbutils.wrappers.StringTrimmedResultSet,"invoke(Object proxy, Method method, Object[] args)","/**
     * Intercept calls to the <code>getString()</code> and
     * <code>getObject()</code> methods and trim any Strings before they're
     * returned.
     *
     * @see java.lang.reflect.InvocationHandler#invoke(java.lang.Object, java.lang.reflect.Method, java.lang.Object[])
     * @param proxy Not used; all method calls go to the internal result set
     * @param method The method to invoke on the result set
     * @param args The arguments to pass to the result set
     * @return string trimmed result
     * @throws Throwable error
     */","@Override
    public Object invoke(Object proxy, Method method, Object[] args)
        throws Throwable {

        Object result = method.invoke(this.rs, args);

        if ((method.getName().equals(""getObject"")
            || method.getName().equals(""getString""))
                && result instanceof String) {
            result = ((String) result).trim();
        }

        return result;
    }","@Override
    public Object invoke(Object proxy, Method method, Object[] args)
        throws Throwable {

        Object result = method.invoke(this.rs, args);

        Method nullMethod = nullMethods.get(method.getName());

        // Check nullMethod != null first so that we don't call wasNull()
        // before a true getter method was invoked on the ResultSet.
        return (nullMethod != null && this.rs.wasNull())
            ? nullMethod.invoke(this, (Object[]) null)
            : result;
    }","/**
     * Intercepts calls to <code>get*</code> methods and calls the appropriate
     * <code>getNull*</code> method if the <code>ResultSet</code> returned
     * <code>null</code>.
     *
     *  @see java.lang.reflect.InvocationHandler#invoke(java.lang.Object, java.lang.reflect.Method, java.lang.Object[])
     * @param proxy Not used; all method calls go to the internal result set
     * @param method The method to invoke on the result set
     * @param args The arguments to pass to the result set
     * @return null checked result
     * @throws Throwable error
     */"
dbut_65_6,"    public void testURL_6_oe() throws SQLException, MalformedURLException,
            IllegalAccessException, IllegalArgumentException,
            java.lang.reflect.InvocationTargetException
    {
        Method getUrlInt = null;
        Method getUrlString = null;
        try {
            getUrlInt = ResultSet.class.getMethod(""getURL"",
                        new Class[] { Integer.TYPE } );
            getUrlString = ResultSet.class.getMethod(""getURL"",
                           new Class[] { String.class } );
        } catch(NoSuchMethodException e) {
            // ignore
        } catch(SecurityException e) {
            // ignore
        }
        if (getUrlInt != null && getUrlString != null) {
            // removed other assertion
            // removed other assertion
            // removed other assertion
            // removed other assertion
            // Set what gets returned to something other than the default
            URL u = new URL(""http://www.apache.org"");
            rs2.setNullURL(u);
            // removed other assertion
            assertEquals(u, getUrlString.invoke(rs, new Object[] { ""column"" } ) );
    }
    }
",SqlNullCheckedResultSetTest::testURL_6_oe,org.apache.commons.dbutils.wrappers.StringTrimmedResultSet,"invoke(Object proxy, Method method, Object[] args)","/**
     * Intercept calls to the <code>getString()</code> and
     * <code>getObject()</code> methods and trim any Strings before they're
     * returned.
     *
     * @see java.lang.reflect.InvocationHandler#invoke(java.lang.Object, java.lang.reflect.Method, java.lang.Object[])
     * @param proxy Not used; all method calls go to the internal result set
     * @param method The method to invoke on the result set
     * @param args The arguments to pass to the result set
     * @return string trimmed result
     * @throws Throwable error
     */","@Override
    public Object invoke(Object proxy, Method method, Object[] args)
        throws Throwable {

        Object result = method.invoke(this.rs, args);

        if ((method.getName().equals(""getObject"")
            || method.getName().equals(""getString""))
                && result instanceof String) {
            result = ((String) result).trim();
        }

        return result;
    }","@Override
    public Object invoke(Object proxy, Method method, Object[] args)
        throws Throwable {

        Object result = method.invoke(this.rs, args);

        Method nullMethod = nullMethods.get(method.getName());

        // Check nullMethod != null first so that we don't call wasNull()
        // before a true getter method was invoked on the ResultSet.
        return (nullMethod != null && this.rs.wasNull())
            ? nullMethod.invoke(this, (Object[]) null)
            : result;
    }","/**
     * Intercepts calls to <code>get*</code> methods and calls the appropriate
     * <code>getNull*</code> method if the <code>ResultSet</code> returned
     * <code>null</code>.
     *
     *  @see java.lang.reflect.InvocationHandler#invoke(java.lang.Object, java.lang.reflect.Method, java.lang.Object[])
     * @param proxy Not used; all method calls go to the internal result set
     * @param method The method to invoke on the result set
     * @param args The arguments to pass to the result set
     * @return null checked result
     * @throws Throwable error
     */"
dbut_66_1,"    public void testSetNullAsciiStream_1_oe() throws SQLException {

        assertNull(rs2.getNullAsciiStream());
    }
",SqlNullCheckedResultSetTest::testSetNullAsciiStream_1_oe,org.apache.commons.dbutils.wrappers.SqlNullCheckedResultSet,getNullAsciiStream(),"/**
     * Returns the value when a SQL null is encountered as the result of
     * invoking a <code>getAsciiStream</code> method.
     *
     * @return the value
     */","public InputStream getNullAsciiStream() {
        return this.nullAsciiStream;
    }","public InputStream getNullAsciiStream() {
        return this.nullAsciiStream;
    }","/**
     * Returns the value when a SQL null is encountered as the result of
     * invoking a <code>getAsciiStream</code> method.
     *
     * @return the value
     */"
dbut_66_2,"    public void testSetNullAsciiStream_2_oe() throws SQLException {

        // removed other assertion
        // Set what gets returned to something other than the default
        InputStream stream = new ByteArrayInputStream(new byte[0]);
        rs2.setNullAsciiStream(stream);
        assertNotNull(rs.getAsciiStream(1));
    }
",SqlNullCheckedResultSetTest::testSetNullAsciiStream_2_oe,org.apache.commons.dbutils.BaseResultSetHandler,getAsciiStream(int columnIndex),"/**
     * @param columnIndex
     * @return
     * @throws SQLException
     * @see java.sql.ResultSet#getAsciiStream(int)
     */","protected final InputStream getAsciiStream(int columnIndex) throws SQLException {
        return rs.getAsciiStream(columnIndex);
    }","protected final InputStream getAsciiStream(int columnIndex) throws SQLException {
        return rs.getAsciiStream(columnIndex);
    }","/**
     * @param columnIndex
     * @return
     * @throws SQLException
     * @see java.sql.ResultSet#getAsciiStream(int)
     */"
dbut_66_3,"    public void testSetNullAsciiStream_3_oe() throws SQLException {

        // removed other assertion
        // Set what gets returned to something other than the default
        InputStream stream = new ByteArrayInputStream(new byte[0]);
        rs2.setNullAsciiStream(stream);
        // removed other assertion
        assertEquals(stream, rs.getAsciiStream(1));
    }
",SqlNullCheckedResultSetTest::testSetNullAsciiStream_3_oe,org.apache.commons.dbutils.BaseResultSetHandler,getAsciiStream(int columnIndex),"/**
     * @param columnIndex
     * @return
     * @throws SQLException
     * @see java.sql.ResultSet#getAsciiStream(int)
     */","protected final InputStream getAsciiStream(int columnIndex) throws SQLException {
        return rs.getAsciiStream(columnIndex);
    }","protected final InputStream getAsciiStream(int columnIndex) throws SQLException {
        return rs.getAsciiStream(columnIndex);
    }","/**
     * @param columnIndex
     * @return
     * @throws SQLException
     * @see java.sql.ResultSet#getAsciiStream(int)
     */"
dbut_66_4,"    public void testSetNullAsciiStream_4_oe() throws SQLException {

        // removed other assertion
        // Set what gets returned to something other than the default
        InputStream stream = new ByteArrayInputStream(new byte[0]);
        rs2.setNullAsciiStream(stream);
        // removed other assertion
        // removed other assertion
        assertNotNull(rs.getAsciiStream(""column""));
    }
",SqlNullCheckedResultSetTest::testSetNullAsciiStream_4_oe,org.apache.commons.dbutils.BaseResultSetHandler,getAsciiStream(int columnIndex),"/**
     * @param columnIndex
     * @return
     * @throws SQLException
     * @see java.sql.ResultSet#getAsciiStream(int)
     */","protected final InputStream getAsciiStream(int columnIndex) throws SQLException {
        return rs.getAsciiStream(columnIndex);
    }","protected final InputStream getAsciiStream(int columnIndex) throws SQLException {
        return rs.getAsciiStream(columnIndex);
    }","/**
     * @param columnIndex
     * @return
     * @throws SQLException
     * @see java.sql.ResultSet#getAsciiStream(int)
     */"
dbut_66_5,"    public void testSetNullAsciiStream_5_oe() throws SQLException {

        // removed other assertion
        // Set what gets returned to something other than the default
        InputStream stream = new ByteArrayInputStream(new byte[0]);
        rs2.setNullAsciiStream(stream);
        // removed other assertion
        // removed other assertion
        // removed other assertion
        assertEquals(stream, rs.getAsciiStream(""column""));
    }
",SqlNullCheckedResultSetTest::testSetNullAsciiStream_5_oe,org.apache.commons.dbutils.BaseResultSetHandler,getAsciiStream(int columnIndex),"/**
     * @param columnIndex
     * @return
     * @throws SQLException
     * @see java.sql.ResultSet#getAsciiStream(int)
     */","protected final InputStream getAsciiStream(int columnIndex) throws SQLException {
        return rs.getAsciiStream(columnIndex);
    }","protected final InputStream getAsciiStream(int columnIndex) throws SQLException {
        return rs.getAsciiStream(columnIndex);
    }","/**
     * @param columnIndex
     * @return
     * @throws SQLException
     * @see java.sql.ResultSet#getAsciiStream(int)
     */"
dbut_67_1,"    public void testSetNullBigDecimal_1_oe() throws SQLException {

        assertNull(rs2.getNullBigDecimal());
    }
",SqlNullCheckedResultSetTest::testSetNullBigDecimal_1_oe,org.apache.commons.dbutils.wrappers.SqlNullCheckedResultSet,getNullBigDecimal(),"/**
     * Returns the value when a SQL null is encountered as the result of
     * invoking a <code>getBigDecimal</code> method.
     *
     * @return the value
     */","public BigDecimal getNullBigDecimal() {
        return this.nullBigDecimal;
    }","public BigDecimal getNullBigDecimal() {
        return this.nullBigDecimal;
    }","/**
     * Returns the value when a SQL null is encountered as the result of
     * invoking a <code>getBigDecimal</code> method.
     *
     * @return the value
     */"
dbut_67_2,"    public void testSetNullBigDecimal_2_oe() throws SQLException {

        // removed other assertion
        // Set what gets returned to something other than the default
        BigDecimal bd = new BigDecimal(5.0);
        rs2.setNullBigDecimal(bd);
        assertNotNull(rs.getBigDecimal(1));
    }
",SqlNullCheckedResultSetTest::testSetNullBigDecimal_2_oe,org.apache.commons.dbutils.BaseResultSetHandler,"getBigDecimal(int columnIndex, int scale)","/**
     * @param columnIndex
     * @param scale
     * @return
     * @throws SQLException
     * @deprecated
     * @see java.sql.ResultSet#getBigDecimal(int, int)
     */","@Deprecated
    protected final BigDecimal getBigDecimal(int columnIndex, int scale) throws SQLException {
        return rs.getBigDecimal(columnIndex, scale);
    }","@Deprecated
    protected final BigDecimal getBigDecimal(int columnIndex, int scale) throws SQLException {
        return rs.getBigDecimal(columnIndex, scale);
    }","/**
     * @param columnIndex
     * @param scale
     * @return
     * @throws SQLException
     * @deprecated
     * @see java.sql.ResultSet#getBigDecimal(int, int)
     */"
dbut_67_3,"    public void testSetNullBigDecimal_3_oe() throws SQLException {

        // removed other assertion
        // Set what gets returned to something other than the default
        BigDecimal bd = new BigDecimal(5.0);
        rs2.setNullBigDecimal(bd);
        // removed other assertion
        assertEquals(bd, rs.getBigDecimal(1));
    }
",SqlNullCheckedResultSetTest::testSetNullBigDecimal_3_oe,org.apache.commons.dbutils.BaseResultSetHandler,"getBigDecimal(int columnIndex, int scale)","/**
     * @param columnIndex
     * @param scale
     * @return
     * @throws SQLException
     * @deprecated
     * @see java.sql.ResultSet#getBigDecimal(int, int)
     */","@Deprecated
    protected final BigDecimal getBigDecimal(int columnIndex, int scale) throws SQLException {
        return rs.getBigDecimal(columnIndex, scale);
    }","@Deprecated
    protected final BigDecimal getBigDecimal(int columnIndex, int scale) throws SQLException {
        return rs.getBigDecimal(columnIndex, scale);
    }","/**
     * @param columnIndex
     * @param scale
     * @return
     * @throws SQLException
     * @deprecated
     * @see java.sql.ResultSet#getBigDecimal(int, int)
     */"
dbut_67_4,"    public void testSetNullBigDecimal_4_oe() throws SQLException {

        // removed other assertion
        // Set what gets returned to something other than the default
        BigDecimal bd = new BigDecimal(5.0);
        rs2.setNullBigDecimal(bd);
        // removed other assertion
        // removed other assertion
        assertNotNull(rs.getBigDecimal(""column""));
    }
",SqlNullCheckedResultSetTest::testSetNullBigDecimal_4_oe,org.apache.commons.dbutils.BaseResultSetHandler,"getBigDecimal(int columnIndex, int scale)","/**
     * @param columnIndex
     * @param scale
     * @return
     * @throws SQLException
     * @deprecated
     * @see java.sql.ResultSet#getBigDecimal(int, int)
     */","@Deprecated
    protected final BigDecimal getBigDecimal(int columnIndex, int scale) throws SQLException {
        return rs.getBigDecimal(columnIndex, scale);
    }","@Deprecated
    protected final BigDecimal getBigDecimal(int columnIndex, int scale) throws SQLException {
        return rs.getBigDecimal(columnIndex, scale);
    }","/**
     * @param columnIndex
     * @param scale
     * @return
     * @throws SQLException
     * @deprecated
     * @see java.sql.ResultSet#getBigDecimal(int, int)
     */"
dbut_67_5,"    public void testSetNullBigDecimal_5_oe() throws SQLException {

        // removed other assertion
        // Set what gets returned to something other than the default
        BigDecimal bd = new BigDecimal(5.0);
        rs2.setNullBigDecimal(bd);
        // removed other assertion
        // removed other assertion
        // removed other assertion
        assertEquals(bd, rs.getBigDecimal(""column""));
    }
",SqlNullCheckedResultSetTest::testSetNullBigDecimal_5_oe,org.apache.commons.dbutils.BaseResultSetHandler,"getBigDecimal(int columnIndex, int scale)","/**
     * @param columnIndex
     * @param scale
     * @return
     * @throws SQLException
     * @deprecated
     * @see java.sql.ResultSet#getBigDecimal(int, int)
     */","@Deprecated
    protected final BigDecimal getBigDecimal(int columnIndex, int scale) throws SQLException {
        return rs.getBigDecimal(columnIndex, scale);
    }","@Deprecated
    protected final BigDecimal getBigDecimal(int columnIndex, int scale) throws SQLException {
        return rs.getBigDecimal(columnIndex, scale);
    }","/**
     * @param columnIndex
     * @param scale
     * @return
     * @throws SQLException
     * @deprecated
     * @see java.sql.ResultSet#getBigDecimal(int, int)
     */"
dbut_68_1,"    public void testSetNullBinaryStream_1_oe() throws SQLException {

        assertNull(rs2.getNullBinaryStream());
    }
",SqlNullCheckedResultSetTest::testSetNullBinaryStream_1_oe,org.apache.commons.dbutils.wrappers.SqlNullCheckedResultSet,getNullBinaryStream(),"/**
     * Returns the value when a SQL null is encountered as the result of
     * invoking a <code>getBinaryStream</code> method.
     *
     * @return the value
     */","public InputStream getNullBinaryStream() {
        return this.nullBinaryStream;
    }","public InputStream getNullBinaryStream() {
        return this.nullBinaryStream;
    }","/**
     * Returns the value when a SQL null is encountered as the result of
     * invoking a <code>getBinaryStream</code> method.
     *
     * @return the value
     */"
dbut_68_2,"    public void testSetNullBinaryStream_2_oe() throws SQLException {

        // removed other assertion
        // Set what gets returned to something other than the default
        InputStream stream = new ByteArrayInputStream(new byte[0]);
        rs2.setNullBinaryStream(stream);
        assertNotNull(rs.getBinaryStream(1));
    }
",SqlNullCheckedResultSetTest::testSetNullBinaryStream_2_oe,org.apache.commons.dbutils.BaseResultSetHandler,getBinaryStream(int columnIndex),"/**
     * @param columnIndex
     * @return
     * @throws SQLException
     * @see java.sql.ResultSet#getBinaryStream(int)
     */","protected final InputStream getBinaryStream(int columnIndex) throws SQLException {
        return rs.getBinaryStream(columnIndex);
    }","protected final InputStream getBinaryStream(int columnIndex) throws SQLException {
        return rs.getBinaryStream(columnIndex);
    }","/**
     * @param columnIndex
     * @return
     * @throws SQLException
     * @see java.sql.ResultSet#getBinaryStream(int)
     */"
dbut_68_3,"    public void testSetNullBinaryStream_3_oe() throws SQLException {

        // removed other assertion
        // Set what gets returned to something other than the default
        InputStream stream = new ByteArrayInputStream(new byte[0]);
        rs2.setNullBinaryStream(stream);
        // removed other assertion
        assertEquals(stream, rs.getBinaryStream(1));
    }
",SqlNullCheckedResultSetTest::testSetNullBinaryStream_3_oe,org.apache.commons.dbutils.BaseResultSetHandler,getBinaryStream(int columnIndex),"/**
     * @param columnIndex
     * @return
     * @throws SQLException
     * @see java.sql.ResultSet#getBinaryStream(int)
     */","protected final InputStream getBinaryStream(int columnIndex) throws SQLException {
        return rs.getBinaryStream(columnIndex);
    }","protected final InputStream getBinaryStream(int columnIndex) throws SQLException {
        return rs.getBinaryStream(columnIndex);
    }","/**
     * @param columnIndex
     * @return
     * @throws SQLException
     * @see java.sql.ResultSet#getBinaryStream(int)
     */"
dbut_68_4,"    public void testSetNullBinaryStream_4_oe() throws SQLException {

        // removed other assertion
        // Set what gets returned to something other than the default
        InputStream stream = new ByteArrayInputStream(new byte[0]);
        rs2.setNullBinaryStream(stream);
        // removed other assertion
        // removed other assertion
        assertNotNull(rs.getBinaryStream(""column""));
    }
",SqlNullCheckedResultSetTest::testSetNullBinaryStream_4_oe,org.apache.commons.dbutils.BaseResultSetHandler,getBinaryStream(int columnIndex),"/**
     * @param columnIndex
     * @return
     * @throws SQLException
     * @see java.sql.ResultSet#getBinaryStream(int)
     */","protected final InputStream getBinaryStream(int columnIndex) throws SQLException {
        return rs.getBinaryStream(columnIndex);
    }","protected final InputStream getBinaryStream(int columnIndex) throws SQLException {
        return rs.getBinaryStream(columnIndex);
    }","/**
     * @param columnIndex
     * @return
     * @throws SQLException
     * @see java.sql.ResultSet#getBinaryStream(int)
     */"
dbut_68_5,"    public void testSetNullBinaryStream_5_oe() throws SQLException {

        // removed other assertion
        // Set what gets returned to something other than the default
        InputStream stream = new ByteArrayInputStream(new byte[0]);
        rs2.setNullBinaryStream(stream);
        // removed other assertion
        // removed other assertion
        // removed other assertion
        assertEquals(stream, rs.getBinaryStream(""column""));
    }
",SqlNullCheckedResultSetTest::testSetNullBinaryStream_5_oe,org.apache.commons.dbutils.BaseResultSetHandler,getBinaryStream(int columnIndex),"/**
     * @param columnIndex
     * @return
     * @throws SQLException
     * @see java.sql.ResultSet#getBinaryStream(int)
     */","protected final InputStream getBinaryStream(int columnIndex) throws SQLException {
        return rs.getBinaryStream(columnIndex);
    }","protected final InputStream getBinaryStream(int columnIndex) throws SQLException {
        return rs.getBinaryStream(columnIndex);
    }","/**
     * @param columnIndex
     * @return
     * @throws SQLException
     * @see java.sql.ResultSet#getBinaryStream(int)
     */"
dbut_69_1,"    public void testSetNullBlob_1_oe() throws SQLException {

        assertNull(rs2.getNullBlob());
    }
",SqlNullCheckedResultSetTest::testSetNullBlob_1_oe,org.apache.commons.dbutils.wrappers.SqlNullCheckedResultSet,getNullBlob(),"/**
     * Returns the value when a SQL null is encountered as the result of
     * invoking a <code>getBlob</code> method.
     *
     * @return the value
     */","public Blob getNullBlob() {
        return this.nullBlob;
    }","public Blob getNullBlob() {
        return this.nullBlob;
    }","/**
     * Returns the value when a SQL null is encountered as the result of
     * invoking a <code>getBlob</code> method.
     *
     * @return the value
     */"
dbut_69_2,"    public void testSetNullBlob_2_oe() throws SQLException {

        // removed other assertion
        // Set what gets returned to something other than the default
        Blob blob = new SqlNullCheckedResultSetMockBlob();
        rs2.setNullBlob(blob);
        assertNotNull(rs.getBlob(1));
    }
",SqlNullCheckedResultSetTest::testSetNullBlob_2_oe,org.apache.commons.dbutils.BaseResultSetHandler,getBlob(int columnIndex),"/**
     * @param columnIndex
     * @return
     * @throws SQLException
     * @see java.sql.ResultSet#getBlob(int)
     */","protected final Blob getBlob(int columnIndex) throws SQLException {
        return rs.getBlob(columnIndex);
    }","protected final Blob getBlob(int columnIndex) throws SQLException {
        return rs.getBlob(columnIndex);
    }","/**
     * @param columnIndex
     * @return
     * @throws SQLException
     * @see java.sql.ResultSet#getBlob(int)
     */"
dbut_69_3,"    public void testSetNullBlob_3_oe() throws SQLException {

        // removed other assertion
        // Set what gets returned to something other than the default
        Blob blob = new SqlNullCheckedResultSetMockBlob();
        rs2.setNullBlob(blob);
        // removed other assertion
        assertEquals(blob, rs.getBlob(1));
    }
",SqlNullCheckedResultSetTest::testSetNullBlob_3_oe,org.apache.commons.dbutils.BaseResultSetHandler,getBlob(int columnIndex),"/**
     * @param columnIndex
     * @return
     * @throws SQLException
     * @see java.sql.ResultSet#getBlob(int)
     */","protected final Blob getBlob(int columnIndex) throws SQLException {
        return rs.getBlob(columnIndex);
    }","protected final Blob getBlob(int columnIndex) throws SQLException {
        return rs.getBlob(columnIndex);
    }","/**
     * @param columnIndex
     * @return
     * @throws SQLException
     * @see java.sql.ResultSet#getBlob(int)
     */"
dbut_69_4,"    public void testSetNullBlob_4_oe() throws SQLException {

        // removed other assertion
        // Set what gets returned to something other than the default
        Blob blob = new SqlNullCheckedResultSetMockBlob();
        rs2.setNullBlob(blob);
        // removed other assertion
        // removed other assertion
        assertNotNull(rs.getBlob(""column""));
    }
",SqlNullCheckedResultSetTest::testSetNullBlob_4_oe,org.apache.commons.dbutils.BaseResultSetHandler,getBlob(int columnIndex),"/**
     * @param columnIndex
     * @return
     * @throws SQLException
     * @see java.sql.ResultSet#getBlob(int)
     */","protected final Blob getBlob(int columnIndex) throws SQLException {
        return rs.getBlob(columnIndex);
    }","protected final Blob getBlob(int columnIndex) throws SQLException {
        return rs.getBlob(columnIndex);
    }","/**
     * @param columnIndex
     * @return
     * @throws SQLException
     * @see java.sql.ResultSet#getBlob(int)
     */"
dbut_69_5,"    public void testSetNullBlob_5_oe() throws SQLException {

        // removed other assertion
        // Set what gets returned to something other than the default
        Blob blob = new SqlNullCheckedResultSetMockBlob();
        rs2.setNullBlob(blob);
        // removed other assertion
        // removed other assertion
        // removed other assertion
        assertEquals(blob, rs.getBlob(""column""));
    }
",SqlNullCheckedResultSetTest::testSetNullBlob_5_oe,org.apache.commons.dbutils.BaseResultSetHandler,getBlob(int columnIndex),"/**
     * @param columnIndex
     * @return
     * @throws SQLException
     * @see java.sql.ResultSet#getBlob(int)
     */","protected final Blob getBlob(int columnIndex) throws SQLException {
        return rs.getBlob(columnIndex);
    }","protected final Blob getBlob(int columnIndex) throws SQLException {
        return rs.getBlob(columnIndex);
    }","/**
     * @param columnIndex
     * @return
     * @throws SQLException
     * @see java.sql.ResultSet#getBlob(int)
     */"
dbut_70_1,"    public void testSetNullBoolean_1_oe() throws SQLException {

        assertEquals(false, rs2.getNullBoolean());
    }
",SqlNullCheckedResultSetTest::testSetNullBoolean_1_oe,org.apache.commons.dbutils.wrappers.SqlNullCheckedResultSet,getNullBoolean(),"/**
     * Returns the value when a SQL null is encountered as the result of
     * invoking a <code>getBoolean</code> method.
     *
     * @return the value
     */","public boolean getNullBoolean() {
        return this.nullBoolean;
    }","public boolean getNullBoolean() {
        return this.nullBoolean;
    }","/**
     * Returns the value when a SQL null is encountered as the result of
     * invoking a <code>getBoolean</code> method.
     *
     * @return the value
     */"
dbut_70_2,"    public void testSetNullBoolean_2_oe() throws SQLException {

        // removed other assertion
        // Set what gets returned to something other than the default
        rs2.setNullBoolean(true);
        assertEquals(true, rs.getBoolean(1));
    }
",SqlNullCheckedResultSetTest::testSetNullBoolean_2_oe,org.apache.commons.dbutils.BaseResultSetHandler,getBoolean(int columnIndex),"/**
     * @param columnIndex
     * @return
     * @throws SQLException
     * @see java.sql.ResultSet#getBoolean(int)
     */","protected final boolean getBoolean(int columnIndex) throws SQLException {
        return rs.getBoolean(columnIndex);
    }","protected final boolean getBoolean(int columnIndex) throws SQLException {
        return rs.getBoolean(columnIndex);
    }","/**
     * @param columnIndex
     * @return
     * @throws SQLException
     * @see java.sql.ResultSet#getBoolean(int)
     */"
dbut_70_3,"    public void testSetNullBoolean_3_oe() throws SQLException {

        // removed other assertion
        // Set what gets returned to something other than the default
        rs2.setNullBoolean(true);
        // removed other assertion
        assertEquals(true, rs.getBoolean(""column""));
    }
",SqlNullCheckedResultSetTest::testSetNullBoolean_3_oe,org.apache.commons.dbutils.BaseResultSetHandler,getBoolean(int columnIndex),"/**
     * @param columnIndex
     * @return
     * @throws SQLException
     * @see java.sql.ResultSet#getBoolean(int)
     */","protected final boolean getBoolean(int columnIndex) throws SQLException {
        return rs.getBoolean(columnIndex);
    }","protected final boolean getBoolean(int columnIndex) throws SQLException {
        return rs.getBoolean(columnIndex);
    }","/**
     * @param columnIndex
     * @return
     * @throws SQLException
     * @see java.sql.ResultSet#getBoolean(int)
     */"
dbut_71_1,"    public void testSetNullByte_1_oe() throws SQLException {

        assertEquals((byte) 0, rs2.getNullByte());
    }
",SqlNullCheckedResultSetTest::testSetNullByte_1_oe,org.apache.commons.dbutils.wrappers.SqlNullCheckedResultSet,getNullByte(),"/**
     * Returns the value when a SQL null is encountered as the result of
     * invoking a <code>getByte</code> method.
     *
     * @return the value
     */","public byte getNullByte() {
        return this.nullByte;
    }","public byte getNullByte() {
        return this.nullByte;
    }","/**
     * Returns the value when a SQL null is encountered as the result of
     * invoking a <code>getByte</code> method.
     *
     * @return the value
     */"
dbut_71_2,"    public void testSetNullByte_2_oe() throws SQLException {

        // removed other assertion
        // Set what gets returned to something other than the default
        byte b = (byte) 10;
        rs2.setNullByte(b);
        assertEquals(b, rs.getByte(1));
    }
",SqlNullCheckedResultSetTest::testSetNullByte_2_oe,org.apache.commons.dbutils.BaseResultSetHandler,getByte(int columnIndex),"/**
     * @param columnIndex
     * @return
     * @throws SQLException
     * @see java.sql.ResultSet#getByte(int)
     */","protected final byte getByte(int columnIndex) throws SQLException {
        return rs.getByte(columnIndex);
    }","protected final byte getByte(int columnIndex) throws SQLException {
        return rs.getByte(columnIndex);
    }","/**
     * @param columnIndex
     * @return
     * @throws SQLException
     * @see java.sql.ResultSet#getByte(int)
     */"
dbut_71_3,"    public void testSetNullByte_3_oe() throws SQLException {

        // removed other assertion
        // Set what gets returned to something other than the default
        byte b = (byte) 10;
        rs2.setNullByte(b);
        // removed other assertion
        assertEquals(b, rs.getByte(""column""));
    }
",SqlNullCheckedResultSetTest::testSetNullByte_3_oe,org.apache.commons.dbutils.BaseResultSetHandler,getByte(int columnIndex),"/**
     * @param columnIndex
     * @return
     * @throws SQLException
     * @see java.sql.ResultSet#getByte(int)
     */","protected final byte getByte(int columnIndex) throws SQLException {
        return rs.getByte(columnIndex);
    }","protected final byte getByte(int columnIndex) throws SQLException {
        return rs.getByte(columnIndex);
    }","/**
     * @param columnIndex
     * @return
     * @throws SQLException
     * @see java.sql.ResultSet#getByte(int)
     */"
dbut_72_1,"    public void testSetNullBytes_1_oe() throws SQLException {

        assertNull(rs2.getNullBytes());
    }
",SqlNullCheckedResultSetTest::testSetNullBytes_1_oe,org.apache.commons.dbutils.wrappers.SqlNullCheckedResultSet,getNullBytes(),"/**
     * Returns the value when a SQL null is encountered as the result of
     * invoking a <code>getBytes</code> method.
     *
     * @return the value
     */","public byte[] getNullBytes() {
        if (this.nullBytes == null) {
            return null;
        }
        byte[] copy = new byte[this.nullBytes.length];
        System.arraycopy(this.nullBytes, 0, copy, 0, this.nullBytes.length);
        return copy;
    }","public byte[] getNullBytes() {
        if (this.nullBytes == null) {
            return null;
        }
        byte[] copy = new byte[this.nullBytes.length];
        System.arraycopy(this.nullBytes, 0, copy, 0, this.nullBytes.length);
        return copy;
    }","/**
     * Returns the value when a SQL null is encountered as the result of
     * invoking a <code>getBytes</code> method.
     *
     * @return the value
     */"
dbut_72_2,"    public void testSetNullBytes_2_oe() throws SQLException {

        // removed other assertion
        // Set what gets returned to something other than the default
        byte[] b = new byte[5];
        for (int i = 0; i < 5; i++) {
            b[0] = (byte) i;
        }
        rs2.setNullBytes(b);
        assertNotNull(rs.getBytes(1));
    }
",SqlNullCheckedResultSetTest::testSetNullBytes_2_oe,org.apache.commons.dbutils.BaseResultSetHandler,getBytes(int columnIndex),"/**
     * @param columnIndex
     * @return
     * @throws SQLException
     * @see java.sql.ResultSet#getBytes(int)
     */","protected final byte[] getBytes(int columnIndex) throws SQLException {
        return rs.getBytes(columnIndex);
    }","protected final byte[] getBytes(int columnIndex) throws SQLException {
        return rs.getBytes(columnIndex);
    }","/**
     * @param columnIndex
     * @return
     * @throws SQLException
     * @see java.sql.ResultSet#getBytes(int)
     */"
dbut_72_3,"    public void testSetNullBytes_3_oe() throws SQLException {

        // removed other assertion
        // Set what gets returned to something other than the default
        byte[] b = new byte[5];
        for (int i = 0; i < 5; i++) {
            b[0] = (byte) i;
        }
        rs2.setNullBytes(b);
        // removed other assertion
        assertArrayEquals(b, rs.getBytes(1));
    }
",SqlNullCheckedResultSetTest::testSetNullBytes_3_oe,org.apache.commons.dbutils.BaseResultSetHandler,getBytes(int columnIndex),"/**
     * @param columnIndex
     * @return
     * @throws SQLException
     * @see java.sql.ResultSet#getBytes(int)
     */","protected final byte[] getBytes(int columnIndex) throws SQLException {
        return rs.getBytes(columnIndex);
    }","protected final byte[] getBytes(int columnIndex) throws SQLException {
        return rs.getBytes(columnIndex);
    }","/**
     * @param columnIndex
     * @return
     * @throws SQLException
     * @see java.sql.ResultSet#getBytes(int)
     */"
dbut_72_4,"    public void testSetNullBytes_4_oe() throws SQLException {

        // removed other assertion
        // Set what gets returned to something other than the default
        byte[] b = new byte[5];
        for (int i = 0; i < 5; i++) {
            b[0] = (byte) i;
        }
        rs2.setNullBytes(b);
        // removed other assertion
        // removed other assertion
        assertNotNull(rs.getBytes(""column""));
    }
",SqlNullCheckedResultSetTest::testSetNullBytes_4_oe,org.apache.commons.dbutils.BaseResultSetHandler,getBytes(int columnIndex),"/**
     * @param columnIndex
     * @return
     * @throws SQLException
     * @see java.sql.ResultSet#getBytes(int)
     */","protected final byte[] getBytes(int columnIndex) throws SQLException {
        return rs.getBytes(columnIndex);
    }","protected final byte[] getBytes(int columnIndex) throws SQLException {
        return rs.getBytes(columnIndex);
    }","/**
     * @param columnIndex
     * @return
     * @throws SQLException
     * @see java.sql.ResultSet#getBytes(int)
     */"
dbut_72_5,"    public void testSetNullBytes_5_oe() throws SQLException {

        // removed other assertion
        // Set what gets returned to something other than the default
        byte[] b = new byte[5];
        for (int i = 0; i < 5; i++) {
            b[0] = (byte) i;
        }
        rs2.setNullBytes(b);
        // removed other assertion
        // removed other assertion
        // removed other assertion
        assertArrayEquals(b, rs.getBytes(""column""));
    }
",SqlNullCheckedResultSetTest::testSetNullBytes_5_oe,org.apache.commons.dbutils.BaseResultSetHandler,getBytes(int columnIndex),"/**
     * @param columnIndex
     * @return
     * @throws SQLException
     * @see java.sql.ResultSet#getBytes(int)
     */","protected final byte[] getBytes(int columnIndex) throws SQLException {
        return rs.getBytes(columnIndex);
    }","protected final byte[] getBytes(int columnIndex) throws SQLException {
        return rs.getBytes(columnIndex);
    }","/**
     * @param columnIndex
     * @return
     * @throws SQLException
     * @see java.sql.ResultSet#getBytes(int)
     */"
dbut_73_1,"    public void testSetNullCharacterStream_1_oe() throws SQLException {

        assertNull(rs2.getNullCharacterStream());
    }
",SqlNullCheckedResultSetTest::testSetNullCharacterStream_1_oe,org.apache.commons.dbutils.wrappers.SqlNullCheckedResultSet,getNullCharacterStream(),"/**
     * Returns the value when a SQL null is encountered as the result of
     * invoking a <code>getCharacterStream</code> method.
     *
     * @return the value
     */","public Reader getNullCharacterStream() {
        return this.nullCharacterStream;
    }","public Reader getNullCharacterStream() {
        return this.nullCharacterStream;
    }","/**
     * Returns the value when a SQL null is encountered as the result of
     * invoking a <code>getCharacterStream</code> method.
     *
     * @return the value
     */"
dbut_73_2,"    public void testSetNullCharacterStream_2_oe() throws SQLException {

        // removed other assertion
        // Set what gets returned to something other than the default
        Reader reader = new CharArrayReader(""this is a string"".toCharArray());
        rs2.setNullCharacterStream(reader);
        assertNotNull(rs.getCharacterStream(1));
    }
",SqlNullCheckedResultSetTest::testSetNullCharacterStream_2_oe,org.apache.commons.dbutils.BaseResultSetHandler,getCharacterStream(int columnIndex),"/**
     * @param columnIndex
     * @return
     * @throws SQLException
     * @see java.sql.ResultSet#getCharacterStream(int)
     */","protected final Reader getCharacterStream(int columnIndex) throws SQLException {
        return rs.getCharacterStream(columnIndex);
    }","protected final Reader getCharacterStream(int columnIndex) throws SQLException {
        return rs.getCharacterStream(columnIndex);
    }","/**
     * @param columnIndex
     * @return
     * @throws SQLException
     * @see java.sql.ResultSet#getCharacterStream(int)
     */"
dbut_73_3,"    public void testSetNullCharacterStream_3_oe() throws SQLException {

        // removed other assertion
        // Set what gets returned to something other than the default
        Reader reader = new CharArrayReader(""this is a string"".toCharArray());
        rs2.setNullCharacterStream(reader);
        // removed other assertion
        assertEquals(reader, rs.getCharacterStream(1));
    }
",SqlNullCheckedResultSetTest::testSetNullCharacterStream_3_oe,org.apache.commons.dbutils.BaseResultSetHandler,getCharacterStream(int columnIndex),"/**
     * @param columnIndex
     * @return
     * @throws SQLException
     * @see java.sql.ResultSet#getCharacterStream(int)
     */","protected final Reader getCharacterStream(int columnIndex) throws SQLException {
        return rs.getCharacterStream(columnIndex);
    }","protected final Reader getCharacterStream(int columnIndex) throws SQLException {
        return rs.getCharacterStream(columnIndex);
    }","/**
     * @param columnIndex
     * @return
     * @throws SQLException
     * @see java.sql.ResultSet#getCharacterStream(int)
     */"
dbut_73_4,"    public void testSetNullCharacterStream_4_oe() throws SQLException {

        // removed other assertion
        // Set what gets returned to something other than the default
        Reader reader = new CharArrayReader(""this is a string"".toCharArray());
        rs2.setNullCharacterStream(reader);
        // removed other assertion
        // removed other assertion
        assertNotNull(rs.getCharacterStream(""column""));
    }
",SqlNullCheckedResultSetTest::testSetNullCharacterStream_4_oe,org.apache.commons.dbutils.BaseResultSetHandler,getCharacterStream(int columnIndex),"/**
     * @param columnIndex
     * @return
     * @throws SQLException
     * @see java.sql.ResultSet#getCharacterStream(int)
     */","protected final Reader getCharacterStream(int columnIndex) throws SQLException {
        return rs.getCharacterStream(columnIndex);
    }","protected final Reader getCharacterStream(int columnIndex) throws SQLException {
        return rs.getCharacterStream(columnIndex);
    }","/**
     * @param columnIndex
     * @return
     * @throws SQLException
     * @see java.sql.ResultSet#getCharacterStream(int)
     */"
dbut_73_5,"    public void testSetNullCharacterStream_5_oe() throws SQLException {

        // removed other assertion
        // Set what gets returned to something other than the default
        Reader reader = new CharArrayReader(""this is a string"".toCharArray());
        rs2.setNullCharacterStream(reader);
        // removed other assertion
        // removed other assertion
        // removed other assertion
        assertEquals(reader, rs.getCharacterStream(""column""));
    }
",SqlNullCheckedResultSetTest::testSetNullCharacterStream_5_oe,org.apache.commons.dbutils.BaseResultSetHandler,getCharacterStream(int columnIndex),"/**
     * @param columnIndex
     * @return
     * @throws SQLException
     * @see java.sql.ResultSet#getCharacterStream(int)
     */","protected final Reader getCharacterStream(int columnIndex) throws SQLException {
        return rs.getCharacterStream(columnIndex);
    }","protected final Reader getCharacterStream(int columnIndex) throws SQLException {
        return rs.getCharacterStream(columnIndex);
    }","/**
     * @param columnIndex
     * @return
     * @throws SQLException
     * @see java.sql.ResultSet#getCharacterStream(int)
     */"
dbut_74_1,"    public void testSetNullClob_1_oe() throws SQLException {

        assertNull(rs2.getNullClob());
    }
",SqlNullCheckedResultSetTest::testSetNullClob_1_oe,org.apache.commons.dbutils.wrappers.SqlNullCheckedResultSet,getNullClob(),"/**
     * Returns the value when a SQL null is encountered as the result of
     * invoking a <code>getClob</code> method.
     *
     * @return the value
     */","public Clob getNullClob() {
        return this.nullClob;
    }","public Clob getNullClob() {
        return this.nullClob;
    }","/**
     * Returns the value when a SQL null is encountered as the result of
     * invoking a <code>getClob</code> method.
     *
     * @return the value
     */"
dbut_74_2,"    public void testSetNullClob_2_oe() throws SQLException {

        // removed other assertion
        // Set what gets returned to something other than the default
        Clob clob = new SqlNullCheckedResultSetMockClob();
        rs2.setNullClob(clob);
        assertNotNull(rs.getClob(1));
    }
",SqlNullCheckedResultSetTest::testSetNullClob_2_oe,org.apache.commons.dbutils.BaseResultSetHandler,getClob(int columnIndex),"/**
     * @param columnIndex
     * @return
     * @throws SQLException
     * @see java.sql.ResultSet#getClob(int)
     */","protected final Clob getClob(int columnIndex) throws SQLException {
        return rs.getClob(columnIndex);
    }","protected final Clob getClob(int columnIndex) throws SQLException {
        return rs.getClob(columnIndex);
    }","/**
     * @param columnIndex
     * @return
     * @throws SQLException
     * @see java.sql.ResultSet#getClob(int)
     */"
dbut_74_3,"    public void testSetNullClob_3_oe() throws SQLException {

        // removed other assertion
        // Set what gets returned to something other than the default
        Clob clob = new SqlNullCheckedResultSetMockClob();
        rs2.setNullClob(clob);
        // removed other assertion
        assertEquals(clob, rs.getClob(1));
    }
",SqlNullCheckedResultSetTest::testSetNullClob_3_oe,org.apache.commons.dbutils.BaseResultSetHandler,getClob(int columnIndex),"/**
     * @param columnIndex
     * @return
     * @throws SQLException
     * @see java.sql.ResultSet#getClob(int)
     */","protected final Clob getClob(int columnIndex) throws SQLException {
        return rs.getClob(columnIndex);
    }","protected final Clob getClob(int columnIndex) throws SQLException {
        return rs.getClob(columnIndex);
    }","/**
     * @param columnIndex
     * @return
     * @throws SQLException
     * @see java.sql.ResultSet#getClob(int)
     */"
dbut_74_4,"    public void testSetNullClob_4_oe() throws SQLException {

        // removed other assertion
        // Set what gets returned to something other than the default
        Clob clob = new SqlNullCheckedResultSetMockClob();
        rs2.setNullClob(clob);
        // removed other assertion
        // removed other assertion
        assertNotNull(rs.getClob(""column""));
    }
",SqlNullCheckedResultSetTest::testSetNullClob_4_oe,org.apache.commons.dbutils.BaseResultSetHandler,getClob(int columnIndex),"/**
     * @param columnIndex
     * @return
     * @throws SQLException
     * @see java.sql.ResultSet#getClob(int)
     */","protected final Clob getClob(int columnIndex) throws SQLException {
        return rs.getClob(columnIndex);
    }","protected final Clob getClob(int columnIndex) throws SQLException {
        return rs.getClob(columnIndex);
    }","/**
     * @param columnIndex
     * @return
     * @throws SQLException
     * @see java.sql.ResultSet#getClob(int)
     */"
dbut_74_5,"    public void testSetNullClob_5_oe() throws SQLException {

        // removed other assertion
        // Set what gets returned to something other than the default
        Clob clob = new SqlNullCheckedResultSetMockClob();
        rs2.setNullClob(clob);
        // removed other assertion
        // removed other assertion
        // removed other assertion
        assertEquals(clob, rs.getClob(""column""));
    }
",SqlNullCheckedResultSetTest::testSetNullClob_5_oe,org.apache.commons.dbutils.BaseResultSetHandler,getClob(int columnIndex),"/**
     * @param columnIndex
     * @return
     * @throws SQLException
     * @see java.sql.ResultSet#getClob(int)
     */","protected final Clob getClob(int columnIndex) throws SQLException {
        return rs.getClob(columnIndex);
    }","protected final Clob getClob(int columnIndex) throws SQLException {
        return rs.getClob(columnIndex);
    }","/**
     * @param columnIndex
     * @return
     * @throws SQLException
     * @see java.sql.ResultSet#getClob(int)
     */"
dbut_75_1,"    public void testSetNullDate_1_oe() throws SQLException {

        assertNull(rs2.getNullDate());
    }
",SqlNullCheckedResultSetTest::testSetNullDate_1_oe,org.apache.commons.dbutils.wrappers.SqlNullCheckedResultSet,getNullDate(),"/**
     * Returns the value when a SQL null is encountered as the result of
     * invoking a <code>getDate</code> method.
     *
     * @return the value
     */","public Date getNullDate() {
        return this.nullDate != null ? new Date(this.nullDate.getTime()) : null;
    }","public Date getNullDate() {
        return this.nullDate != null ? new Date(this.nullDate.getTime()) : null;
    }","/**
     * Returns the value when a SQL null is encountered as the result of
     * invoking a <code>getDate</code> method.
     *
     * @return the value
     */"
dbut_75_2,"    public void testSetNullDate_2_oe() throws SQLException {

        // removed other assertion
        // Set what gets returned to something other than the default
        java.sql.Date date = new java.sql.Date(new java.util.Date().getTime());
        rs2.setNullDate(date);
        assertNotNull(rs.getDate(1));
    }
",SqlNullCheckedResultSetTest::testSetNullDate_2_oe,org.apache.commons.dbutils.BaseResultSetHandler,"getDate(int columnIndex, Calendar cal)","/**
     * @param columnIndex
     * @param cal
     * @return
     * @throws SQLException
     * @see java.sql.ResultSet#getDate(int, java.util.Calendar)
     */","protected final Date getDate(int columnIndex, Calendar cal) throws SQLException {
        return rs.getDate(columnIndex, cal);
    }","protected final Date getDate(int columnIndex, Calendar cal) throws SQLException {
        return rs.getDate(columnIndex, cal);
    }","/**
     * @param columnIndex
     * @param cal
     * @return
     * @throws SQLException
     * @see java.sql.ResultSet#getDate(int, java.util.Calendar)
     */"
dbut_75_3,"    public void testSetNullDate_3_oe() throws SQLException {

        // removed other assertion
        // Set what gets returned to something other than the default
        java.sql.Date date = new java.sql.Date(new java.util.Date().getTime());
        rs2.setNullDate(date);
        // removed other assertion
        assertEquals(date, rs.getDate(1));
    }
",SqlNullCheckedResultSetTest::testSetNullDate_3_oe,org.apache.commons.dbutils.BaseResultSetHandler,"getDate(int columnIndex, Calendar cal)","/**
     * @param columnIndex
     * @param cal
     * @return
     * @throws SQLException
     * @see java.sql.ResultSet#getDate(int, java.util.Calendar)
     */","protected final Date getDate(int columnIndex, Calendar cal) throws SQLException {
        return rs.getDate(columnIndex, cal);
    }","protected final Date getDate(int columnIndex, Calendar cal) throws SQLException {
        return rs.getDate(columnIndex, cal);
    }","/**
     * @param columnIndex
     * @param cal
     * @return
     * @throws SQLException
     * @see java.sql.ResultSet#getDate(int, java.util.Calendar)
     */"
dbut_75_4,"    public void testSetNullDate_4_oe() throws SQLException {

        // removed other assertion
        // Set what gets returned to something other than the default
        java.sql.Date date = new java.sql.Date(new java.util.Date().getTime());
        rs2.setNullDate(date);
        // removed other assertion
        // removed other assertion
        assertNotNull(rs.getDate(""column""));
    }
",SqlNullCheckedResultSetTest::testSetNullDate_4_oe,org.apache.commons.dbutils.BaseResultSetHandler,"getDate(int columnIndex, Calendar cal)","/**
     * @param columnIndex
     * @param cal
     * @return
     * @throws SQLException
     * @see java.sql.ResultSet#getDate(int, java.util.Calendar)
     */","protected final Date getDate(int columnIndex, Calendar cal) throws SQLException {
        return rs.getDate(columnIndex, cal);
    }","protected final Date getDate(int columnIndex, Calendar cal) throws SQLException {
        return rs.getDate(columnIndex, cal);
    }","/**
     * @param columnIndex
     * @param cal
     * @return
     * @throws SQLException
     * @see java.sql.ResultSet#getDate(int, java.util.Calendar)
     */"
dbut_75_5,"    public void testSetNullDate_5_oe() throws SQLException {

        // removed other assertion
        // Set what gets returned to something other than the default
        java.sql.Date date = new java.sql.Date(new java.util.Date().getTime());
        rs2.setNullDate(date);
        // removed other assertion
        // removed other assertion
        // removed other assertion
        assertEquals(date, rs.getDate(""column""));
    }
",SqlNullCheckedResultSetTest::testSetNullDate_5_oe,org.apache.commons.dbutils.BaseResultSetHandler,"getDate(int columnIndex, Calendar cal)","/**
     * @param columnIndex
     * @param cal
     * @return
     * @throws SQLException
     * @see java.sql.ResultSet#getDate(int, java.util.Calendar)
     */","protected final Date getDate(int columnIndex, Calendar cal) throws SQLException {
        return rs.getDate(columnIndex, cal);
    }","protected final Date getDate(int columnIndex, Calendar cal) throws SQLException {
        return rs.getDate(columnIndex, cal);
    }","/**
     * @param columnIndex
     * @param cal
     * @return
     * @throws SQLException
     * @see java.sql.ResultSet#getDate(int, java.util.Calendar)
     */"
dbut_75_6,"    public void testSetNullDate_6_oe() throws SQLException {

        // removed other assertion
        // Set what gets returned to something other than the default
        java.sql.Date date = new java.sql.Date(new java.util.Date().getTime());
        rs2.setNullDate(date);
        // removed other assertion
        // removed other assertion
        // removed other assertion
        // removed other assertion
        assertNotNull(rs.getDate(1, Calendar.getInstance()));
    }
",SqlNullCheckedResultSetTest::testSetNullDate_6_oe,org.apache.commons.dbutils.BaseResultSetHandler,"getDate(int columnIndex, Calendar cal)","/**
     * @param columnIndex
     * @param cal
     * @return
     * @throws SQLException
     * @see java.sql.ResultSet#getDate(int, java.util.Calendar)
     */","protected final Date getDate(int columnIndex, Calendar cal) throws SQLException {
        return rs.getDate(columnIndex, cal);
    }","public void setNullDate(Date nullDate) {
        this.nullDate = nullDate != null ? new Date(nullDate.getTime()) : null;
    }","/**
     * Sets the value to return when a SQL null is encountered as the result of
     * invoking a <code>getDate</code> method.
     *
     * @param nullDate the value
     */"
dbut_75_7,"    public void testSetNullDate_7_oe() throws SQLException {

        // removed other assertion
        // Set what gets returned to something other than the default
        java.sql.Date date = new java.sql.Date(new java.util.Date().getTime());
        rs2.setNullDate(date);
        // removed other assertion
        // removed other assertion
        // removed other assertion
        // removed other assertion
        // removed other assertion
        assertEquals(date, rs.getDate(1, Calendar.getInstance()));
    }
",SqlNullCheckedResultSetTest::testSetNullDate_7_oe,org.apache.commons.dbutils.BaseResultSetHandler,"getDate(int columnIndex, Calendar cal)","/**
     * @param columnIndex
     * @param cal
     * @return
     * @throws SQLException
     * @see java.sql.ResultSet#getDate(int, java.util.Calendar)
     */","protected final Date getDate(int columnIndex, Calendar cal) throws SQLException {
        return rs.getDate(columnIndex, cal);
    }","protected final Date getDate(int columnIndex, Calendar cal) throws SQLException {
        return rs.getDate(columnIndex, cal);
    }","/**
     * @param columnIndex
     * @param cal
     * @return
     * @throws SQLException
     * @see java.sql.ResultSet#getDate(int, java.util.Calendar)
     */"
dbut_75_8,"    public void testSetNullDate_8_oe() throws SQLException {

        // removed other assertion
        // Set what gets returned to something other than the default
        java.sql.Date date = new java.sql.Date(new java.util.Date().getTime());
        rs2.setNullDate(date);
        // removed other assertion
        // removed other assertion
        // removed other assertion
        // removed other assertion
        // removed other assertion
        // removed other assertion
        assertNotNull(rs.getDate(""column"", Calendar.getInstance()));
    }
",SqlNullCheckedResultSetTest::testSetNullDate_8_oe,org.apache.commons.dbutils.BaseResultSetHandler,"getDate(int columnIndex, Calendar cal)","/**
     * @param columnIndex
     * @param cal
     * @return
     * @throws SQLException
     * @see java.sql.ResultSet#getDate(int, java.util.Calendar)
     */","protected final Date getDate(int columnIndex, Calendar cal) throws SQLException {
        return rs.getDate(columnIndex, cal);
    }","public void setNullDate(Date nullDate) {
        this.nullDate = nullDate != null ? new Date(nullDate.getTime()) : null;
    }","/**
     * Sets the value to return when a SQL null is encountered as the result of
     * invoking a <code>getDate</code> method.
     *
     * @param nullDate the value
     */"
dbut_75_9,"    public void testSetNullDate_9_oe() throws SQLException {

        // removed other assertion
        // Set what gets returned to something other than the default
        java.sql.Date date = new java.sql.Date(new java.util.Date().getTime());
        rs2.setNullDate(date);
        // removed other assertion
        // removed other assertion
        // removed other assertion
        // removed other assertion
        // removed other assertion
        // removed other assertion
        // removed other assertion
        assertEquals(date, rs.getDate(""column"", Calendar.getInstance()));
    }
",SqlNullCheckedResultSetTest::testSetNullDate_9_oe,org.apache.commons.dbutils.BaseResultSetHandler,"getDate(int columnIndex, Calendar cal)","/**
     * @param columnIndex
     * @param cal
     * @return
     * @throws SQLException
     * @see java.sql.ResultSet#getDate(int, java.util.Calendar)
     */","protected final Date getDate(int columnIndex, Calendar cal) throws SQLException {
        return rs.getDate(columnIndex, cal);
    }","protected final Date getDate(int columnIndex, Calendar cal) throws SQLException {
        return rs.getDate(columnIndex, cal);
    }","/**
     * @param columnIndex
     * @param cal
     * @return
     * @throws SQLException
     * @see java.sql.ResultSet#getDate(int, java.util.Calendar)
     */"
dbut_76_1,"    public void testSetNullDouble_1_oe() throws SQLException {
        assertEquals(0.0, rs2.getNullDouble(), 0.0);
    }
",SqlNullCheckedResultSetTest::testSetNullDouble_1_oe,org.apache.commons.dbutils.wrappers.SqlNullCheckedResultSet,getNullDouble(),"/**
     * Returns the value when a SQL null is encountered as the result of
     * invoking a <code>getDouble</code> method.
     *
     * @return the value
     */","public double getNullDouble() {
        return this.nullDouble;
    }","public double getNullDouble() {
        return this.nullDouble;
    }","/**
     * Returns the value when a SQL null is encountered as the result of
     * invoking a <code>getDouble</code> method.
     *
     * @return the value
     */"
dbut_76_2,"    public void testSetNullDouble_2_oe() throws SQLException {
        // removed other assertion
        // Set what gets returned to something other than the default
        double d = 10.0;
        rs2.setNullDouble(d);
        assertEquals(d, rs.getDouble(1), 0.0);
    }
",SqlNullCheckedResultSetTest::testSetNullDouble_2_oe,org.apache.commons.dbutils.BaseResultSetHandler,getDouble(int columnIndex),"/**
     * @param columnIndex
     * @return
     * @throws SQLException
     * @see java.sql.ResultSet#getDouble(int)
     */","protected final double getDouble(int columnIndex) throws SQLException {
        return rs.getDouble(columnIndex);
    }","protected final double getDouble(int columnIndex) throws SQLException {
        return rs.getDouble(columnIndex);
    }","/**
     * @param columnIndex
     * @return
     * @throws SQLException
     * @see java.sql.ResultSet#getDouble(int)
     */"
dbut_76_3,"    public void testSetNullDouble_3_oe() throws SQLException {
        // removed other assertion
        // Set what gets returned to something other than the default
        double d = 10.0;
        rs2.setNullDouble(d);
        // removed other assertion
        assertEquals(d, rs.getDouble(""column""), 0.0);
    }
",SqlNullCheckedResultSetTest::testSetNullDouble_3_oe,org.apache.commons.dbutils.BaseResultSetHandler,getDouble(int columnIndex),"/**
     * @param columnIndex
     * @return
     * @throws SQLException
     * @see java.sql.ResultSet#getDouble(int)
     */","protected final double getDouble(int columnIndex) throws SQLException {
        return rs.getDouble(columnIndex);
    }","protected final double getDouble(int columnIndex) throws SQLException {
        return rs.getDouble(columnIndex);
    }","/**
     * @param columnIndex
     * @return
     * @throws SQLException
     * @see java.sql.ResultSet#getDouble(int)
     */"
dbut_77_1,"    public void testSetNullFloat_1_oe() throws SQLException {
        assertEquals((float) 0.0, rs2.getNullFloat(), 0.0);
    }
",SqlNullCheckedResultSetTest::testSetNullFloat_1_oe,org.apache.commons.dbutils.wrappers.SqlNullCheckedResultSet,getNullFloat(),"/**
     * Returns the value when a SQL null is encountered as the result of
     * invoking a <code>getFloat</code> method.
     *
     * @return the value
     */","public float getNullFloat() {
        return this.nullFloat;
    }","public float getNullFloat() {
        return this.nullFloat;
    }","/**
     * Returns the value when a SQL null is encountered as the result of
     * invoking a <code>getFloat</code> method.
     *
     * @return the value
     */"
dbut_77_2,"    public void testSetNullFloat_2_oe() throws SQLException {
        // removed other assertion
        // Set what gets returned to something other than the default
        float f = (float) 10.0;
        rs2.setNullFloat(f);
        assertEquals(f, rs.getFloat(1), 0.0);
    }
",SqlNullCheckedResultSetTest::testSetNullFloat_2_oe,org.apache.commons.dbutils.BaseResultSetHandler,getFloat(int columnIndex),"/**
     * @param columnIndex
     * @return
     * @throws SQLException
     * @see java.sql.ResultSet#getFloat(int)
     */","protected final float getFloat(int columnIndex) throws SQLException {
        return rs.getFloat(columnIndex);
    }","protected final float getFloat(int columnIndex) throws SQLException {
        return rs.getFloat(columnIndex);
    }","/**
     * @param columnIndex
     * @return
     * @throws SQLException
     * @see java.sql.ResultSet#getFloat(int)
     */"
dbut_77_3,"    public void testSetNullFloat_3_oe() throws SQLException {
        // removed other assertion
        // Set what gets returned to something other than the default
        float f = (float) 10.0;
        rs2.setNullFloat(f);
        // removed other assertion
        assertEquals(f, rs.getFloat(""column""), 0.0);
    }
",SqlNullCheckedResultSetTest::testSetNullFloat_3_oe,org.apache.commons.dbutils.BaseResultSetHandler,getFloat(int columnIndex),"/**
     * @param columnIndex
     * @return
     * @throws SQLException
     * @see java.sql.ResultSet#getFloat(int)
     */","protected final float getFloat(int columnIndex) throws SQLException {
        return rs.getFloat(columnIndex);
    }","protected final float getFloat(int columnIndex) throws SQLException {
        return rs.getFloat(columnIndex);
    }","/**
     * @param columnIndex
     * @return
     * @throws SQLException
     * @see java.sql.ResultSet#getFloat(int)
     */"
dbut_78_1,"    public void testSetNullInt_1_oe() throws SQLException {
        assertEquals(0, rs2.getNullInt());
    }
",SqlNullCheckedResultSetTest::testSetNullInt_1_oe,org.apache.commons.dbutils.wrappers.SqlNullCheckedResultSet,getNullInt(),"/**
     * Returns the value when a SQL null is encountered as the result of
     * invoking a <code>getInt</code> method.
     *
     * @return the value
     */","public int getNullInt() {
        return this.nullInt;
    }","public int getNullInt() {
        return this.nullInt;
    }","/**
     * Returns the value when a SQL null is encountered as the result of
     * invoking a <code>getInt</code> method.
     *
     * @return the value
     */"
dbut_78_2,"    public void testSetNullInt_2_oe() throws SQLException {
        // removed other assertion
        assertEquals(0, rs.getInt(1));
    }
",SqlNullCheckedResultSetTest::testSetNullInt_2_oe,org.apache.commons.dbutils.BaseResultSetHandler,getInt(int columnIndex),"/**
     * @param columnIndex
     * @return
     * @throws SQLException
     * @see java.sql.ResultSet#getInt(int)
     */","protected final int getInt(int columnIndex) throws SQLException {
        return rs.getInt(columnIndex);
    }","protected final int getInt(int columnIndex) throws SQLException {
        return rs.getInt(columnIndex);
    }","/**
     * @param columnIndex
     * @return
     * @throws SQLException
     * @see java.sql.ResultSet#getInt(int)
     */"
dbut_78_3,"    public void testSetNullInt_3_oe() throws SQLException {
        // removed other assertion
        // removed other assertion
        assertTrue(rs.wasNull());
    }
",SqlNullCheckedResultSetTest::testSetNullInt_3_oe,org.apache.commons.dbutils.BaseResultSetHandler,wasNull(),"/**
     * @return
     * @throws SQLException
     * @see java.sql.ResultSet#wasNull()
     */","protected final boolean wasNull() throws SQLException {
        return rs.wasNull();
    }","protected final boolean wasNull() throws SQLException {
        return rs.wasNull();
    }","/**
     * @return
     * @throws SQLException
     * @see java.sql.ResultSet#wasNull()
     */"
dbut_78_4,"    public void testSetNullInt_4_oe() throws SQLException {
        // removed other assertion
        // removed other assertion
        // removed other assertion
        assertEquals(0, rs.getInt(""column""));
    }
",SqlNullCheckedResultSetTest::testSetNullInt_4_oe,org.apache.commons.dbutils.BaseResultSetHandler,getInt(int columnIndex),"/**
     * @param columnIndex
     * @return
     * @throws SQLException
     * @see java.sql.ResultSet#getInt(int)
     */","protected final int getInt(int columnIndex) throws SQLException {
        return rs.getInt(columnIndex);
    }","protected final int getInt(int columnIndex) throws SQLException {
        return rs.getInt(columnIndex);
    }","/**
     * @param columnIndex
     * @return
     * @throws SQLException
     * @see java.sql.ResultSet#getInt(int)
     */"
dbut_78_5,"    public void testSetNullInt_5_oe() throws SQLException {
        // removed other assertion
        // removed other assertion
        // removed other assertion
        // removed other assertion
        assertTrue(rs.wasNull());
    }
",SqlNullCheckedResultSetTest::testSetNullInt_5_oe,org.apache.commons.dbutils.BaseResultSetHandler,wasNull(),"/**
     * @return
     * @throws SQLException
     * @see java.sql.ResultSet#wasNull()
     */","protected final boolean wasNull() throws SQLException {
        return rs.wasNull();
    }","protected final boolean wasNull() throws SQLException {
        return rs.wasNull();
    }","/**
     * @return
     * @throws SQLException
     * @see java.sql.ResultSet#wasNull()
     */"
dbut_78_6,"    public void testSetNullInt_6_oe() throws SQLException {
        // removed other assertion
        // removed other assertion
        // removed other assertion
        // removed other assertion
        // removed other assertion
        // Set what gets returned to something other than the default
        int i = 10;
        rs2.setNullInt(i);
        assertEquals(i, rs.getInt(1));
    }
",SqlNullCheckedResultSetTest::testSetNullInt_6_oe,org.apache.commons.dbutils.BaseResultSetHandler,getInt(int columnIndex),"/**
     * @param columnIndex
     * @return
     * @throws SQLException
     * @see java.sql.ResultSet#getInt(int)
     */","protected final int getInt(int columnIndex) throws SQLException {
        return rs.getInt(columnIndex);
    }","protected final int getInt(int columnIndex) throws SQLException {
        return rs.getInt(columnIndex);
    }","/**
     * @param columnIndex
     * @return
     * @throws SQLException
     * @see java.sql.ResultSet#getInt(int)
     */"
dbut_78_7,"    public void testSetNullInt_7_oe() throws SQLException {
        // removed other assertion
        // removed other assertion
        // removed other assertion
        // removed other assertion
        // removed other assertion
        // Set what gets returned to something other than the default
        int i = 10;
        rs2.setNullInt(i);
        // removed other assertion
        assertEquals(i, rs.getInt(""column""));
    }
",SqlNullCheckedResultSetTest::testSetNullInt_7_oe,org.apache.commons.dbutils.BaseResultSetHandler,getInt(int columnIndex),"/**
     * @param columnIndex
     * @return
     * @throws SQLException
     * @see java.sql.ResultSet#getInt(int)
     */","protected final int getInt(int columnIndex) throws SQLException {
        return rs.getInt(columnIndex);
    }","protected final int getInt(int columnIndex) throws SQLException {
        return rs.getInt(columnIndex);
    }","/**
     * @param columnIndex
     * @return
     * @throws SQLException
     * @see java.sql.ResultSet#getInt(int)
     */"
dbut_79_1,"    public void testSetNullLong_1_oe() throws SQLException {
        assertEquals(0, rs2.getNullLong());
    }
",SqlNullCheckedResultSetTest::testSetNullLong_1_oe,org.apache.commons.dbutils.wrappers.SqlNullCheckedResultSet,getNullLong(),"/**
     * Returns the value when a SQL null is encountered as the result of
     * invoking a <code>getLong</code> method.
     *
     * @return the value
     */","public long getNullLong() {
        return this.nullLong;
    }","public long getNullLong() {
        return this.nullLong;
    }","/**
     * Returns the value when a SQL null is encountered as the result of
     * invoking a <code>getLong</code> method.
     *
     * @return the value
     */"
dbut_79_2,"    public void testSetNullLong_2_oe() throws SQLException {
        // removed other assertion
        // Set what gets returned to something other than the default
        long l = 10;
        rs2.setNullLong(l);
        assertEquals(l, rs.getLong(1));
    }
",SqlNullCheckedResultSetTest::testSetNullLong_2_oe,org.apache.commons.dbutils.BaseResultSetHandler,getLong(int columnIndex),"/**
     * @param columnIndex
     * @return
     * @throws SQLException
     * @see java.sql.ResultSet#getLong(int)
     */","protected final long getLong(int columnIndex) throws SQLException {
        return rs.getLong(columnIndex);
    }","protected final long getLong(int columnIndex) throws SQLException {
        return rs.getLong(columnIndex);
    }","/**
     * @param columnIndex
     * @return
     * @throws SQLException
     * @see java.sql.ResultSet#getLong(int)
     */"
dbut_79_3,"    public void testSetNullLong_3_oe() throws SQLException {
        // removed other assertion
        // Set what gets returned to something other than the default
        long l = 10;
        rs2.setNullLong(l);
        // removed other assertion
        assertEquals(l, rs.getLong(""column""));
    }
",SqlNullCheckedResultSetTest::testSetNullLong_3_oe,org.apache.commons.dbutils.BaseResultSetHandler,getLong(int columnIndex),"/**
     * @param columnIndex
     * @return
     * @throws SQLException
     * @see java.sql.ResultSet#getLong(int)
     */","protected final long getLong(int columnIndex) throws SQLException {
        return rs.getLong(columnIndex);
    }","protected final long getLong(int columnIndex) throws SQLException {
        return rs.getLong(columnIndex);
    }","/**
     * @param columnIndex
     * @return
     * @throws SQLException
     * @see java.sql.ResultSet#getLong(int)
     */"
dbut_80_1,"    public void testSetNullObject_1_oe() throws SQLException {
        assertNull(rs2.getNullObject());
    }
",SqlNullCheckedResultSetTest::testSetNullObject_1_oe,org.apache.commons.dbutils.wrappers.SqlNullCheckedResultSet,getNullObject(),"/**
     * Returns the value when a SQL null is encountered as the result of
     * invoking a <code>getObject</code> method.
     *
     * @return the value
     */","public Object getNullObject() {
        return this.nullObject;
    }","public Object getNullObject() {
        return this.nullObject;
    }","/**
     * Returns the value when a SQL null is encountered as the result of
     * invoking a <code>getObject</code> method.
     *
     * @return the value
     */"
dbut_80_2,"    public void testSetNullObject_2_oe() throws SQLException {
        // removed other assertion
        // Set what gets returned to something other than the default
        Object o = new Object();
        rs2.setNullObject(o);
        assertNotNull(rs.getObject(1));
    }
",SqlNullCheckedResultSetTest::testSetNullObject_2_oe,org.apache.commons.dbutils.BaseResultSetHandler,"getObject(int columnIndex, Map<String, Class<?>> map)","/**
     * @param columnIndex
     * @param map
     * @return
     * @throws SQLException
     * @see java.sql.ResultSet#getObject(int, java.util.Map)
     */","protected final Object getObject(int columnIndex, Map<String, Class<?>> map) throws SQLException {
        return rs.getObject(columnIndex, map);
    }","protected final Object getObject(int columnIndex, Map<String, Class<?>> map) throws SQLException {
        return rs.getObject(columnIndex, map);
    }","/**
     * @param columnIndex
     * @param map
     * @return
     * @throws SQLException
     * @see java.sql.ResultSet#getObject(int, java.util.Map)
     */"
dbut_80_3,"    public void testSetNullObject_3_oe() throws SQLException {
        // removed other assertion
        // Set what gets returned to something other than the default
        Object o = new Object();
        rs2.setNullObject(o);
        // removed other assertion
        assertEquals(o, rs.getObject(1));
    }
",SqlNullCheckedResultSetTest::testSetNullObject_3_oe,org.apache.commons.dbutils.BaseResultSetHandler,"getObject(int columnIndex, Map<String, Class<?>> map)","/**
     * @param columnIndex
     * @param map
     * @return
     * @throws SQLException
     * @see java.sql.ResultSet#getObject(int, java.util.Map)
     */","protected final Object getObject(int columnIndex, Map<String, Class<?>> map) throws SQLException {
        return rs.getObject(columnIndex, map);
    }","protected final Object getObject(int columnIndex, Map<String, Class<?>> map) throws SQLException {
        return rs.getObject(columnIndex, map);
    }","/**
     * @param columnIndex
     * @param map
     * @return
     * @throws SQLException
     * @see java.sql.ResultSet#getObject(int, java.util.Map)
     */"
dbut_80_4,"    public void testSetNullObject_4_oe() throws SQLException {
        // removed other assertion
        // Set what gets returned to something other than the default
        Object o = new Object();
        rs2.setNullObject(o);
        // removed other assertion
        // removed other assertion
        assertNotNull(rs.getObject(""column""));
    }
",SqlNullCheckedResultSetTest::testSetNullObject_4_oe,org.apache.commons.dbutils.BaseResultSetHandler,"getObject(int columnIndex, Map<String, Class<?>> map)","/**
     * @param columnIndex
     * @param map
     * @return
     * @throws SQLException
     * @see java.sql.ResultSet#getObject(int, java.util.Map)
     */","protected final Object getObject(int columnIndex, Map<String, Class<?>> map) throws SQLException {
        return rs.getObject(columnIndex, map);
    }","protected final Object getObject(int columnIndex, Map<String, Class<?>> map) throws SQLException {
        return rs.getObject(columnIndex, map);
    }","/**
     * @param columnIndex
     * @param map
     * @return
     * @throws SQLException
     * @see java.sql.ResultSet#getObject(int, java.util.Map)
     */"
dbut_80_5,"    public void testSetNullObject_5_oe() throws SQLException {
        // removed other assertion
        // Set what gets returned to something other than the default
        Object o = new Object();
        rs2.setNullObject(o);
        // removed other assertion
        // removed other assertion
        // removed other assertion
        assertEquals(o, rs.getObject(""column""));
    }
",SqlNullCheckedResultSetTest::testSetNullObject_5_oe,org.apache.commons.dbutils.BaseResultSetHandler,"getObject(int columnIndex, Map<String, Class<?>> map)","/**
     * @param columnIndex
     * @param map
     * @return
     * @throws SQLException
     * @see java.sql.ResultSet#getObject(int, java.util.Map)
     */","protected final Object getObject(int columnIndex, Map<String, Class<?>> map) throws SQLException {
        return rs.getObject(columnIndex, map);
    }","protected final Object getObject(int columnIndex, Map<String, Class<?>> map) throws SQLException {
        return rs.getObject(columnIndex, map);
    }","/**
     * @param columnIndex
     * @param map
     * @return
     * @throws SQLException
     * @see java.sql.ResultSet#getObject(int, java.util.Map)
     */"
dbut_80_6,"    public void testSetNullObject_6_oe() throws SQLException {
        // removed other assertion
        // Set what gets returned to something other than the default
        Object o = new Object();
        rs2.setNullObject(o);
        // removed other assertion
        // removed other assertion
        // removed other assertion
        // removed other assertion
        assertNotNull(rs.getObject(1, (Map<String, Class<?>>) null));
    }
",SqlNullCheckedResultSetTest::testSetNullObject_6_oe,org.apache.commons.dbutils.BaseResultSetHandler,"getObject(int columnIndex, Map<String, Class<?>> map)","/**
     * @param columnIndex
     * @param map
     * @return
     * @throws SQLException
     * @see java.sql.ResultSet#getObject(int, java.util.Map)
     */","protected final Object getObject(int columnIndex, Map<String, Class<?>> map) throws SQLException {
        return rs.getObject(columnIndex, map);
    }","protected final Object getObject(int columnIndex, Map<String, Class<?>> map) throws SQLException {
        return rs.getObject(columnIndex, map);
    }","/**
     * @param columnIndex
     * @param map
     * @return
     * @throws SQLException
     * @see java.sql.ResultSet#getObject(int, java.util.Map)
     */"
dbut_80_7,"    public void testSetNullObject_7_oe() throws SQLException {
        // removed other assertion
        // Set what gets returned to something other than the default
        Object o = new Object();
        rs2.setNullObject(o);
        // removed other assertion
        // removed other assertion
        // removed other assertion
        // removed other assertion
        // removed other assertion
        assertEquals(o, rs.getObject(1, (Map<String, Class<?>>) null));
    }
",SqlNullCheckedResultSetTest::testSetNullObject_7_oe,org.apache.commons.dbutils.BaseResultSetHandler,"getObject(int columnIndex, Map<String, Class<?>> map)","/**
     * @param columnIndex
     * @param map
     * @return
     * @throws SQLException
     * @see java.sql.ResultSet#getObject(int, java.util.Map)
     */","protected final Object getObject(int columnIndex, Map<String, Class<?>> map) throws SQLException {
        return rs.getObject(columnIndex, map);
    }","protected final Object getObject(int columnIndex, Map<String, Class<?>> map) throws SQLException {
        return rs.getObject(columnIndex, map);
    }","/**
     * @param columnIndex
     * @param map
     * @return
     * @throws SQLException
     * @see java.sql.ResultSet#getObject(int, java.util.Map)
     */"
dbut_80_8,"    public void testSetNullObject_8_oe() throws SQLException {
        // removed other assertion
        // Set what gets returned to something other than the default
        Object o = new Object();
        rs2.setNullObject(o);
        // removed other assertion
        // removed other assertion
        // removed other assertion
        // removed other assertion
        // removed other assertion
        // removed other assertion
        assertNotNull(rs.getObject(""column"", (Map<String, Class<?>>) null));
    }
",SqlNullCheckedResultSetTest::testSetNullObject_8_oe,org.apache.commons.dbutils.BaseResultSetHandler,"getObject(int columnIndex, Map<String, Class<?>> map)","/**
     * @param columnIndex
     * @param map
     * @return
     * @throws SQLException
     * @see java.sql.ResultSet#getObject(int, java.util.Map)
     */","protected final Object getObject(int columnIndex, Map<String, Class<?>> map) throws SQLException {
        return rs.getObject(columnIndex, map);
    }","protected final Object getObject(int columnIndex, Map<String, Class<?>> map) throws SQLException {
        return rs.getObject(columnIndex, map);
    }","/**
     * @param columnIndex
     * @param map
     * @return
     * @throws SQLException
     * @see java.sql.ResultSet#getObject(int, java.util.Map)
     */"
dbut_80_9,"    public void testSetNullObject_9_oe() throws SQLException {
        // removed other assertion
        // Set what gets returned to something other than the default
        Object o = new Object();
        rs2.setNullObject(o);
        // removed other assertion
        // removed other assertion
        // removed other assertion
        // removed other assertion
        // removed other assertion
        // removed other assertion
        // removed other assertion
        assertEquals(o, rs.getObject(""column"", (Map<String, Class<?>>) null));
    }
",SqlNullCheckedResultSetTest::testSetNullObject_9_oe,org.apache.commons.dbutils.BaseResultSetHandler,"getObject(int columnIndex, Map<String, Class<?>> map)","/**
     * @param columnIndex
     * @param map
     * @return
     * @throws SQLException
     * @see java.sql.ResultSet#getObject(int, java.util.Map)
     */","protected final Object getObject(int columnIndex, Map<String, Class<?>> map) throws SQLException {
        return rs.getObject(columnIndex, map);
    }","protected final Object getObject(int columnIndex, Map<String, Class<?>> map) throws SQLException {
        return rs.getObject(columnIndex, map);
    }","/**
     * @param columnIndex
     * @param map
     * @return
     * @throws SQLException
     * @see java.sql.ResultSet#getObject(int, java.util.Map)
     */"
dbut_81_1,"    public void testSetNullShort_1_oe() throws SQLException {

        assertEquals((short) 0, rs2.getNullShort());
    }
",SqlNullCheckedResultSetTest::testSetNullShort_1_oe,org.apache.commons.dbutils.wrappers.SqlNullCheckedResultSet,getNullShort(),"/**
     * Returns the value when a SQL null is encountered as the result of
     * invoking a <code>getShort</code> method.
     *
     * @return the value
     */","public short getNullShort() {
        return this.nullShort;
    }","public short getNullShort() {
        return this.nullShort;
    }","/**
     * Returns the value when a SQL null is encountered as the result of
     * invoking a <code>getShort</code> method.
     *
     * @return the value
     */"
dbut_81_2,"    public void testSetNullShort_2_oe() throws SQLException {

        // removed other assertion
        // Set what gets returned to something other than the default
        short s = (short) 10;
        rs2.setNullShort(s);
        assertEquals(s, rs.getShort(1));
    }
",SqlNullCheckedResultSetTest::testSetNullShort_2_oe,org.apache.commons.dbutils.BaseResultSetHandler,getShort(int columnIndex),"/**
     * @param columnIndex
     * @return
     * @throws SQLException
     * @see java.sql.ResultSet#getShort(int)
     */","protected final short getShort(int columnIndex) throws SQLException {
        return rs.getShort(columnIndex);
    }","protected final short getShort(int columnIndex) throws SQLException {
        return rs.getShort(columnIndex);
    }","/**
     * @param columnIndex
     * @return
     * @throws SQLException
     * @see java.sql.ResultSet#getShort(int)
     */"
dbut_81_3,"    public void testSetNullShort_3_oe() throws SQLException {

        // removed other assertion
        // Set what gets returned to something other than the default
        short s = (short) 10;
        rs2.setNullShort(s);
        // removed other assertion
        assertEquals(s, rs.getShort(""column""));
    }
",SqlNullCheckedResultSetTest::testSetNullShort_3_oe,org.apache.commons.dbutils.BaseResultSetHandler,getShort(int columnIndex),"/**
     * @param columnIndex
     * @return
     * @throws SQLException
     * @see java.sql.ResultSet#getShort(int)
     */","protected final short getShort(int columnIndex) throws SQLException {
        return rs.getShort(columnIndex);
    }","protected final short getShort(int columnIndex) throws SQLException {
        return rs.getShort(columnIndex);
    }","/**
     * @param columnIndex
     * @return
     * @throws SQLException
     * @see java.sql.ResultSet#getShort(int)
     */"
dbut_82_1,"    public void testSetNullString_1_oe() throws SQLException {
        assertEquals(null, rs2.getNullString());
    }
",SqlNullCheckedResultSetTest::testSetNullString_1_oe,org.apache.commons.dbutils.wrappers.SqlNullCheckedResultSet,getNullString(),"/**
     * Returns the value when a SQL null is encountered as the result of
     * invoking a <code>getString</code> method.
     *
     * @return the value
     */","public String getNullString() {
        return this.nullString;
    }","public String getNullString() {
        return this.nullString;
    }","/**
     * Returns the value when a SQL null is encountered as the result of
     * invoking a <code>getString</code> method.
     *
     * @return the value
     */"
dbut_82_2,"    public void testSetNullString_2_oe() throws SQLException {
        // removed other assertion
        // Set what gets returned to something other than the default
        String s = ""hello, world"";
        rs2.setNullString(s);
        assertEquals(s, rs.getString(1));
    }
",SqlNullCheckedResultSetTest::testSetNullString_2_oe,org.apache.commons.dbutils.BaseResultSetHandler,getString(int columnIndex),"/**
     * @param columnIndex
     * @return
     * @throws SQLException
     * @see java.sql.ResultSet#getString(int)
     */","protected final String getString(int columnIndex) throws SQLException {
        return rs.getString(columnIndex);
    }","protected final String getString(int columnIndex) throws SQLException {
        return rs.getString(columnIndex);
    }","/**
     * @param columnIndex
     * @return
     * @throws SQLException
     * @see java.sql.ResultSet#getString(int)
     */"
dbut_82_3,"    public void testSetNullString_3_oe() throws SQLException {
        // removed other assertion
        // Set what gets returned to something other than the default
        String s = ""hello, world"";
        rs2.setNullString(s);
        // removed other assertion
        assertEquals(s, rs.getString(""column""));
    }
",SqlNullCheckedResultSetTest::testSetNullString_3_oe,org.apache.commons.dbutils.BaseResultSetHandler,getString(int columnIndex),"/**
     * @param columnIndex
     * @return
     * @throws SQLException
     * @see java.sql.ResultSet#getString(int)
     */","protected final String getString(int columnIndex) throws SQLException {
        return rs.getString(columnIndex);
    }","protected final String getString(int columnIndex) throws SQLException {
        return rs.getString(columnIndex);
    }","/**
     * @param columnIndex
     * @return
     * @throws SQLException
     * @see java.sql.ResultSet#getString(int)
     */"
dbut_83_1,"    public void testSetNullRef_1_oe() throws SQLException {
        assertNull(rs2.getNullRef());
    }
",SqlNullCheckedResultSetTest::testSetNullRef_1_oe,org.apache.commons.dbutils.wrappers.SqlNullCheckedResultSet,getNullRef(),"/**
     * Returns the value when a SQL null is encountered as the result of
     * invoking a <code>getRef</code> method.
     *
     * @return the value
     */","public Ref getNullRef() {
        return this.nullRef;
    }","public Ref getNullRef() {
        return this.nullRef;
    }","/**
     * Returns the value when a SQL null is encountered as the result of
     * invoking a <code>getRef</code> method.
     *
     * @return the value
     */"
dbut_83_2,"    public void testSetNullRef_2_oe() throws SQLException {
        // removed other assertion
        // Set what gets returned to something other than the default
        Ref ref = new SqlNullCheckedResultSetMockRef();
        rs2.setNullRef(ref);
        assertNotNull(rs.getRef(1));
    }
",SqlNullCheckedResultSetTest::testSetNullRef_2_oe,org.apache.commons.dbutils.BaseResultSetHandler,getRef(int columnIndex),"/**
     * @param columnIndex
     * @return
     * @throws SQLException
     * @see java.sql.ResultSet#getRef(int)
     */","protected final Ref getRef(int columnIndex) throws SQLException {
        return rs.getRef(columnIndex);
    }","protected final Ref getRef(int columnIndex) throws SQLException {
        return rs.getRef(columnIndex);
    }","/**
     * @param columnIndex
     * @return
     * @throws SQLException
     * @see java.sql.ResultSet#getRef(int)
     */"
dbut_83_3,"    public void testSetNullRef_3_oe() throws SQLException {
        // removed other assertion
        // Set what gets returned to something other than the default
        Ref ref = new SqlNullCheckedResultSetMockRef();
        rs2.setNullRef(ref);
        // removed other assertion
        assertEquals(ref, rs.getRef(1));
    }
",SqlNullCheckedResultSetTest::testSetNullRef_3_oe,org.apache.commons.dbutils.BaseResultSetHandler,getRef(int columnIndex),"/**
     * @param columnIndex
     * @return
     * @throws SQLException
     * @see java.sql.ResultSet#getRef(int)
     */","protected final Ref getRef(int columnIndex) throws SQLException {
        return rs.getRef(columnIndex);
    }","protected final Ref getRef(int columnIndex) throws SQLException {
        return rs.getRef(columnIndex);
    }","/**
     * @param columnIndex
     * @return
     * @throws SQLException
     * @see java.sql.ResultSet#getRef(int)
     */"
dbut_83_4,"    public void testSetNullRef_4_oe() throws SQLException {
        // removed other assertion
        // Set what gets returned to something other than the default
        Ref ref = new SqlNullCheckedResultSetMockRef();
        rs2.setNullRef(ref);
        // removed other assertion
        // removed other assertion
        assertNotNull(rs.getRef(""column""));
    }
",SqlNullCheckedResultSetTest::testSetNullRef_4_oe,org.apache.commons.dbutils.BaseResultSetHandler,getRef(int columnIndex),"/**
     * @param columnIndex
     * @return
     * @throws SQLException
     * @see java.sql.ResultSet#getRef(int)
     */","protected final Ref getRef(int columnIndex) throws SQLException {
        return rs.getRef(columnIndex);
    }","protected final Ref getRef(int columnIndex) throws SQLException {
        return rs.getRef(columnIndex);
    }","/**
     * @param columnIndex
     * @return
     * @throws SQLException
     * @see java.sql.ResultSet#getRef(int)
     */"
dbut_83_5,"    public void testSetNullRef_5_oe() throws SQLException {
        // removed other assertion
        // Set what gets returned to something other than the default
        Ref ref = new SqlNullCheckedResultSetMockRef();
        rs2.setNullRef(ref);
        // removed other assertion
        // removed other assertion
        // removed other assertion
        assertEquals(ref, rs.getRef(""column""));
    }
",SqlNullCheckedResultSetTest::testSetNullRef_5_oe,org.apache.commons.dbutils.BaseResultSetHandler,getRef(int columnIndex),"/**
     * @param columnIndex
     * @return
     * @throws SQLException
     * @see java.sql.ResultSet#getRef(int)
     */","protected final Ref getRef(int columnIndex) throws SQLException {
        return rs.getRef(columnIndex);
    }","protected final Ref getRef(int columnIndex) throws SQLException {
        return rs.getRef(columnIndex);
    }","/**
     * @param columnIndex
     * @return
     * @throws SQLException
     * @see java.sql.ResultSet#getRef(int)
     */"
dbut_84_1,"    public void testSetNullTime_1_oe() throws SQLException {
        assertEquals(null, rs2.getNullTime());
    }
",SqlNullCheckedResultSetTest::testSetNullTime_1_oe,org.apache.commons.dbutils.wrappers.SqlNullCheckedResultSet,getNullTime(),"/**
     * Returns the value when a SQL null is encountered as the result of
     * invoking a <code>getTime</code> method.
     *
     * @return the value
     */","public Time getNullTime() {
        return this.nullTime;
    }","public Time getNullTime() {
        return this.nullTime;
    }","/**
     * Returns the value when a SQL null is encountered as the result of
     * invoking a <code>getTime</code> method.
     *
     * @return the value
     */"
dbut_84_2,"    public void testSetNullTime_2_oe() throws SQLException {
        // removed other assertion
        // Set what gets returned to something other than the default
        Time time = new Time(new java.util.Date().getTime());
        rs2.setNullTime(time);
        assertNotNull(rs.getTime(1));
    }
",SqlNullCheckedResultSetTest::testSetNullTime_2_oe,org.apache.commons.dbutils.BaseResultSetHandler,"getTime(int columnIndex, Calendar cal)","/**
     * @param columnIndex
     * @param cal
     * @return
     * @throws SQLException
     * @see java.sql.ResultSet#getTime(int, java.util.Calendar)
     */","protected final Time getTime(int columnIndex, Calendar cal) throws SQLException {
        return rs.getTime(columnIndex, cal);
    }","protected final Time getTime(int columnIndex, Calendar cal) throws SQLException {
        return rs.getTime(columnIndex, cal);
    }","/**
     * @param columnIndex
     * @param cal
     * @return
     * @throws SQLException
     * @see java.sql.ResultSet#getTime(int, java.util.Calendar)
     */"
dbut_84_3,"    public void testSetNullTime_3_oe() throws SQLException {
        // removed other assertion
        // Set what gets returned to something other than the default
        Time time = new Time(new java.util.Date().getTime());
        rs2.setNullTime(time);
        // removed other assertion
        assertEquals(time, rs.getTime(1));
    }
",SqlNullCheckedResultSetTest::testSetNullTime_3_oe,org.apache.commons.dbutils.BaseResultSetHandler,"getTime(int columnIndex, Calendar cal)","/**
     * @param columnIndex
     * @param cal
     * @return
     * @throws SQLException
     * @see java.sql.ResultSet#getTime(int, java.util.Calendar)
     */","protected final Time getTime(int columnIndex, Calendar cal) throws SQLException {
        return rs.getTime(columnIndex, cal);
    }","protected final Time getTime(int columnIndex, Calendar cal) throws SQLException {
        return rs.getTime(columnIndex, cal);
    }","/**
     * @param columnIndex
     * @param cal
     * @return
     * @throws SQLException
     * @see java.sql.ResultSet#getTime(int, java.util.Calendar)
     */"
dbut_84_4,"    public void testSetNullTime_4_oe() throws SQLException {
        // removed other assertion
        // Set what gets returned to something other than the default
        Time time = new Time(new java.util.Date().getTime());
        rs2.setNullTime(time);
        // removed other assertion
        // removed other assertion
        assertNotNull(rs.getTime(""column""));
    }
",SqlNullCheckedResultSetTest::testSetNullTime_4_oe,org.apache.commons.dbutils.BaseResultSetHandler,"getTime(int columnIndex, Calendar cal)","/**
     * @param columnIndex
     * @param cal
     * @return
     * @throws SQLException
     * @see java.sql.ResultSet#getTime(int, java.util.Calendar)
     */","protected final Time getTime(int columnIndex, Calendar cal) throws SQLException {
        return rs.getTime(columnIndex, cal);
    }","protected final Time getTime(int columnIndex, Calendar cal) throws SQLException {
        return rs.getTime(columnIndex, cal);
    }","/**
     * @param columnIndex
     * @param cal
     * @return
     * @throws SQLException
     * @see java.sql.ResultSet#getTime(int, java.util.Calendar)
     */"
dbut_84_5,"    public void testSetNullTime_5_oe() throws SQLException {
        // removed other assertion
        // Set what gets returned to something other than the default
        Time time = new Time(new java.util.Date().getTime());
        rs2.setNullTime(time);
        // removed other assertion
        // removed other assertion
        // removed other assertion
        assertEquals(time, rs.getTime(""column""));
    }
",SqlNullCheckedResultSetTest::testSetNullTime_5_oe,org.apache.commons.dbutils.BaseResultSetHandler,"getTime(int columnIndex, Calendar cal)","/**
     * @param columnIndex
     * @param cal
     * @return
     * @throws SQLException
     * @see java.sql.ResultSet#getTime(int, java.util.Calendar)
     */","protected final Time getTime(int columnIndex, Calendar cal) throws SQLException {
        return rs.getTime(columnIndex, cal);
    }","protected final Time getTime(int columnIndex, Calendar cal) throws SQLException {
        return rs.getTime(columnIndex, cal);
    }","/**
     * @param columnIndex
     * @param cal
     * @return
     * @throws SQLException
     * @see java.sql.ResultSet#getTime(int, java.util.Calendar)
     */"
dbut_84_6,"    public void testSetNullTime_6_oe() throws SQLException {
        // removed other assertion
        // Set what gets returned to something other than the default
        Time time = new Time(new java.util.Date().getTime());
        rs2.setNullTime(time);
        // removed other assertion
        // removed other assertion
        // removed other assertion
        // removed other assertion
        assertNotNull(rs.getTime(1, Calendar.getInstance()));
    }
",SqlNullCheckedResultSetTest::testSetNullTime_6_oe,org.apache.commons.dbutils.BaseResultSetHandler,"getTime(int columnIndex, Calendar cal)","/**
     * @param columnIndex
     * @param cal
     * @return
     * @throws SQLException
     * @see java.sql.ResultSet#getTime(int, java.util.Calendar)
     */","protected final Time getTime(int columnIndex, Calendar cal) throws SQLException {
        return rs.getTime(columnIndex, cal);
    }","public void setNullTime(Time nullTime) {
        this.nullTime = nullTime;
    }","/**
     * Sets the value to return when a SQL null is encountered as the result of
     * invoking a <code>getTime</code> method.
     *
     * @param nullTime the value
     */"
dbut_84_7,"    public void testSetNullTime_7_oe() throws SQLException {
        // removed other assertion
        // Set what gets returned to something other than the default
        Time time = new Time(new java.util.Date().getTime());
        rs2.setNullTime(time);
        // removed other assertion
        // removed other assertion
        // removed other assertion
        // removed other assertion
        // removed other assertion
        assertEquals(time, rs.getTime(1, Calendar.getInstance()));
    }
",SqlNullCheckedResultSetTest::testSetNullTime_7_oe,org.apache.commons.dbutils.BaseResultSetHandler,"getTime(int columnIndex, Calendar cal)","/**
     * @param columnIndex
     * @param cal
     * @return
     * @throws SQLException
     * @see java.sql.ResultSet#getTime(int, java.util.Calendar)
     */","protected final Time getTime(int columnIndex, Calendar cal) throws SQLException {
        return rs.getTime(columnIndex, cal);
    }","protected final Time getTime(int columnIndex, Calendar cal) throws SQLException {
        return rs.getTime(columnIndex, cal);
    }","/**
     * @param columnIndex
     * @param cal
     * @return
     * @throws SQLException
     * @see java.sql.ResultSet#getTime(int, java.util.Calendar)
     */"
dbut_84_8,"    public void testSetNullTime_8_oe() throws SQLException {
        // removed other assertion
        // Set what gets returned to something other than the default
        Time time = new Time(new java.util.Date().getTime());
        rs2.setNullTime(time);
        // removed other assertion
        // removed other assertion
        // removed other assertion
        // removed other assertion
        // removed other assertion
        // removed other assertion
        assertNotNull(rs.getTime(""column"", Calendar.getInstance()));
    }
",SqlNullCheckedResultSetTest::testSetNullTime_8_oe,org.apache.commons.dbutils.BaseResultSetHandler,"getTime(int columnIndex, Calendar cal)","/**
     * @param columnIndex
     * @param cal
     * @return
     * @throws SQLException
     * @see java.sql.ResultSet#getTime(int, java.util.Calendar)
     */","protected final Time getTime(int columnIndex, Calendar cal) throws SQLException {
        return rs.getTime(columnIndex, cal);
    }","public void setNullTime(Time nullTime) {
        this.nullTime = nullTime;
    }","/**
     * Sets the value to return when a SQL null is encountered as the result of
     * invoking a <code>getTime</code> method.
     *
     * @param nullTime the value
     */"
dbut_84_9,"    public void testSetNullTime_9_oe() throws SQLException {
        // removed other assertion
        // Set what gets returned to something other than the default
        Time time = new Time(new java.util.Date().getTime());
        rs2.setNullTime(time);
        // removed other assertion
        // removed other assertion
        // removed other assertion
        // removed other assertion
        // removed other assertion
        // removed other assertion
        // removed other assertion
        assertEquals(time, rs.getTime(""column"", Calendar.getInstance()));
    }
",SqlNullCheckedResultSetTest::testSetNullTime_9_oe,org.apache.commons.dbutils.BaseResultSetHandler,"getTime(int columnIndex, Calendar cal)","/**
     * @param columnIndex
     * @param cal
     * @return
     * @throws SQLException
     * @see java.sql.ResultSet#getTime(int, java.util.Calendar)
     */","protected final Time getTime(int columnIndex, Calendar cal) throws SQLException {
        return rs.getTime(columnIndex, cal);
    }","protected final Time getTime(int columnIndex, Calendar cal) throws SQLException {
        return rs.getTime(columnIndex, cal);
    }","/**
     * @param columnIndex
     * @param cal
     * @return
     * @throws SQLException
     * @see java.sql.ResultSet#getTime(int, java.util.Calendar)
     */"
dbut_85_1,"    public void testSetNullTimestamp_1_oe() throws SQLException {
        assertEquals(null, rs2.getNullTimestamp());
    }
",SqlNullCheckedResultSetTest::testSetNullTimestamp_1_oe,org.apache.commons.dbutils.wrappers.SqlNullCheckedResultSet,getNullTimestamp(),"/**
     * Returns the value when a SQL null is encountered as the result of
     * invoking a <code>getTimestamp</code> method.
     *
     * @return the value
     */","public Timestamp getNullTimestamp() {
        return this.nullTimestamp != null ? new Timestamp(this.nullTimestamp.getTime()) : null;
    }","public Timestamp getNullTimestamp() {
        return this.nullTimestamp != null ? new Timestamp(this.nullTimestamp.getTime()) : null;
    }","/**
     * Returns the value when a SQL null is encountered as the result of
     * invoking a <code>getTimestamp</code> method.
     *
     * @return the value
     */"
dbut_85_2,"    public void testSetNullTimestamp_2_oe() throws SQLException {
        // removed other assertion
        // Set what gets returned to something other than the default
        Timestamp ts = new Timestamp(new java.util.Date().getTime());
        rs2.setNullTimestamp(ts);
        assertNotNull(rs.getTimestamp(1));
    }
",SqlNullCheckedResultSetTest::testSetNullTimestamp_2_oe,org.apache.commons.dbutils.BaseResultSetHandler,"getTimestamp(int columnIndex, Calendar cal)","/**
     * @param columnIndex
     * @param cal
     * @return
     * @throws SQLException
     * @see java.sql.ResultSet#getTimestamp(int, java.util.Calendar)
     */","protected final Timestamp getTimestamp(int columnIndex, Calendar cal) throws SQLException {
        return rs.getTimestamp(columnIndex, cal);
    }","protected final Timestamp getTimestamp(int columnIndex, Calendar cal) throws SQLException {
        return rs.getTimestamp(columnIndex, cal);
    }","/**
     * @param columnIndex
     * @param cal
     * @return
     * @throws SQLException
     * @see java.sql.ResultSet#getTimestamp(int, java.util.Calendar)
     */"
dbut_85_3,"    public void testSetNullTimestamp_3_oe() throws SQLException {
        // removed other assertion
        // Set what gets returned to something other than the default
        Timestamp ts = new Timestamp(new java.util.Date().getTime());
        rs2.setNullTimestamp(ts);
        // removed other assertion
        assertEquals(ts, rs.getTimestamp(1));
    }
",SqlNullCheckedResultSetTest::testSetNullTimestamp_3_oe,org.apache.commons.dbutils.BaseResultSetHandler,"getTimestamp(int columnIndex, Calendar cal)","/**
     * @param columnIndex
     * @param cal
     * @return
     * @throws SQLException
     * @see java.sql.ResultSet#getTimestamp(int, java.util.Calendar)
     */","protected final Timestamp getTimestamp(int columnIndex, Calendar cal) throws SQLException {
        return rs.getTimestamp(columnIndex, cal);
    }","protected final Timestamp getTimestamp(int columnIndex, Calendar cal) throws SQLException {
        return rs.getTimestamp(columnIndex, cal);
    }","/**
     * @param columnIndex
     * @param cal
     * @return
     * @throws SQLException
     * @see java.sql.ResultSet#getTimestamp(int, java.util.Calendar)
     */"
dbut_85_4,"    public void testSetNullTimestamp_4_oe() throws SQLException {
        // removed other assertion
        // Set what gets returned to something other than the default
        Timestamp ts = new Timestamp(new java.util.Date().getTime());
        rs2.setNullTimestamp(ts);
        // removed other assertion
        // removed other assertion
        assertNotNull(rs.getTimestamp(""column""));
    }
",SqlNullCheckedResultSetTest::testSetNullTimestamp_4_oe,org.apache.commons.dbutils.BaseResultSetHandler,"getTimestamp(int columnIndex, Calendar cal)","/**
     * @param columnIndex
     * @param cal
     * @return
     * @throws SQLException
     * @see java.sql.ResultSet#getTimestamp(int, java.util.Calendar)
     */","protected final Timestamp getTimestamp(int columnIndex, Calendar cal) throws SQLException {
        return rs.getTimestamp(columnIndex, cal);
    }","protected final Timestamp getTimestamp(int columnIndex, Calendar cal) throws SQLException {
        return rs.getTimestamp(columnIndex, cal);
    }","/**
     * @param columnIndex
     * @param cal
     * @return
     * @throws SQLException
     * @see java.sql.ResultSet#getTimestamp(int, java.util.Calendar)
     */"
dbut_85_5,"    public void testSetNullTimestamp_5_oe() throws SQLException {
        // removed other assertion
        // Set what gets returned to something other than the default
        Timestamp ts = new Timestamp(new java.util.Date().getTime());
        rs2.setNullTimestamp(ts);
        // removed other assertion
        // removed other assertion
        // removed other assertion
        assertEquals(ts, rs.getTimestamp(""column""));
    }
",SqlNullCheckedResultSetTest::testSetNullTimestamp_5_oe,org.apache.commons.dbutils.BaseResultSetHandler,"getTimestamp(int columnIndex, Calendar cal)","/**
     * @param columnIndex
     * @param cal
     * @return
     * @throws SQLException
     * @see java.sql.ResultSet#getTimestamp(int, java.util.Calendar)
     */","protected final Timestamp getTimestamp(int columnIndex, Calendar cal) throws SQLException {
        return rs.getTimestamp(columnIndex, cal);
    }","protected final Timestamp getTimestamp(int columnIndex, Calendar cal) throws SQLException {
        return rs.getTimestamp(columnIndex, cal);
    }","/**
     * @param columnIndex
     * @param cal
     * @return
     * @throws SQLException
     * @see java.sql.ResultSet#getTimestamp(int, java.util.Calendar)
     */"
dbut_85_6,"    public void testSetNullTimestamp_6_oe() throws SQLException {
        // removed other assertion
        // Set what gets returned to something other than the default
        Timestamp ts = new Timestamp(new java.util.Date().getTime());
        rs2.setNullTimestamp(ts);
        // removed other assertion
        // removed other assertion
        // removed other assertion
        // removed other assertion
        assertNotNull(rs.getTimestamp(1, Calendar.getInstance()));
    }
",SqlNullCheckedResultSetTest::testSetNullTimestamp_6_oe,org.apache.commons.dbutils.BaseResultSetHandler,"getTimestamp(int columnIndex, Calendar cal)","/**
     * @param columnIndex
     * @param cal
     * @return
     * @throws SQLException
     * @see java.sql.ResultSet#getTimestamp(int, java.util.Calendar)
     */","protected final Timestamp getTimestamp(int columnIndex, Calendar cal) throws SQLException {
        return rs.getTimestamp(columnIndex, cal);
    }","public void setNullTimestamp(Timestamp nullTimestamp) {
        this.nullTimestamp = nullTimestamp != null ? new Timestamp(nullTimestamp.getTime()) : null;
    }","/**
     * Sets the value to return when a SQL null is encountered as the result of
     * invoking a <code>getTimestamp</code> method.
     *
     * @param nullTimestamp the value
     */"
dbut_85_7,"    public void testSetNullTimestamp_7_oe() throws SQLException {
        // removed other assertion
        // Set what gets returned to something other than the default
        Timestamp ts = new Timestamp(new java.util.Date().getTime());
        rs2.setNullTimestamp(ts);
        // removed other assertion
        // removed other assertion
        // removed other assertion
        // removed other assertion
        // removed other assertion
        assertEquals(ts, rs.getTimestamp(1, Calendar.getInstance()));
    }
",SqlNullCheckedResultSetTest::testSetNullTimestamp_7_oe,org.apache.commons.dbutils.BaseResultSetHandler,"getTimestamp(int columnIndex, Calendar cal)","/**
     * @param columnIndex
     * @param cal
     * @return
     * @throws SQLException
     * @see java.sql.ResultSet#getTimestamp(int, java.util.Calendar)
     */","protected final Timestamp getTimestamp(int columnIndex, Calendar cal) throws SQLException {
        return rs.getTimestamp(columnIndex, cal);
    }","protected final Timestamp getTimestamp(int columnIndex, Calendar cal) throws SQLException {
        return rs.getTimestamp(columnIndex, cal);
    }","/**
     * @param columnIndex
     * @param cal
     * @return
     * @throws SQLException
     * @see java.sql.ResultSet#getTimestamp(int, java.util.Calendar)
     */"
dbut_85_8,"    public void testSetNullTimestamp_8_oe() throws SQLException {
        // removed other assertion
        // Set what gets returned to something other than the default
        Timestamp ts = new Timestamp(new java.util.Date().getTime());
        rs2.setNullTimestamp(ts);
        // removed other assertion
        // removed other assertion
        // removed other assertion
        // removed other assertion
        // removed other assertion
        // removed other assertion
        assertNotNull(rs.getTimestamp(""column"", Calendar.getInstance()));
    }
",SqlNullCheckedResultSetTest::testSetNullTimestamp_8_oe,org.apache.commons.dbutils.BaseResultSetHandler,"getTimestamp(int columnIndex, Calendar cal)","/**
     * @param columnIndex
     * @param cal
     * @return
     * @throws SQLException
     * @see java.sql.ResultSet#getTimestamp(int, java.util.Calendar)
     */","protected final Timestamp getTimestamp(int columnIndex, Calendar cal) throws SQLException {
        return rs.getTimestamp(columnIndex, cal);
    }","public void setNullTimestamp(Timestamp nullTimestamp) {
        this.nullTimestamp = nullTimestamp != null ? new Timestamp(nullTimestamp.getTime()) : null;
    }","/**
     * Sets the value to return when a SQL null is encountered as the result of
     * invoking a <code>getTimestamp</code> method.
     *
     * @param nullTimestamp the value
     */"
dbut_85_9,"    public void testSetNullTimestamp_9_oe() throws SQLException {
        // removed other assertion
        // Set what gets returned to something other than the default
        Timestamp ts = new Timestamp(new java.util.Date().getTime());
        rs2.setNullTimestamp(ts);
        // removed other assertion
        // removed other assertion
        // removed other assertion
        // removed other assertion
        // removed other assertion
        // removed other assertion
        // removed other assertion
        assertEquals(ts, rs.getTimestamp(""column"", Calendar.getInstance()));
    }
",SqlNullCheckedResultSetTest::testSetNullTimestamp_9_oe,org.apache.commons.dbutils.BaseResultSetHandler,"getTimestamp(int columnIndex, Calendar cal)","/**
     * @param columnIndex
     * @param cal
     * @return
     * @throws SQLException
     * @see java.sql.ResultSet#getTimestamp(int, java.util.Calendar)
     */","protected final Timestamp getTimestamp(int columnIndex, Calendar cal) throws SQLException {
        return rs.getTimestamp(columnIndex, cal);
    }","protected final Timestamp getTimestamp(int columnIndex, Calendar cal) throws SQLException {
        return rs.getTimestamp(columnIndex, cal);
    }","/**
     * @param columnIndex
     * @param cal
     * @return
     * @throws SQLException
     * @see java.sql.ResultSet#getTimestamp(int, java.util.Calendar)
     */"
dbut_86_1,"    public void testHandle_1_oe() throws SQLException {
        ResultSetHandler<List<String>> h = new ColumnListHandler<String>();
        List<String> results = h.handle(this.rs);

        assertNotNull(results);
    }
",ColumnListHandlerTest::testHandle_1_oe,org.apache.commons.dbutils.BaseResultSetHandler,handle(ResultSet rs),"/**
     * {@inheritDoc}
     */","@Override
    public final T handle(ResultSet rs) throws SQLException {
        if (this.rs != null) {
            throw new IllegalStateException(""Re-entry not allowed!"");
        }

        this.rs = rs;

        try {
            return handle();
        } finally {
            this.rs = null;
        }
    }","@Override
    public final T handle(ResultSet rs) throws SQLException {
        if (this.rs != null) {
            throw new IllegalStateException(""Re-entry not allowed!"");
        }

        this.rs = rs;

        try {
            return handle();
        } finally {
            this.rs = null;
        }
    }","/**
     * {@inheritDoc}
     */"
dbut_86_2,"    public void testHandle_2_oe() throws SQLException {
        ResultSetHandler<List<String>> h = new ColumnListHandler<String>();
        List<String> results = h.handle(this.rs);

        // removed other assertion
        assertEquals(ROWS, results.size());
    }
",ColumnListHandlerTest::testHandle_2_oe,org.apache.commons.dbutils.BaseResultSetHandler,handle(ResultSet rs),"/**
     * {@inheritDoc}
     */","@Override
    public final T handle(ResultSet rs) throws SQLException {
        if (this.rs != null) {
            throw new IllegalStateException(""Re-entry not allowed!"");
        }

        this.rs = rs;

        try {
            return handle();
        } finally {
            this.rs = null;
        }
    }","@Override
    public final T handle(ResultSet rs) throws SQLException {
        if (this.rs != null) {
            throw new IllegalStateException(""Re-entry not allowed!"");
        }

        this.rs = rs;

        try {
            return handle();
        } finally {
            this.rs = null;
        }
    }","/**
     * {@inheritDoc}
     */"
dbut_86_3,"    public void testHandle_3_oe() throws SQLException {
        ResultSetHandler<List<String>> h = new ColumnListHandler<String>();
        List<String> results = h.handle(this.rs);

        // removed other assertion
        // removed other assertion

        assertEquals(""1"", results.get(0));
    }
",ColumnListHandlerTest::testHandle_3_oe,org.apache.commons.dbutils.BasicRowProcessor.CaseInsensitiveHashMap,get(Object key),/** {@inheritDoc} */,"@Override
        public Object get(Object key) {
            Object realKey = lowerCaseMap.get(key.toString().toLowerCase(Locale.ENGLISH));
            return super.get(realKey);
        }","@Override
        public Object get(Object key) {
            Object realKey = lowerCaseMap.get(key.toString().toLowerCase(Locale.ENGLISH));
            return super.get(realKey);
        }",/** {@inheritDoc} */
dbut_86_4,"    public void testHandle_4_oe() throws SQLException {
        ResultSetHandler<List<String>> h = new ColumnListHandler<String>();
        List<String> results = h.handle(this.rs);

        // removed other assertion
        // removed other assertion

        // removed other assertion
        assertEquals(""4"", results.get(1));
    }
",ColumnListHandlerTest::testHandle_4_oe,org.apache.commons.dbutils.BasicRowProcessor.CaseInsensitiveHashMap,get(Object key),/** {@inheritDoc} */,"@Override
        public Object get(Object key) {
            Object realKey = lowerCaseMap.get(key.toString().toLowerCase(Locale.ENGLISH));
            return super.get(realKey);
        }","@Override
        public Object get(Object key) {
            Object realKey = lowerCaseMap.get(key.toString().toLowerCase(Locale.ENGLISH));
            return super.get(realKey);
        }",/** {@inheritDoc} */
dbut_87_1,"    public void testColumnIndexHandle_1_oe() throws SQLException {
        ResultSetHandler<List<String>> h = new ColumnListHandler<String>(2);
        List<String> results = h.handle(this.rs);

        assertNotNull(results);
    }
",ColumnListHandlerTest::testColumnIndexHandle_1_oe,org.apache.commons.dbutils.BaseResultSetHandler,handle(ResultSet rs),"/**
     * {@inheritDoc}
     */","@Override
    public final T handle(ResultSet rs) throws SQLException {
        if (this.rs != null) {
            throw new IllegalStateException(""Re-entry not allowed!"");
        }

        this.rs = rs;

        try {
            return handle();
        } finally {
            this.rs = null;
        }
    }","@Override
    public final T handle(ResultSet rs) throws SQLException {
        if (this.rs != null) {
            throw new IllegalStateException(""Re-entry not allowed!"");
        }

        this.rs = rs;

        try {
            return handle();
        } finally {
            this.rs = null;
        }
    }","/**
     * {@inheritDoc}
     */"
dbut_87_2,"    public void testColumnIndexHandle_2_oe() throws SQLException {
        ResultSetHandler<List<String>> h = new ColumnListHandler<String>(2);
        List<String> results = h.handle(this.rs);

        // removed other assertion
        assertEquals(ROWS, results.size());
    }
",ColumnListHandlerTest::testColumnIndexHandle_2_oe,org.apache.commons.dbutils.BaseResultSetHandler,handle(ResultSet rs),"/**
     * {@inheritDoc}
     */","@Override
    public final T handle(ResultSet rs) throws SQLException {
        if (this.rs != null) {
            throw new IllegalStateException(""Re-entry not allowed!"");
        }

        this.rs = rs;

        try {
            return handle();
        } finally {
            this.rs = null;
        }
    }","@Override
    public final T handle(ResultSet rs) throws SQLException {
        if (this.rs != null) {
            throw new IllegalStateException(""Re-entry not allowed!"");
        }

        this.rs = rs;

        try {
            return handle();
        } finally {
            this.rs = null;
        }
    }","/**
     * {@inheritDoc}
     */"
dbut_87_3,"    public void testColumnIndexHandle_3_oe() throws SQLException {
        ResultSetHandler<List<String>> h = new ColumnListHandler<String>(2);
        List<String> results = h.handle(this.rs);

        // removed other assertion
        // removed other assertion

        assertEquals(""2"", results.get(0));
    }
",ColumnListHandlerTest::testColumnIndexHandle_3_oe,org.apache.commons.dbutils.BasicRowProcessor.CaseInsensitiveHashMap,get(Object key),/** {@inheritDoc} */,"@Override
        public Object get(Object key) {
            Object realKey = lowerCaseMap.get(key.toString().toLowerCase(Locale.ENGLISH));
            return super.get(realKey);
        }","@Override
        public Object get(Object key) {
            Object realKey = lowerCaseMap.get(key.toString().toLowerCase(Locale.ENGLISH));
            return super.get(realKey);
        }",/** {@inheritDoc} */
dbut_87_4,"    public void testColumnIndexHandle_4_oe() throws SQLException {
        ResultSetHandler<List<String>> h = new ColumnListHandler<String>(2);
        List<String> results = h.handle(this.rs);

        // removed other assertion
        // removed other assertion

        // removed other assertion
        assertEquals(""5"", results.get(1));
    }
",ColumnListHandlerTest::testColumnIndexHandle_4_oe,org.apache.commons.dbutils.BasicRowProcessor.CaseInsensitiveHashMap,get(Object key),/** {@inheritDoc} */,"@Override
        public Object get(Object key) {
            Object realKey = lowerCaseMap.get(key.toString().toLowerCase(Locale.ENGLISH));
            return super.get(realKey);
        }","@Override
        public Object get(Object key) {
            Object realKey = lowerCaseMap.get(key.toString().toLowerCase(Locale.ENGLISH));
            return super.get(realKey);
        }",/** {@inheritDoc} */
dbut_88_1,"    public void testColumnNameHandle_1_oe() throws SQLException {
        ResultSetHandler<List<Integer>> h = new ColumnListHandler<Integer>(""intTest"");
        List<Integer> results = h.handle(this.rs);

        assertNotNull(results);
    }
",ColumnListHandlerTest::testColumnNameHandle_1_oe,org.apache.commons.dbutils.BaseResultSetHandler,handle(ResultSet rs),"/**
     * {@inheritDoc}
     */","@Override
    public final T handle(ResultSet rs) throws SQLException {
        if (this.rs != null) {
            throw new IllegalStateException(""Re-entry not allowed!"");
        }

        this.rs = rs;

        try {
            return handle();
        } finally {
            this.rs = null;
        }
    }","@Override
    public final T handle(ResultSet rs) throws SQLException {
        if (this.rs != null) {
            throw new IllegalStateException(""Re-entry not allowed!"");
        }

        this.rs = rs;

        try {
            return handle();
        } finally {
            this.rs = null;
        }
    }","/**
     * {@inheritDoc}
     */"
dbut_88_2,"    public void testColumnNameHandle_2_oe() throws SQLException {
        ResultSetHandler<List<Integer>> h = new ColumnListHandler<Integer>(""intTest"");
        List<Integer> results = h.handle(this.rs);

        // removed other assertion
        assertEquals(ROWS, results.size());
    }
",ColumnListHandlerTest::testColumnNameHandle_2_oe,org.apache.commons.dbutils.BaseResultSetHandler,handle(ResultSet rs),"/**
     * {@inheritDoc}
     */","@Override
    public final T handle(ResultSet rs) throws SQLException {
        if (this.rs != null) {
            throw new IllegalStateException(""Re-entry not allowed!"");
        }

        this.rs = rs;

        try {
            return handle();
        } finally {
            this.rs = null;
        }
    }","@Override
    public final T handle(ResultSet rs) throws SQLException {
        if (this.rs != null) {
            throw new IllegalStateException(""Re-entry not allowed!"");
        }

        this.rs = rs;

        try {
            return handle();
        } finally {
            this.rs = null;
        }
    }","/**
     * {@inheritDoc}
     */"
dbut_88_3,"    public void testColumnNameHandle_3_oe() throws SQLException {
        ResultSetHandler<List<Integer>> h = new ColumnListHandler<Integer>(""intTest"");
        List<Integer> results = h.handle(this.rs);

        // removed other assertion
        // removed other assertion

        assertEquals(new Integer(1), results.get(0));
    }
",ColumnListHandlerTest::testColumnNameHandle_3_oe,org.apache.commons.dbutils.BasicRowProcessor.CaseInsensitiveHashMap,get(Object key),/** {@inheritDoc} */,"@Override
        public Object get(Object key) {
            Object realKey = lowerCaseMap.get(key.toString().toLowerCase(Locale.ENGLISH));
            return super.get(realKey);
        }","@Override
        public Object get(Object key) {
            Object realKey = lowerCaseMap.get(key.toString().toLowerCase(Locale.ENGLISH));
            return super.get(realKey);
        }",/** {@inheritDoc} */
dbut_88_4,"    public void testColumnNameHandle_4_oe() throws SQLException {
        ResultSetHandler<List<Integer>> h = new ColumnListHandler<Integer>(""intTest"");
        List<Integer> results = h.handle(this.rs);

        // removed other assertion
        // removed other assertion

        // removed other assertion
        assertEquals(new Integer(3), results.get(1));
    }
",ColumnListHandlerTest::testColumnNameHandle_4_oe,org.apache.commons.dbutils.BasicRowProcessor.CaseInsensitiveHashMap,get(Object key),/** {@inheritDoc} */,"@Override
        public Object get(Object key) {
            Object realKey = lowerCaseMap.get(key.toString().toLowerCase(Locale.ENGLISH));
            return super.get(realKey);
        }","@Override
        public Object get(Object key) {
            Object realKey = lowerCaseMap.get(key.toString().toLowerCase(Locale.ENGLISH));
            return super.get(realKey);
        }",/** {@inheritDoc} */
dbut_89_1,"    public void testEmptyResultSetHandle_1_oe() throws SQLException {
        ResultSetHandler<List<String>> h = new ColumnListHandler<String>();
        List<String> results = h.handle(this.emptyResultSet);

        assertNotNull(results);
    }
",ColumnListHandlerTest::testEmptyResultSetHandle_1_oe,org.apache.commons.dbutils.BaseResultSetHandler,handle(ResultSet rs),"/**
     * {@inheritDoc}
     */","@Override
    public final T handle(ResultSet rs) throws SQLException {
        if (this.rs != null) {
            throw new IllegalStateException(""Re-entry not allowed!"");
        }

        this.rs = rs;

        try {
            return handle();
        } finally {
            this.rs = null;
        }
    }","@Override
    public final T handle(ResultSet rs) throws SQLException {
        if (this.rs != null) {
            throw new IllegalStateException(""Re-entry not allowed!"");
        }

        this.rs = rs;

        try {
            return handle();
        } finally {
            this.rs = null;
        }
    }","/**
     * {@inheritDoc}
     */"
dbut_89_2,"    public void testEmptyResultSetHandle_2_oe() throws SQLException {
        ResultSetHandler<List<String>> h = new ColumnListHandler<String>();
        List<String> results = h.handle(this.emptyResultSet);

        // removed other assertion
        assertTrue(results.isEmpty());
    }
",ColumnListHandlerTest::testEmptyResultSetHandle_2_oe,org.apache.commons.dbutils.BaseResultSetHandler,handle(ResultSet rs),"/**
     * {@inheritDoc}
     */","@Override
    public final T handle(ResultSet rs) throws SQLException {
        if (this.rs != null) {
            throw new IllegalStateException(""Re-entry not allowed!"");
        }

        this.rs = rs;

        try {
            return handle();
        } finally {
            this.rs = null;
        }
    }","@Override
    public final T handle(ResultSet rs) throws SQLException {
        if (this.rs != null) {
            throw new IllegalStateException(""Re-entry not allowed!"");
        }

        this.rs = rs;

        try {
            return handle();
        } finally {
            this.rs = null;
        }
    }","/**
     * {@inheritDoc}
     */"
dbut_90_1,"    public void testHandle_1_oe() throws SQLException {
        ResultSetHandler<Map<String,Map<String,Object>>> h = new KeyedHandler<String>();

        Map<String,Map<String,Object>> results = h.handle(this.rs);

        assertNotNull(results);
    }
",KeyedHandlerTest::testHandle_1_oe,org.apache.commons.dbutils.BaseResultSetHandler,handle(ResultSet rs),"/**
     * {@inheritDoc}
     */","@Override
    public final T handle(ResultSet rs) throws SQLException {
        if (this.rs != null) {
            throw new IllegalStateException(""Re-entry not allowed!"");
        }

        this.rs = rs;

        try {
            return handle();
        } finally {
            this.rs = null;
        }
    }","@Override
    public Map<K, V> handle(ResultSet rs) throws SQLException {
        Map<K, V> result = createMap();
        while (rs.next()) {
            result.put(createKey(rs), createRow(rs));
        }
        return result;
    }","/**
     * Convert each row's columns into a Map and store then
     * in a <code>Map</code> under <code>ResultSet.getObject(key)</code> key.
     * @param rs <code>ResultSet</code> to process.
     * @return A <code>Map</code>, never <code>null</code>.
     * @throws SQLException if a database access error occurs
     * @see org.apache.commons.dbutils.ResultSetHandler#handle(java.sql.ResultSet)
     */"
dbut_90_2,"    public void testHandle_2_oe() throws SQLException {
        ResultSetHandler<Map<String,Map<String,Object>>> h = new KeyedHandler<String>();

        Map<String,Map<String,Object>> results = h.handle(this.rs);

        // removed other assertion
        assertEquals(ROWS, results.size());
    }
",KeyedHandlerTest::testHandle_2_oe,org.apache.commons.dbutils.BaseResultSetHandler,handle(ResultSet rs),"/**
     * {@inheritDoc}
     */","@Override
    public final T handle(ResultSet rs) throws SQLException {
        if (this.rs != null) {
            throw new IllegalStateException(""Re-entry not allowed!"");
        }

        this.rs = rs;

        try {
            return handle();
        } finally {
            this.rs = null;
        }
    }","@Override
    public Map<K, V> handle(ResultSet rs) throws SQLException {
        Map<K, V> result = createMap();
        while (rs.next()) {
            result.put(createKey(rs), createRow(rs));
        }
        return result;
    }","/**
     * Convert each row's columns into a Map and store then
     * in a <code>Map</code> under <code>ResultSet.getObject(key)</code> key.
     * @param rs <code>ResultSet</code> to process.
     * @return A <code>Map</code>, never <code>null</code>.
     * @throws SQLException if a database access error occurs
     * @see org.apache.commons.dbutils.ResultSetHandler#handle(java.sql.ResultSet)
     */"
dbut_90_3,"    public void testHandle_3_oe() throws SQLException {
        ResultSetHandler<Map<String,Map<String,Object>>> h = new KeyedHandler<String>();

        Map<String,Map<String,Object>> results = h.handle(this.rs);

        // removed other assertion
        // removed other assertion

        Map<String,Object> row = null;
        for(Entry<String, Map<String, Object>> entry : results.entrySet())
        {
            Object key = entry.getKey();
            assertNotNull(key);
    }
    }
",KeyedHandlerTest::testHandle_3_oe,org.apache.commons.dbutils.BaseResultSetHandler,handle(ResultSet rs),"/**
     * {@inheritDoc}
     */","@Override
    public final T handle(ResultSet rs) throws SQLException {
        if (this.rs != null) {
            throw new IllegalStateException(""Re-entry not allowed!"");
        }

        this.rs = rs;

        try {
            return handle();
        } finally {
            this.rs = null;
        }
    }","@Override
    public Map<K, V> handle(ResultSet rs) throws SQLException {
        Map<K, V> result = createMap();
        while (rs.next()) {
            result.put(createKey(rs), createRow(rs));
        }
        return result;
    }","/**
     * Convert each row's columns into a Map and store then
     * in a <code>Map</code> under <code>ResultSet.getObject(key)</code> key.
     * @param rs <code>ResultSet</code> to process.
     * @return A <code>Map</code>, never <code>null</code>.
     * @throws SQLException if a database access error occurs
     * @see org.apache.commons.dbutils.ResultSetHandler#handle(java.sql.ResultSet)
     */"
dbut_90_4,"    public void testHandle_4_oe() throws SQLException {
        ResultSetHandler<Map<String,Map<String,Object>>> h = new KeyedHandler<String>();

        Map<String,Map<String,Object>> results = h.handle(this.rs);

        // removed other assertion
        // removed other assertion

        Map<String,Object> row = null;
        for(Entry<String, Map<String, Object>> entry : results.entrySet())
        {
            Object key = entry.getKey();
            // removed other assertion
            row = entry.getValue();
            assertNotNull(row);
    }
    }
",KeyedHandlerTest::testHandle_4_oe,org.apache.commons.dbutils.OutParameter,getValue(),"/**
     * Get the value of the OUT parameter.  After the stored procedure has
     * been executed, the value is the value returned via this parameter.
     * @return the value of the OUT parameter.
     */","public T getValue() {
        return value;
    }","public T getValue() {
        return value;
    }","/**
     * Get the value of the OUT parameter.  After the stored procedure has
     * been executed, the value is the value returned via this parameter.
     * @return the value of the OUT parameter.
     */"
dbut_90_5,"    public void testHandle_5_oe() throws SQLException {
        ResultSetHandler<Map<String,Map<String,Object>>> h = new KeyedHandler<String>();

        Map<String,Map<String,Object>> results = h.handle(this.rs);

        // removed other assertion
        // removed other assertion

        Map<String,Object> row = null;
        for(Entry<String, Map<String, Object>> entry : results.entrySet())
        {
            Object key = entry.getKey();
            // removed other assertion
            row = entry.getValue();
            // removed other assertion
            assertEquals(COLS, row.keySet().size());
    }
    }
",KeyedHandlerTest::testHandle_5_oe,org.apache.commons.dbutils.OutParameter,getValue(),"/**
     * Get the value of the OUT parameter.  After the stored procedure has
     * been executed, the value is the value returned via this parameter.
     * @return the value of the OUT parameter.
     */","public T getValue() {
        return value;
    }","public T getValue() {
        return value;
    }","/**
     * Get the value of the OUT parameter.  After the stored procedure has
     * been executed, the value is the value returned via this parameter.
     * @return the value of the OUT parameter.
     */"
dbut_90_6,"    public void testHandle_6_oe() throws SQLException {
        ResultSetHandler<Map<String,Map<String,Object>>> h = new KeyedHandler<String>();

        Map<String,Map<String,Object>> results = h.handle(this.rs);

        // removed other assertion
        // removed other assertion

        Map<String,Object> row = null;
        for(Entry<String, Map<String, Object>> entry : results.entrySet())
        {
            Object key = entry.getKey();
            // removed other assertion
            row = entry.getValue();
            // removed other assertion
            // removed other assertion
        }
        row = results.get(""1"");
        assertEquals(""1"", row.get(""one""));
    }
",KeyedHandlerTest::testHandle_6_oe,org.apache.commons.dbutils.BasicRowProcessor.CaseInsensitiveHashMap,get(Object key),/** {@inheritDoc} */,"@Override
        public Object get(Object key) {
            Object realKey = lowerCaseMap.get(key.toString().toLowerCase(Locale.ENGLISH));
            return super.get(realKey);
        }","@Override
        public Object get(Object key) {
            Object realKey = lowerCaseMap.get(key.toString().toLowerCase(Locale.ENGLISH));
            return super.get(realKey);
        }",/** {@inheritDoc} */
dbut_90_7,"    public void testHandle_7_oe() throws SQLException {
        ResultSetHandler<Map<String,Map<String,Object>>> h = new KeyedHandler<String>();

        Map<String,Map<String,Object>> results = h.handle(this.rs);

        // removed other assertion
        // removed other assertion

        Map<String,Object> row = null;
        for(Entry<String, Map<String, Object>> entry : results.entrySet())
        {
            Object key = entry.getKey();
            // removed other assertion
            row = entry.getValue();
            // removed other assertion
            // removed other assertion
        }
        row = results.get(""1"");
        // removed other assertion
        assertEquals(""2"", row.get(""TWO""));
    }
",KeyedHandlerTest::testHandle_7_oe,org.apache.commons.dbutils.BasicRowProcessor.CaseInsensitiveHashMap,get(Object key),/** {@inheritDoc} */,"@Override
        public Object get(Object key) {
            Object realKey = lowerCaseMap.get(key.toString().toLowerCase(Locale.ENGLISH));
            return super.get(realKey);
        }","@Override
        public Object get(Object key) {
            Object realKey = lowerCaseMap.get(key.toString().toLowerCase(Locale.ENGLISH));
            return super.get(realKey);
        }",/** {@inheritDoc} */
dbut_90_8,"    public void testHandle_8_oe() throws SQLException {
        ResultSetHandler<Map<String,Map<String,Object>>> h = new KeyedHandler<String>();

        Map<String,Map<String,Object>> results = h.handle(this.rs);

        // removed other assertion
        // removed other assertion

        Map<String,Object> row = null;
        for(Entry<String, Map<String, Object>> entry : results.entrySet())
        {
            Object key = entry.getKey();
            // removed other assertion
            row = entry.getValue();
            // removed other assertion
            // removed other assertion
        }
        row = results.get(""1"");
        // removed other assertion
        // removed other assertion
        assertEquals(""THREE"", row.get(""Three""));
    }
",KeyedHandlerTest::testHandle_8_oe,org.apache.commons.dbutils.BasicRowProcessor.CaseInsensitiveHashMap,get(Object key),/** {@inheritDoc} */,"@Override
        public Object get(Object key) {
            Object realKey = lowerCaseMap.get(key.toString().toLowerCase(Locale.ENGLISH));
            return super.get(realKey);
        }","@Override
        public Object get(Object key) {
            Object realKey = lowerCaseMap.get(key.toString().toLowerCase(Locale.ENGLISH));
            return super.get(realKey);
        }",/** {@inheritDoc} */
dbut_91_1,"    public void testColumnIndexHandle_1_oe() throws SQLException {
        ResultSetHandler<Map<String,Map<String,Object>>> h = new KeyedHandler<String>(2);
        Map<String,Map<String,Object>> results = h.handle(this.rs);

        assertNotNull(results);
    }
",KeyedHandlerTest::testColumnIndexHandle_1_oe,org.apache.commons.dbutils.BaseResultSetHandler,handle(ResultSet rs),"/**
     * {@inheritDoc}
     */","@Override
    public final T handle(ResultSet rs) throws SQLException {
        if (this.rs != null) {
            throw new IllegalStateException(""Re-entry not allowed!"");
        }

        this.rs = rs;

        try {
            return handle();
        } finally {
            this.rs = null;
        }
    }","@Override
    public Map<K, V> handle(ResultSet rs) throws SQLException {
        Map<K, V> result = createMap();
        while (rs.next()) {
            result.put(createKey(rs), createRow(rs));
        }
        return result;
    }","/**
     * Convert each row's columns into a Map and store then
     * in a <code>Map</code> under <code>ResultSet.getObject(key)</code> key.
     * @param rs <code>ResultSet</code> to process.
     * @return A <code>Map</code>, never <code>null</code>.
     * @throws SQLException if a database access error occurs
     * @see org.apache.commons.dbutils.ResultSetHandler#handle(java.sql.ResultSet)
     */"
dbut_91_2,"    public void testColumnIndexHandle_2_oe() throws SQLException {
        ResultSetHandler<Map<String,Map<String,Object>>> h = new KeyedHandler<String>(2);
        Map<String,Map<String,Object>> results = h.handle(this.rs);

        // removed other assertion
        assertEquals(ROWS, results.size());
    }
",KeyedHandlerTest::testColumnIndexHandle_2_oe,org.apache.commons.dbutils.BaseResultSetHandler,handle(ResultSet rs),"/**
     * {@inheritDoc}
     */","@Override
    public final T handle(ResultSet rs) throws SQLException {
        if (this.rs != null) {
            throw new IllegalStateException(""Re-entry not allowed!"");
        }

        this.rs = rs;

        try {
            return handle();
        } finally {
            this.rs = null;
        }
    }","@Override
    public Map<K, V> handle(ResultSet rs) throws SQLException {
        Map<K, V> result = createMap();
        while (rs.next()) {
            result.put(createKey(rs), createRow(rs));
        }
        return result;
    }","/**
     * Convert each row's columns into a Map and store then
     * in a <code>Map</code> under <code>ResultSet.getObject(key)</code> key.
     * @param rs <code>ResultSet</code> to process.
     * @return A <code>Map</code>, never <code>null</code>.
     * @throws SQLException if a database access error occurs
     * @see org.apache.commons.dbutils.ResultSetHandler#handle(java.sql.ResultSet)
     */"
dbut_91_3,"    public void testColumnIndexHandle_3_oe() throws SQLException {
        ResultSetHandler<Map<String,Map<String,Object>>> h = new KeyedHandler<String>(2);
        Map<String,Map<String,Object>> results = h.handle(this.rs);

        // removed other assertion
        // removed other assertion

        Map<String,Object> row = null;
        for(Entry<String, Map<String, Object>> entry : results.entrySet())
        {
            Object key = entry.getKey();
            assertNotNull(key);
    }
    }
",KeyedHandlerTest::testColumnIndexHandle_3_oe,org.apache.commons.dbutils.BaseResultSetHandler,handle(ResultSet rs),"/**
     * {@inheritDoc}
     */","@Override
    public final T handle(ResultSet rs) throws SQLException {
        if (this.rs != null) {
            throw new IllegalStateException(""Re-entry not allowed!"");
        }

        this.rs = rs;

        try {
            return handle();
        } finally {
            this.rs = null;
        }
    }","@Override
    public Map<K, V> handle(ResultSet rs) throws SQLException {
        Map<K, V> result = createMap();
        while (rs.next()) {
            result.put(createKey(rs), createRow(rs));
        }
        return result;
    }","/**
     * Convert each row's columns into a Map and store then
     * in a <code>Map</code> under <code>ResultSet.getObject(key)</code> key.
     * @param rs <code>ResultSet</code> to process.
     * @return A <code>Map</code>, never <code>null</code>.
     * @throws SQLException if a database access error occurs
     * @see org.apache.commons.dbutils.ResultSetHandler#handle(java.sql.ResultSet)
     */"
dbut_91_4,"    public void testColumnIndexHandle_4_oe() throws SQLException {
        ResultSetHandler<Map<String,Map<String,Object>>> h = new KeyedHandler<String>(2);
        Map<String,Map<String,Object>> results = h.handle(this.rs);

        // removed other assertion
        // removed other assertion

        Map<String,Object> row = null;
        for(Entry<String, Map<String, Object>> entry : results.entrySet())
        {
            Object key = entry.getKey();
            // removed other assertion
            row = entry.getValue();
            assertNotNull(row);
    }
    }
",KeyedHandlerTest::testColumnIndexHandle_4_oe,org.apache.commons.dbutils.OutParameter,getValue(),"/**
     * Get the value of the OUT parameter.  After the stored procedure has
     * been executed, the value is the value returned via this parameter.
     * @return the value of the OUT parameter.
     */","public T getValue() {
        return value;
    }","public T getValue() {
        return value;
    }","/**
     * Get the value of the OUT parameter.  After the stored procedure has
     * been executed, the value is the value returned via this parameter.
     * @return the value of the OUT parameter.
     */"
dbut_91_5,"    public void testColumnIndexHandle_5_oe() throws SQLException {
        ResultSetHandler<Map<String,Map<String,Object>>> h = new KeyedHandler<String>(2);
        Map<String,Map<String,Object>> results = h.handle(this.rs);

        // removed other assertion
        // removed other assertion

        Map<String,Object> row = null;
        for(Entry<String, Map<String, Object>> entry : results.entrySet())
        {
            Object key = entry.getKey();
            // removed other assertion
            row = entry.getValue();
            // removed other assertion
            assertEquals(COLS, row.keySet().size());
    }
    }
",KeyedHandlerTest::testColumnIndexHandle_5_oe,org.apache.commons.dbutils.OutParameter,getValue(),"/**
     * Get the value of the OUT parameter.  After the stored procedure has
     * been executed, the value is the value returned via this parameter.
     * @return the value of the OUT parameter.
     */","public T getValue() {
        return value;
    }","public T getValue() {
        return value;
    }","/**
     * Get the value of the OUT parameter.  After the stored procedure has
     * been executed, the value is the value returned via this parameter.
     * @return the value of the OUT parameter.
     */"
dbut_91_6,"    public void testColumnIndexHandle_6_oe() throws SQLException {
        ResultSetHandler<Map<String,Map<String,Object>>> h = new KeyedHandler<String>(2);
        Map<String,Map<String,Object>> results = h.handle(this.rs);

        // removed other assertion
        // removed other assertion

        Map<String,Object> row = null;
        for(Entry<String, Map<String, Object>> entry : results.entrySet())
        {
            Object key = entry.getKey();
            // removed other assertion
            row = entry.getValue();
            // removed other assertion
            // removed other assertion
        }
        row = results.get(""5"");
        assertEquals(""4"", row.get(""one""));
    }
",KeyedHandlerTest::testColumnIndexHandle_6_oe,org.apache.commons.dbutils.BasicRowProcessor.CaseInsensitiveHashMap,get(Object key),/** {@inheritDoc} */,"@Override
        public Object get(Object key) {
            Object realKey = lowerCaseMap.get(key.toString().toLowerCase(Locale.ENGLISH));
            return super.get(realKey);
        }","@Override
        public Object get(Object key) {
            Object realKey = lowerCaseMap.get(key.toString().toLowerCase(Locale.ENGLISH));
            return super.get(realKey);
        }",/** {@inheritDoc} */
dbut_91_7,"    public void testColumnIndexHandle_7_oe() throws SQLException {
        ResultSetHandler<Map<String,Map<String,Object>>> h = new KeyedHandler<String>(2);
        Map<String,Map<String,Object>> results = h.handle(this.rs);

        // removed other assertion
        // removed other assertion

        Map<String,Object> row = null;
        for(Entry<String, Map<String, Object>> entry : results.entrySet())
        {
            Object key = entry.getKey();
            // removed other assertion
            row = entry.getValue();
            // removed other assertion
            // removed other assertion
        }
        row = results.get(""5"");
        // removed other assertion
        assertEquals(""5"", row.get(""TWO""));
    }
",KeyedHandlerTest::testColumnIndexHandle_7_oe,org.apache.commons.dbutils.BasicRowProcessor.CaseInsensitiveHashMap,get(Object key),/** {@inheritDoc} */,"@Override
        public Object get(Object key) {
            Object realKey = lowerCaseMap.get(key.toString().toLowerCase(Locale.ENGLISH));
            return super.get(realKey);
        }","@Override
        public Object get(Object key) {
            Object realKey = lowerCaseMap.get(key.toString().toLowerCase(Locale.ENGLISH));
            return super.get(realKey);
        }",/** {@inheritDoc} */
dbut_91_8,"    public void testColumnIndexHandle_8_oe() throws SQLException {
        ResultSetHandler<Map<String,Map<String,Object>>> h = new KeyedHandler<String>(2);
        Map<String,Map<String,Object>> results = h.handle(this.rs);

        // removed other assertion
        // removed other assertion

        Map<String,Object> row = null;
        for(Entry<String, Map<String, Object>> entry : results.entrySet())
        {
            Object key = entry.getKey();
            // removed other assertion
            row = entry.getValue();
            // removed other assertion
            // removed other assertion
        }
        row = results.get(""5"");
        // removed other assertion
        // removed other assertion
        assertEquals(""SIX"", row.get(""Three""));
    }
",KeyedHandlerTest::testColumnIndexHandle_8_oe,org.apache.commons.dbutils.BasicRowProcessor.CaseInsensitiveHashMap,get(Object key),/** {@inheritDoc} */,"@Override
        public Object get(Object key) {
            Object realKey = lowerCaseMap.get(key.toString().toLowerCase(Locale.ENGLISH));
            return super.get(realKey);
        }","@Override
        public Object get(Object key) {
            Object realKey = lowerCaseMap.get(key.toString().toLowerCase(Locale.ENGLISH));
            return super.get(realKey);
        }",/** {@inheritDoc} */
dbut_92_1,"    public void testColumnNameHandle_1_oe() throws SQLException {
        ResultSetHandler<Map<Integer,Map<String,Object>>> h = new KeyedHandler<Integer>(""intTest"");
        Map<Integer,Map<String,Object>> results = h.handle(this.rs);

        assertNotNull(results);
    }
",KeyedHandlerTest::testColumnNameHandle_1_oe,org.apache.commons.dbutils.BaseResultSetHandler,handle(ResultSet rs),"/**
     * {@inheritDoc}
     */","@Override
    public final T handle(ResultSet rs) throws SQLException {
        if (this.rs != null) {
            throw new IllegalStateException(""Re-entry not allowed!"");
        }

        this.rs = rs;

        try {
            return handle();
        } finally {
            this.rs = null;
        }
    }","@Override
    public Map<K, V> handle(ResultSet rs) throws SQLException {
        Map<K, V> result = createMap();
        while (rs.next()) {
            result.put(createKey(rs), createRow(rs));
        }
        return result;
    }","/**
     * Convert each row's columns into a Map and store then
     * in a <code>Map</code> under <code>ResultSet.getObject(key)</code> key.
     * @param rs <code>ResultSet</code> to process.
     * @return A <code>Map</code>, never <code>null</code>.
     * @throws SQLException if a database access error occurs
     * @see org.apache.commons.dbutils.ResultSetHandler#handle(java.sql.ResultSet)
     */"
dbut_92_2,"    public void testColumnNameHandle_2_oe() throws SQLException {
        ResultSetHandler<Map<Integer,Map<String,Object>>> h = new KeyedHandler<Integer>(""intTest"");
        Map<Integer,Map<String,Object>> results = h.handle(this.rs);

        // removed other assertion
        assertEquals(ROWS, results.size());
    }
",KeyedHandlerTest::testColumnNameHandle_2_oe,org.apache.commons.dbutils.BaseResultSetHandler,handle(ResultSet rs),"/**
     * {@inheritDoc}
     */","@Override
    public final T handle(ResultSet rs) throws SQLException {
        if (this.rs != null) {
            throw new IllegalStateException(""Re-entry not allowed!"");
        }

        this.rs = rs;

        try {
            return handle();
        } finally {
            this.rs = null;
        }
    }","@Override
    public Map<K, V> handle(ResultSet rs) throws SQLException {
        Map<K, V> result = createMap();
        while (rs.next()) {
            result.put(createKey(rs), createRow(rs));
        }
        return result;
    }","/**
     * Convert each row's columns into a Map and store then
     * in a <code>Map</code> under <code>ResultSet.getObject(key)</code> key.
     * @param rs <code>ResultSet</code> to process.
     * @return A <code>Map</code>, never <code>null</code>.
     * @throws SQLException if a database access error occurs
     * @see org.apache.commons.dbutils.ResultSetHandler#handle(java.sql.ResultSet)
     */"
dbut_92_3,"    public void testColumnNameHandle_3_oe() throws SQLException {
        ResultSetHandler<Map<Integer,Map<String,Object>>> h = new KeyedHandler<Integer>(""intTest"");
        Map<Integer,Map<String,Object>> results = h.handle(this.rs);

        // removed other assertion
        // removed other assertion

        Map<String,Object> row = null;
        for(Entry<Integer, Map<String, Object>> entry : results.entrySet())
        {
            Object key = entry.getKey();
            assertNotNull(key);
    }
    }
",KeyedHandlerTest::testColumnNameHandle_3_oe,org.apache.commons.dbutils.BaseResultSetHandler,handle(ResultSet rs),"/**
     * {@inheritDoc}
     */","@Override
    public final T handle(ResultSet rs) throws SQLException {
        if (this.rs != null) {
            throw new IllegalStateException(""Re-entry not allowed!"");
        }

        this.rs = rs;

        try {
            return handle();
        } finally {
            this.rs = null;
        }
    }","@Override
    public Map<K, V> handle(ResultSet rs) throws SQLException {
        Map<K, V> result = createMap();
        while (rs.next()) {
            result.put(createKey(rs), createRow(rs));
        }
        return result;
    }","/**
     * Convert each row's columns into a Map and store then
     * in a <code>Map</code> under <code>ResultSet.getObject(key)</code> key.
     * @param rs <code>ResultSet</code> to process.
     * @return A <code>Map</code>, never <code>null</code>.
     * @throws SQLException if a database access error occurs
     * @see org.apache.commons.dbutils.ResultSetHandler#handle(java.sql.ResultSet)
     */"
dbut_92_4,"    public void testColumnNameHandle_4_oe() throws SQLException {
        ResultSetHandler<Map<Integer,Map<String,Object>>> h = new KeyedHandler<Integer>(""intTest"");
        Map<Integer,Map<String,Object>> results = h.handle(this.rs);

        // removed other assertion
        // removed other assertion

        Map<String,Object> row = null;
        for(Entry<Integer, Map<String, Object>> entry : results.entrySet())
        {
            Object key = entry.getKey();
            // removed other assertion
            row = entry.getValue();
            assertNotNull(row);
    }
    }
",KeyedHandlerTest::testColumnNameHandle_4_oe,org.apache.commons.dbutils.OutParameter,getValue(),"/**
     * Get the value of the OUT parameter.  After the stored procedure has
     * been executed, the value is the value returned via this parameter.
     * @return the value of the OUT parameter.
     */","public T getValue() {
        return value;
    }","public T getValue() {
        return value;
    }","/**
     * Get the value of the OUT parameter.  After the stored procedure has
     * been executed, the value is the value returned via this parameter.
     * @return the value of the OUT parameter.
     */"
dbut_92_5,"    public void testColumnNameHandle_5_oe() throws SQLException {
        ResultSetHandler<Map<Integer,Map<String,Object>>> h = new KeyedHandler<Integer>(""intTest"");
        Map<Integer,Map<String,Object>> results = h.handle(this.rs);

        // removed other assertion
        // removed other assertion

        Map<String,Object> row = null;
        for(Entry<Integer, Map<String, Object>> entry : results.entrySet())
        {
            Object key = entry.getKey();
            // removed other assertion
            row = entry.getValue();
            // removed other assertion
            assertEquals(COLS, row.keySet().size());
    }
    }
",KeyedHandlerTest::testColumnNameHandle_5_oe,org.apache.commons.dbutils.OutParameter,getValue(),"/**
     * Get the value of the OUT parameter.  After the stored procedure has
     * been executed, the value is the value returned via this parameter.
     * @return the value of the OUT parameter.
     */","public T getValue() {
        return value;
    }","public T getValue() {
        return value;
    }","/**
     * Get the value of the OUT parameter.  After the stored procedure has
     * been executed, the value is the value returned via this parameter.
     * @return the value of the OUT parameter.
     */"
dbut_92_6,"    public void testColumnNameHandle_6_oe() throws SQLException {
        ResultSetHandler<Map<Integer,Map<String,Object>>> h = new KeyedHandler<Integer>(""intTest"");
        Map<Integer,Map<String,Object>> results = h.handle(this.rs);

        // removed other assertion
        // removed other assertion

        Map<String,Object> row = null;
        for(Entry<Integer, Map<String, Object>> entry : results.entrySet())
        {
            Object key = entry.getKey();
            // removed other assertion
            row = entry.getValue();
            // removed other assertion
            // removed other assertion
        }
        row = results.get(Integer.valueOf(3));
        assertEquals(""4"", row.get(""one""));
    }
",KeyedHandlerTest::testColumnNameHandle_6_oe,org.apache.commons.dbutils.BasicRowProcessor.CaseInsensitiveHashMap,get(Object key),/** {@inheritDoc} */,"@Override
        public Object get(Object key) {
            Object realKey = lowerCaseMap.get(key.toString().toLowerCase(Locale.ENGLISH));
            return super.get(realKey);
        }","@Override
        public Object get(Object key) {
            Object realKey = lowerCaseMap.get(key.toString().toLowerCase(Locale.ENGLISH));
            return super.get(realKey);
        }",/** {@inheritDoc} */
dbut_92_7,"    public void testColumnNameHandle_7_oe() throws SQLException {
        ResultSetHandler<Map<Integer,Map<String,Object>>> h = new KeyedHandler<Integer>(""intTest"");
        Map<Integer,Map<String,Object>> results = h.handle(this.rs);

        // removed other assertion
        // removed other assertion

        Map<String,Object> row = null;
        for(Entry<Integer, Map<String, Object>> entry : results.entrySet())
        {
            Object key = entry.getKey();
            // removed other assertion
            row = entry.getValue();
            // removed other assertion
            // removed other assertion
        }
        row = results.get(Integer.valueOf(3));
        // removed other assertion
        assertEquals(""5"", row.get(""TWO""));
    }
",KeyedHandlerTest::testColumnNameHandle_7_oe,org.apache.commons.dbutils.BasicRowProcessor.CaseInsensitiveHashMap,get(Object key),/** {@inheritDoc} */,"@Override
        public Object get(Object key) {
            Object realKey = lowerCaseMap.get(key.toString().toLowerCase(Locale.ENGLISH));
            return super.get(realKey);
        }","@Override
        public Object get(Object key) {
            Object realKey = lowerCaseMap.get(key.toString().toLowerCase(Locale.ENGLISH));
            return super.get(realKey);
        }",/** {@inheritDoc} */
dbut_92_8,"    public void testColumnNameHandle_8_oe() throws SQLException {
        ResultSetHandler<Map<Integer,Map<String,Object>>> h = new KeyedHandler<Integer>(""intTest"");
        Map<Integer,Map<String,Object>> results = h.handle(this.rs);

        // removed other assertion
        // removed other assertion

        Map<String,Object> row = null;
        for(Entry<Integer, Map<String, Object>> entry : results.entrySet())
        {
            Object key = entry.getKey();
            // removed other assertion
            row = entry.getValue();
            // removed other assertion
            // removed other assertion
        }
        row = results.get(Integer.valueOf(3));
        // removed other assertion
        // removed other assertion
        assertEquals(""SIX"", row.get(""Three""));
    }
",KeyedHandlerTest::testColumnNameHandle_8_oe,org.apache.commons.dbutils.BasicRowProcessor.CaseInsensitiveHashMap,get(Object key),/** {@inheritDoc} */,"@Override
        public Object get(Object key) {
            Object realKey = lowerCaseMap.get(key.toString().toLowerCase(Locale.ENGLISH));
            return super.get(realKey);
        }","@Override
        public Object get(Object key) {
            Object realKey = lowerCaseMap.get(key.toString().toLowerCase(Locale.ENGLISH));
            return super.get(realKey);
        }",/** {@inheritDoc} */
dbut_93_1,"    public void testEmptyResultSetHandle_1_oe() throws SQLException {
        ResultSetHandler<Map<String,Map<String,Object>>> h = new KeyedHandler<String>();
        Map<String,Map<String,Object>> results = h.handle(this.emptyResultSet);
        assertNotNull(results);
    }
",KeyedHandlerTest::testEmptyResultSetHandle_1_oe,org.apache.commons.dbutils.BaseResultSetHandler,handle(ResultSet rs),"/**
     * {@inheritDoc}
     */","@Override
    public final T handle(ResultSet rs) throws SQLException {
        if (this.rs != null) {
            throw new IllegalStateException(""Re-entry not allowed!"");
        }

        this.rs = rs;

        try {
            return handle();
        } finally {
            this.rs = null;
        }
    }","@Override
    public Map<K, V> handle(ResultSet rs) throws SQLException {
        Map<K, V> result = createMap();
        while (rs.next()) {
            result.put(createKey(rs), createRow(rs));
        }
        return result;
    }","/**
     * Convert each row's columns into a Map and store then
     * in a <code>Map</code> under <code>ResultSet.getObject(key)</code> key.
     * @param rs <code>ResultSet</code> to process.
     * @return A <code>Map</code>, never <code>null</code>.
     * @throws SQLException if a database access error occurs
     * @see org.apache.commons.dbutils.ResultSetHandler#handle(java.sql.ResultSet)
     */"
dbut_93_2,"    public void testEmptyResultSetHandle_2_oe() throws SQLException {
        ResultSetHandler<Map<String,Map<String,Object>>> h = new KeyedHandler<String>();
        Map<String,Map<String,Object>> results = h.handle(this.emptyResultSet);
        // removed other assertion
        assertTrue(results.isEmpty());
    }
",KeyedHandlerTest::testEmptyResultSetHandle_2_oe,org.apache.commons.dbutils.BaseResultSetHandler,handle(ResultSet rs),"/**
     * {@inheritDoc}
     */","@Override
    public final T handle(ResultSet rs) throws SQLException {
        if (this.rs != null) {
            throw new IllegalStateException(""Re-entry not allowed!"");
        }

        this.rs = rs;

        try {
            return handle();
        } finally {
            this.rs = null;
        }
    }","@Override
    public Map<K, V> handle(ResultSet rs) throws SQLException {
        Map<K, V> result = createMap();
        while (rs.next()) {
            result.put(createKey(rs), createRow(rs));
        }
        return result;
    }","/**
     * Convert each row's columns into a Map and store then
     * in a <code>Map</code> under <code>ResultSet.getObject(key)</code> key.
     * @param rs <code>ResultSet</code> to process.
     * @return A <code>Map</code>, never <code>null</code>.
     * @throws SQLException if a database access error occurs
     * @see org.apache.commons.dbutils.ResultSetHandler#handle(java.sql.ResultSet)
     */"
dbut_94_1,"    public void testHandle_1_oe() throws SQLException {
        ResultSetHandler<Map<String,Object>> h = new MapHandler();
        Map<String,Object> results = h.handle(this.rs);

        assertNotNull(results);
    }
",MapHandlerTest::testHandle_1_oe,org.apache.commons.dbutils.BaseResultSetHandler,handle(ResultSet rs),"/**
     * {@inheritDoc}
     */","@Override
    public final T handle(ResultSet rs) throws SQLException {
        if (this.rs != null) {
            throw new IllegalStateException(""Re-entry not allowed!"");
        }

        this.rs = rs;

        try {
            return handle();
        } finally {
            this.rs = null;
        }
    }","@Override
    public Map<String, Object> handle(ResultSet rs) throws SQLException {
        return rs.next() ? this.convert.toMap(rs) : null;
    }","/**
     * Converts the first row in the <code>ResultSet</code> into a
     * <code>Map</code>.
     * @param rs <code>ResultSet</code> to process.
     * @return A <code>Map</code> with the values from the first row or
     * <code>null</code> if there are no rows in the <code>ResultSet</code>.
     *
     * @throws SQLException if a database access error occurs
     *
     * @see org.apache.commons.dbutils.ResultSetHandler#handle(java.sql.ResultSet)
     */"
dbut_94_2,"    public void testHandle_2_oe() throws SQLException {
        ResultSetHandler<Map<String,Object>> h = new MapHandler();
        Map<String,Object> results = h.handle(this.rs);

        // removed other assertion
        assertEquals(COLS, results.keySet().size());
    }
",MapHandlerTest::testHandle_2_oe,org.apache.commons.dbutils.BaseResultSetHandler,handle(ResultSet rs),"/**
     * {@inheritDoc}
     */","@Override
    public final T handle(ResultSet rs) throws SQLException {
        if (this.rs != null) {
            throw new IllegalStateException(""Re-entry not allowed!"");
        }

        this.rs = rs;

        try {
            return handle();
        } finally {
            this.rs = null;
        }
    }","@Override
    public Map<String, Object> handle(ResultSet rs) throws SQLException {
        return rs.next() ? this.convert.toMap(rs) : null;
    }","/**
     * Converts the first row in the <code>ResultSet</code> into a
     * <code>Map</code>.
     * @param rs <code>ResultSet</code> to process.
     * @return A <code>Map</code> with the values from the first row or
     * <code>null</code> if there are no rows in the <code>ResultSet</code>.
     *
     * @throws SQLException if a database access error occurs
     *
     * @see org.apache.commons.dbutils.ResultSetHandler#handle(java.sql.ResultSet)
     */"
dbut_94_3,"    public void testHandle_3_oe() throws SQLException {
        ResultSetHandler<Map<String,Object>> h = new MapHandler();
        Map<String,Object> results = h.handle(this.rs);

        // removed other assertion
        // removed other assertion
        assertEquals(""1"", results.get(""ONE""));
    }
",MapHandlerTest::testHandle_3_oe,org.apache.commons.dbutils.BasicRowProcessor.CaseInsensitiveHashMap,get(Object key),/** {@inheritDoc} */,"@Override
        public Object get(Object key) {
            Object realKey = lowerCaseMap.get(key.toString().toLowerCase(Locale.ENGLISH));
            return super.get(realKey);
        }","@Override
        public Object get(Object key) {
            Object realKey = lowerCaseMap.get(key.toString().toLowerCase(Locale.ENGLISH));
            return super.get(realKey);
        }",/** {@inheritDoc} */
dbut_94_4,"    public void testHandle_4_oe() throws SQLException {
        ResultSetHandler<Map<String,Object>> h = new MapHandler();
        Map<String,Object> results = h.handle(this.rs);

        // removed other assertion
        // removed other assertion
        // removed other assertion
        assertEquals(""2"", results.get(""two""));
    }
",MapHandlerTest::testHandle_4_oe,org.apache.commons.dbutils.BasicRowProcessor.CaseInsensitiveHashMap,get(Object key),/** {@inheritDoc} */,"@Override
        public Object get(Object key) {
            Object realKey = lowerCaseMap.get(key.toString().toLowerCase(Locale.ENGLISH));
            return super.get(realKey);
        }","@Override
        public Object get(Object key) {
            Object realKey = lowerCaseMap.get(key.toString().toLowerCase(Locale.ENGLISH));
            return super.get(realKey);
        }",/** {@inheritDoc} */
dbut_94_5,"    public void testHandle_5_oe() throws SQLException {
        ResultSetHandler<Map<String,Object>> h = new MapHandler();
        Map<String,Object> results = h.handle(this.rs);

        // removed other assertion
        // removed other assertion
        // removed other assertion
        // removed other assertion
        assertEquals(""THREE"", results.get(""Three""));
    }
",MapHandlerTest::testHandle_5_oe,org.apache.commons.dbutils.BasicRowProcessor.CaseInsensitiveHashMap,get(Object key),/** {@inheritDoc} */,"@Override
        public Object get(Object key) {
            Object realKey = lowerCaseMap.get(key.toString().toLowerCase(Locale.ENGLISH));
            return super.get(realKey);
        }","@Override
        public Object get(Object key) {
            Object realKey = lowerCaseMap.get(key.toString().toLowerCase(Locale.ENGLISH));
            return super.get(realKey);
        }",/** {@inheritDoc} */
dbut_95_1,"    public void testEmptyResultSetHandle_1_oe() throws SQLException {
        ResultSetHandler<Map<String,Object>> h = new MapHandler();
        Map<String,Object> results = h.handle(this.emptyResultSet);

        assertNull(results);
    }
",MapHandlerTest::testEmptyResultSetHandle_1_oe,org.apache.commons.dbutils.BaseResultSetHandler,handle(ResultSet rs),"/**
     * {@inheritDoc}
     */","@Override
    public final T handle(ResultSet rs) throws SQLException {
        if (this.rs != null) {
            throw new IllegalStateException(""Re-entry not allowed!"");
        }

        this.rs = rs;

        try {
            return handle();
        } finally {
            this.rs = null;
        }
    }","@Override
    public Map<String, Object> handle(ResultSet rs) throws SQLException {
        return rs.next() ? this.convert.toMap(rs) : null;
    }","/**
     * Converts the first row in the <code>ResultSet</code> into a
     * <code>Map</code>.
     * @param rs <code>ResultSet</code> to process.
     * @return A <code>Map</code> with the values from the first row or
     * <code>null</code> if there are no rows in the <code>ResultSet</code>.
     *
     * @throws SQLException if a database access error occurs
     *
     * @see org.apache.commons.dbutils.ResultSetHandler#handle(java.sql.ResultSet)
     */"
dbut_96_1,"    public void testHandle_1_oe() throws SQLException {
        ResultSetHandler<String> h = new ScalarHandler<String>();
        Object results = h.handle(this.rs);
        assertNotNull(results);
    }
",ScalarHandlerTest::testHandle_1_oe,org.apache.commons.dbutils.ResultSetHandler,handle(ResultSet rs),"/**
     * Turn the <code>ResultSet</code> into an Object.
     *
     * @param rs The <code>ResultSet</code> to handle.  It has not been touched
     * before being passed to this method.
     *
     * @return An Object initialized with <code>ResultSet</code> data. It is
     * legal for implementations to return <code>null</code> if the
     * <code>ResultSet</code> contained 0 rows.
     *
     * @throws SQLException if a database access error occurs
     */",T handle(ResultSet rs) throws SQLException;,"@SuppressWarnings(""unchecked"")
    @Override
    public T handle(ResultSet rs) throws SQLException {

        if (rs.next()) {
            if (this.columnName == null) {
                return (T) rs.getObject(this.columnIndex);
            }
            return (T) rs.getObject(this.columnName);
        }
        return null;
    }",
dbut_96_2,"    public void testHandle_2_oe() throws SQLException {
        ResultSetHandler<String> h = new ScalarHandler<String>();
        Object results = h.handle(this.rs);
        // removed other assertion
        assertEquals(""1"", results);
    }
",ScalarHandlerTest::testHandle_2_oe,org.apache.commons.dbutils.ResultSetHandler,handle(ResultSet rs),"/**
     * Turn the <code>ResultSet</code> into an Object.
     *
     * @param rs The <code>ResultSet</code> to handle.  It has not been touched
     * before being passed to this method.
     *
     * @return An Object initialized with <code>ResultSet</code> data. It is
     * legal for implementations to return <code>null</code> if the
     * <code>ResultSet</code> contained 0 rows.
     *
     * @throws SQLException if a database access error occurs
     */",T handle(ResultSet rs) throws SQLException;,"@SuppressWarnings(""unchecked"")
    @Override
    public T handle(ResultSet rs) throws SQLException {

        if (rs.next()) {
            if (this.columnName == null) {
                return (T) rs.getObject(this.columnIndex);
            }
            return (T) rs.getObject(this.columnName);
        }
        return null;
    }",
dbut_97_1,"    public void testColumnIndexHandle_1_oe() throws SQLException {
        ResultSetHandler<String> h = new ScalarHandler<String>(2);
        Object results = h.handle(this.rs);
        assertNotNull(results);
    }
",ScalarHandlerTest::testColumnIndexHandle_1_oe,org.apache.commons.dbutils.ResultSetHandler,handle(ResultSet rs),"/**
     * Turn the <code>ResultSet</code> into an Object.
     *
     * @param rs The <code>ResultSet</code> to handle.  It has not been touched
     * before being passed to this method.
     *
     * @return An Object initialized with <code>ResultSet</code> data. It is
     * legal for implementations to return <code>null</code> if the
     * <code>ResultSet</code> contained 0 rows.
     *
     * @throws SQLException if a database access error occurs
     */",T handle(ResultSet rs) throws SQLException;,"@SuppressWarnings(""unchecked"")
    @Override
    public T handle(ResultSet rs) throws SQLException {

        if (rs.next()) {
            if (this.columnName == null) {
                return (T) rs.getObject(this.columnIndex);
            }
            return (T) rs.getObject(this.columnName);
        }
        return null;
    }",
dbut_97_2,"    public void testColumnIndexHandle_2_oe() throws SQLException {
        ResultSetHandler<String> h = new ScalarHandler<String>(2);
        Object results = h.handle(this.rs);
        // removed other assertion
        assertEquals(""2"", results);
    }
",ScalarHandlerTest::testColumnIndexHandle_2_oe,org.apache.commons.dbutils.ResultSetHandler,handle(ResultSet rs),"/**
     * Turn the <code>ResultSet</code> into an Object.
     *
     * @param rs The <code>ResultSet</code> to handle.  It has not been touched
     * before being passed to this method.
     *
     * @return An Object initialized with <code>ResultSet</code> data. It is
     * legal for implementations to return <code>null</code> if the
     * <code>ResultSet</code> contained 0 rows.
     *
     * @throws SQLException if a database access error occurs
     */",T handle(ResultSet rs) throws SQLException;,"@SuppressWarnings(""unchecked"")
    @Override
    public T handle(ResultSet rs) throws SQLException {

        if (rs.next()) {
            if (this.columnName == null) {
                return (T) rs.getObject(this.columnIndex);
            }
            return (T) rs.getObject(this.columnName);
        }
        return null;
    }",
dbut_98_1,"    public void testColumnNameHandle_1_oe() throws SQLException {
        ResultSetHandler<Integer> h = new ScalarHandler<Integer>(""intTest"");
        Object results = h.handle(this.rs);
        assertNotNull(results);
    }
",ScalarHandlerTest::testColumnNameHandle_1_oe,org.apache.commons.dbutils.ResultSetHandler,handle(ResultSet rs),"/**
     * Turn the <code>ResultSet</code> into an Object.
     *
     * @param rs The <code>ResultSet</code> to handle.  It has not been touched
     * before being passed to this method.
     *
     * @return An Object initialized with <code>ResultSet</code> data. It is
     * legal for implementations to return <code>null</code> if the
     * <code>ResultSet</code> contained 0 rows.
     *
     * @throws SQLException if a database access error occurs
     */",T handle(ResultSet rs) throws SQLException;,"@SuppressWarnings(""unchecked"")
    @Override
    public T handle(ResultSet rs) throws SQLException {

        if (rs.next()) {
            if (this.columnName == null) {
                return (T) rs.getObject(this.columnIndex);
            }
            return (T) rs.getObject(this.columnName);
        }
        return null;
    }",
dbut_98_2,"    public void testColumnNameHandle_2_oe() throws SQLException {
        ResultSetHandler<Integer> h = new ScalarHandler<Integer>(""intTest"");
        Object results = h.handle(this.rs);
        // removed other assertion
        assertEquals(Integer.valueOf(1), results);
    }
",ScalarHandlerTest::testColumnNameHandle_2_oe,org.apache.commons.dbutils.ResultSetHandler,handle(ResultSet rs),"/**
     * Turn the <code>ResultSet</code> into an Object.
     *
     * @param rs The <code>ResultSet</code> to handle.  It has not been touched
     * before being passed to this method.
     *
     * @return An Object initialized with <code>ResultSet</code> data. It is
     * legal for implementations to return <code>null</code> if the
     * <code>ResultSet</code> contained 0 rows.
     *
     * @throws SQLException if a database access error occurs
     */",T handle(ResultSet rs) throws SQLException;,"@SuppressWarnings(""unchecked"")
    @Override
    public T handle(ResultSet rs) throws SQLException {

        if (rs.next()) {
            if (this.columnName == null) {
                return (T) rs.getObject(this.columnIndex);
            }
            return (T) rs.getObject(this.columnName);
        }
        return null;
    }",
dbut_99_1,"    public void testEmptyResultSetHandle_1_oe() throws SQLException {
        ResultSetHandler<String> h = new ScalarHandler<String>();
        Object results = h.handle(this.emptyResultSet);
        assertNull(results);
    }
",ScalarHandlerTest::testEmptyResultSetHandle_1_oe,org.apache.commons.dbutils.ResultSetHandler,handle(ResultSet rs),"/**
     * Turn the <code>ResultSet</code> into an Object.
     *
     * @param rs The <code>ResultSet</code> to handle.  It has not been touched
     * before being passed to this method.
     *
     * @return An Object initialized with <code>ResultSet</code> data. It is
     * legal for implementations to return <code>null</code> if the
     * <code>ResultSet</code> contained 0 rows.
     *
     * @throws SQLException if a database access error occurs
     */",T handle(ResultSet rs) throws SQLException;,"@SuppressWarnings(""unchecked"")
    @Override
    public T handle(ResultSet rs) throws SQLException {

        if (rs.next()) {
            if (this.columnName == null) {
                return (T) rs.getObject(this.columnIndex);
            }
            return (T) rs.getObject(this.columnName);
        }
        return null;
    }",
dbut_100_1,"    public void testHandle_1_oe() throws SQLException {
        ResultSetHandler<List<Map<String,Object>>> h = new MapListHandler();
        List<Map<String,Object>> results = h.handle(this.rs);

        assertNotNull(results);
    }
",MapListHandlerTest::testHandle_1_oe,org.apache.commons.dbutils.BaseResultSetHandler,handle(ResultSet rs),"/**
     * {@inheritDoc}
     */","@Override
    public final T handle(ResultSet rs) throws SQLException {
        if (this.rs != null) {
            throw new IllegalStateException(""Re-entry not allowed!"");
        }

        this.rs = rs;

        try {
            return handle();
        } finally {
            this.rs = null;
        }
    }","@Override
    public final T handle(ResultSet rs) throws SQLException {
        if (this.rs != null) {
            throw new IllegalStateException(""Re-entry not allowed!"");
        }

        this.rs = rs;

        try {
            return handle();
        } finally {
            this.rs = null;
        }
    }","/**
     * {@inheritDoc}
     */"
dbut_100_2,"    public void testHandle_2_oe() throws SQLException {
        ResultSetHandler<List<Map<String,Object>>> h = new MapListHandler();
        List<Map<String,Object>> results = h.handle(this.rs);

        // removed other assertion
        assertEquals(ROWS, results.size());
    }
",MapListHandlerTest::testHandle_2_oe,org.apache.commons.dbutils.BaseResultSetHandler,handle(ResultSet rs),"/**
     * {@inheritDoc}
     */","@Override
    public final T handle(ResultSet rs) throws SQLException {
        if (this.rs != null) {
            throw new IllegalStateException(""Re-entry not allowed!"");
        }

        this.rs = rs;

        try {
            return handle();
        } finally {
            this.rs = null;
        }
    }","@Override
    public final T handle(ResultSet rs) throws SQLException {
        if (this.rs != null) {
            throw new IllegalStateException(""Re-entry not allowed!"");
        }

        this.rs = rs;

        try {
            return handle();
        } finally {
            this.rs = null;
        }
    }","/**
     * {@inheritDoc}
     */"
dbut_100_3,"    public void testHandle_3_oe() throws SQLException {
        ResultSetHandler<List<Map<String,Object>>> h = new MapListHandler();
        List<Map<String,Object>> results = h.handle(this.rs);

        // removed other assertion
        // removed other assertion

        Iterator<Map<String,Object>> iter = results.iterator();
        Map<String,Object> row = null;
        assertTrue(iter.hasNext());
    }
",MapListHandlerTest::testHandle_3_oe,org.apache.commons.dbutils.ResultSetIterator,hasNext(),"/**
     * Returns true if there are more rows in the ResultSet.
     * @return boolean <code>true</code> if there are more rows
     * @throws RuntimeException if an SQLException occurs.
     */","@Override
    public boolean hasNext() {
        try {
            return !rs.isLast();
        } catch (SQLException e) {
            rethrow(e);
            return false;
        }
    }","@Override
    public boolean hasNext() {
        try {
            return !rs.isLast();
        } catch (SQLException e) {
            rethrow(e);
            return false;
        }
    }","/**
     * Returns true if there are more rows in the ResultSet.
     * @return boolean <code>true</code> if there are more rows
     * @throws RuntimeException if an SQLException occurs.
     */"
dbut_100_4,"    public void testHandle_4_oe() throws SQLException {
        ResultSetHandler<List<Map<String,Object>>> h = new MapListHandler();
        List<Map<String,Object>> results = h.handle(this.rs);

        // removed other assertion
        // removed other assertion

        Iterator<Map<String,Object>> iter = results.iterator();
        Map<String,Object> row = null;
        // removed other assertion
        row = iter.next();
        assertEquals(COLS, row.keySet().size());
    }
",MapListHandlerTest::testHandle_4_oe,org.apache.commons.dbutils.ResultSetIterator,next(),"/**
     * Returns the next row as an <code>Object[]</code>.
     * @return An <code>Object[]</code> with the same number of elements as
     * columns in the <code>ResultSet</code>.
     * @see java.util.Iterator#next()
     * @throws RuntimeException if an SQLException occurs.
     */","@Override
    public Object[] next() {
        try {
            rs.next();
            return this.convert.toArray(rs);
        } catch (SQLException e) {
            rethrow(e);
            return null;
        }
    }","@Override
    public Object[] next() {
        try {
            rs.next();
            return this.convert.toArray(rs);
        } catch (SQLException e) {
            rethrow(e);
            return null;
        }
    }","/**
     * Returns the next row as an <code>Object[]</code>.
     * @return An <code>Object[]</code> with the same number of elements as
     * columns in the <code>ResultSet</code>.
     * @see java.util.Iterator#next()
     * @throws RuntimeException if an SQLException occurs.
     */"
dbut_100_5,"    public void testHandle_5_oe() throws SQLException {
        ResultSetHandler<List<Map<String,Object>>> h = new MapListHandler();
        List<Map<String,Object>> results = h.handle(this.rs);

        // removed other assertion
        // removed other assertion

        Iterator<Map<String,Object>> iter = results.iterator();
        Map<String,Object> row = null;
        // removed other assertion
        row = iter.next();
        // removed other assertion
        assertEquals(""1"", row.get(""one""));
    }
",MapListHandlerTest::testHandle_5_oe,org.apache.commons.dbutils.BasicRowProcessor.CaseInsensitiveHashMap,get(Object key),/** {@inheritDoc} */,"@Override
        public Object get(Object key) {
            Object realKey = lowerCaseMap.get(key.toString().toLowerCase(Locale.ENGLISH));
            return super.get(realKey);
        }","@Override
        public Object get(Object key) {
            Object realKey = lowerCaseMap.get(key.toString().toLowerCase(Locale.ENGLISH));
            return super.get(realKey);
        }",/** {@inheritDoc} */
dbut_100_6,"    public void testHandle_6_oe() throws SQLException {
        ResultSetHandler<List<Map<String,Object>>> h = new MapListHandler();
        List<Map<String,Object>> results = h.handle(this.rs);

        // removed other assertion
        // removed other assertion

        Iterator<Map<String,Object>> iter = results.iterator();
        Map<String,Object> row = null;
        // removed other assertion
        row = iter.next();
        // removed other assertion
        // removed other assertion
        assertEquals(""2"", row.get(""TWO""));
    }
",MapListHandlerTest::testHandle_6_oe,org.apache.commons.dbutils.BasicRowProcessor.CaseInsensitiveHashMap,get(Object key),/** {@inheritDoc} */,"@Override
        public Object get(Object key) {
            Object realKey = lowerCaseMap.get(key.toString().toLowerCase(Locale.ENGLISH));
            return super.get(realKey);
        }","@Override
        public Object get(Object key) {
            Object realKey = lowerCaseMap.get(key.toString().toLowerCase(Locale.ENGLISH));
            return super.get(realKey);
        }",/** {@inheritDoc} */
dbut_100_7,"    public void testHandle_7_oe() throws SQLException {
        ResultSetHandler<List<Map<String,Object>>> h = new MapListHandler();
        List<Map<String,Object>> results = h.handle(this.rs);

        // removed other assertion
        // removed other assertion

        Iterator<Map<String,Object>> iter = results.iterator();
        Map<String,Object> row = null;
        // removed other assertion
        row = iter.next();
        // removed other assertion
        // removed other assertion
        // removed other assertion
        assertEquals(""THREE"", row.get(""Three""));
    }
",MapListHandlerTest::testHandle_7_oe,org.apache.commons.dbutils.BasicRowProcessor.CaseInsensitiveHashMap,get(Object key),/** {@inheritDoc} */,"@Override
        public Object get(Object key) {
            Object realKey = lowerCaseMap.get(key.toString().toLowerCase(Locale.ENGLISH));
            return super.get(realKey);
        }","@Override
        public Object get(Object key) {
            Object realKey = lowerCaseMap.get(key.toString().toLowerCase(Locale.ENGLISH));
            return super.get(realKey);
        }",/** {@inheritDoc} */
dbut_100_8,"    public void testHandle_8_oe() throws SQLException {
        ResultSetHandler<List<Map<String,Object>>> h = new MapListHandler();
        List<Map<String,Object>> results = h.handle(this.rs);

        // removed other assertion
        // removed other assertion

        Iterator<Map<String,Object>> iter = results.iterator();
        Map<String,Object> row = null;
        // removed other assertion
        row = iter.next();
        // removed other assertion
        // removed other assertion
        // removed other assertion
        // removed other assertion

        assertTrue(iter.hasNext());
    }
",MapListHandlerTest::testHandle_8_oe,org.apache.commons.dbutils.ResultSetIterator,hasNext(),"/**
     * Returns true if there are more rows in the ResultSet.
     * @return boolean <code>true</code> if there are more rows
     * @throws RuntimeException if an SQLException occurs.
     */","@Override
    public boolean hasNext() {
        try {
            return !rs.isLast();
        } catch (SQLException e) {
            rethrow(e);
            return false;
        }
    }","@Override
    public boolean hasNext() {
        try {
            return !rs.isLast();
        } catch (SQLException e) {
            rethrow(e);
            return false;
        }
    }","/**
     * Returns true if there are more rows in the ResultSet.
     * @return boolean <code>true</code> if there are more rows
     * @throws RuntimeException if an SQLException occurs.
     */"
dbut_100_9,"    public void testHandle_9_oe() throws SQLException {
        ResultSetHandler<List<Map<String,Object>>> h = new MapListHandler();
        List<Map<String,Object>> results = h.handle(this.rs);

        // removed other assertion
        // removed other assertion

        Iterator<Map<String,Object>> iter = results.iterator();
        Map<String,Object> row = null;
        // removed other assertion
        row = iter.next();
        // removed other assertion
        // removed other assertion
        // removed other assertion
        // removed other assertion

        // removed other assertion
        row = iter.next();
        assertEquals(COLS, row.keySet().size());
    }
",MapListHandlerTest::testHandle_9_oe,org.apache.commons.dbutils.ResultSetIterator,next(),"/**
     * Returns the next row as an <code>Object[]</code>.
     * @return An <code>Object[]</code> with the same number of elements as
     * columns in the <code>ResultSet</code>.
     * @see java.util.Iterator#next()
     * @throws RuntimeException if an SQLException occurs.
     */","@Override
    public Object[] next() {
        try {
            rs.next();
            return this.convert.toArray(rs);
        } catch (SQLException e) {
            rethrow(e);
            return null;
        }
    }","@Override
    public Object[] next() {
        try {
            rs.next();
            return this.convert.toArray(rs);
        } catch (SQLException e) {
            rethrow(e);
            return null;
        }
    }","/**
     * Returns the next row as an <code>Object[]</code>.
     * @return An <code>Object[]</code> with the same number of elements as
     * columns in the <code>ResultSet</code>.
     * @see java.util.Iterator#next()
     * @throws RuntimeException if an SQLException occurs.
     */"
dbut_100_10,"    public void testHandle_10_oe() throws SQLException {
        ResultSetHandler<List<Map<String,Object>>> h = new MapListHandler();
        List<Map<String,Object>> results = h.handle(this.rs);

        // removed other assertion
        // removed other assertion

        Iterator<Map<String,Object>> iter = results.iterator();
        Map<String,Object> row = null;
        // removed other assertion
        row = iter.next();
        // removed other assertion
        // removed other assertion
        // removed other assertion
        // removed other assertion

        // removed other assertion
        row = iter.next();
        // removed other assertion

        assertEquals(""4"", row.get(""one""));
    }
",MapListHandlerTest::testHandle_10_oe,org.apache.commons.dbutils.BasicRowProcessor.CaseInsensitiveHashMap,get(Object key),/** {@inheritDoc} */,"@Override
        public Object get(Object key) {
            Object realKey = lowerCaseMap.get(key.toString().toLowerCase(Locale.ENGLISH));
            return super.get(realKey);
        }","@Override
        public Object get(Object key) {
            Object realKey = lowerCaseMap.get(key.toString().toLowerCase(Locale.ENGLISH));
            return super.get(realKey);
        }",/** {@inheritDoc} */
dbut_100_11,"    public void testHandle_11_oe() throws SQLException {
        ResultSetHandler<List<Map<String,Object>>> h = new MapListHandler();
        List<Map<String,Object>> results = h.handle(this.rs);

        // removed other assertion
        // removed other assertion

        Iterator<Map<String,Object>> iter = results.iterator();
        Map<String,Object> row = null;
        // removed other assertion
        row = iter.next();
        // removed other assertion
        // removed other assertion
        // removed other assertion
        // removed other assertion

        // removed other assertion
        row = iter.next();
        // removed other assertion

        // removed other assertion
        assertEquals(""5"", row.get(""TWO""));
    }
",MapListHandlerTest::testHandle_11_oe,org.apache.commons.dbutils.BasicRowProcessor.CaseInsensitiveHashMap,get(Object key),/** {@inheritDoc} */,"@Override
        public Object get(Object key) {
            Object realKey = lowerCaseMap.get(key.toString().toLowerCase(Locale.ENGLISH));
            return super.get(realKey);
        }","@Override
        public Object get(Object key) {
            Object realKey = lowerCaseMap.get(key.toString().toLowerCase(Locale.ENGLISH));
            return super.get(realKey);
        }",/** {@inheritDoc} */
dbut_100_12,"    public void testHandle_12_oe() throws SQLException {
        ResultSetHandler<List<Map<String,Object>>> h = new MapListHandler();
        List<Map<String,Object>> results = h.handle(this.rs);

        // removed other assertion
        // removed other assertion

        Iterator<Map<String,Object>> iter = results.iterator();
        Map<String,Object> row = null;
        // removed other assertion
        row = iter.next();
        // removed other assertion
        // removed other assertion
        // removed other assertion
        // removed other assertion

        // removed other assertion
        row = iter.next();
        // removed other assertion

        // removed other assertion
        // removed other assertion
        assertEquals(""SIX"", row.get(""Three""));
    }
",MapListHandlerTest::testHandle_12_oe,org.apache.commons.dbutils.BasicRowProcessor.CaseInsensitiveHashMap,get(Object key),/** {@inheritDoc} */,"@Override
        public Object get(Object key) {
            Object realKey = lowerCaseMap.get(key.toString().toLowerCase(Locale.ENGLISH));
            return super.get(realKey);
        }","@Override
        public Object get(Object key) {
            Object realKey = lowerCaseMap.get(key.toString().toLowerCase(Locale.ENGLISH));
            return super.get(realKey);
        }",/** {@inheritDoc} */
dbut_100_13,"    public void testHandle_13_oe() throws SQLException {
        ResultSetHandler<List<Map<String,Object>>> h = new MapListHandler();
        List<Map<String,Object>> results = h.handle(this.rs);

        // removed other assertion
        // removed other assertion

        Iterator<Map<String,Object>> iter = results.iterator();
        Map<String,Object> row = null;
        // removed other assertion
        row = iter.next();
        // removed other assertion
        // removed other assertion
        // removed other assertion
        // removed other assertion

        // removed other assertion
        row = iter.next();
        // removed other assertion

        // removed other assertion
        // removed other assertion
        // removed other assertion

        assertFalse(iter.hasNext());
    }
",MapListHandlerTest::testHandle_13_oe,org.apache.commons.dbutils.ResultSetIterator,hasNext(),"/**
     * Returns true if there are more rows in the ResultSet.
     * @return boolean <code>true</code> if there are more rows
     * @throws RuntimeException if an SQLException occurs.
     */","@Override
    public boolean hasNext() {
        try {
            return !rs.isLast();
        } catch (SQLException e) {
            rethrow(e);
            return false;
        }
    }","@Override
    public boolean hasNext() {
        try {
            return !rs.isLast();
        } catch (SQLException e) {
            rethrow(e);
            return false;
        }
    }","/**
     * Returns true if there are more rows in the ResultSet.
     * @return boolean <code>true</code> if there are more rows
     * @throws RuntimeException if an SQLException occurs.
     */"
dbut_101_1,"    public void testEmptyResultSetHandle_1_oe() throws SQLException {
        ResultSetHandler<List<Map<String,Object>>> h = new MapListHandler();
        List<Map<String,Object>> results = h.handle(this.emptyResultSet);

        assertNotNull(results);
    }
",MapListHandlerTest::testEmptyResultSetHandle_1_oe,org.apache.commons.dbutils.BaseResultSetHandler,handle(ResultSet rs),"/**
     * {@inheritDoc}
     */","@Override
    public final T handle(ResultSet rs) throws SQLException {
        if (this.rs != null) {
            throw new IllegalStateException(""Re-entry not allowed!"");
        }

        this.rs = rs;

        try {
            return handle();
        } finally {
            this.rs = null;
        }
    }","@Override
    public final T handle(ResultSet rs) throws SQLException {
        if (this.rs != null) {
            throw new IllegalStateException(""Re-entry not allowed!"");
        }

        this.rs = rs;

        try {
            return handle();
        } finally {
            this.rs = null;
        }
    }","/**
     * {@inheritDoc}
     */"
dbut_101_2,"    public void testEmptyResultSetHandle_2_oe() throws SQLException {
        ResultSetHandler<List<Map<String,Object>>> h = new MapListHandler();
        List<Map<String,Object>> results = h.handle(this.emptyResultSet);

        // removed other assertion
        assertTrue(results.isEmpty());
    }
",MapListHandlerTest::testEmptyResultSetHandle_2_oe,org.apache.commons.dbutils.BaseResultSetHandler,handle(ResultSet rs),"/**
     * {@inheritDoc}
     */","@Override
    public final T handle(ResultSet rs) throws SQLException {
        if (this.rs != null) {
            throw new IllegalStateException(""Re-entry not allowed!"");
        }

        this.rs = rs;

        try {
            return handle();
        } finally {
            this.rs = null;
        }
    }","@Override
    public final T handle(ResultSet rs) throws SQLException {
        if (this.rs != null) {
            throw new IllegalStateException(""Re-entry not allowed!"");
        }

        this.rs = rs;

        try {
            return handle();
        } finally {
            this.rs = null;
        }
    }","/**
     * {@inheritDoc}
     */"
dbut_102_1,"    public void testHandle_1_oe() throws SQLException {
        ResultSetHandler<List<Object[]>> h = new ArrayListHandler();
        List<Object[]> results = h.handle(this.rs);

        assertNotNull(results);
    }
",ArrayListHandlerTest::testHandle_1_oe,org.apache.commons.dbutils.BaseResultSetHandler,handle(ResultSet rs),"/**
     * {@inheritDoc}
     */","@Override
    public final T handle(ResultSet rs) throws SQLException {
        if (this.rs != null) {
            throw new IllegalStateException(""Re-entry not allowed!"");
        }

        this.rs = rs;

        try {
            return handle();
        } finally {
            this.rs = null;
        }
    }","@Override
    public final T handle(ResultSet rs) throws SQLException {
        if (this.rs != null) {
            throw new IllegalStateException(""Re-entry not allowed!"");
        }

        this.rs = rs;

        try {
            return handle();
        } finally {
            this.rs = null;
        }
    }","/**
     * {@inheritDoc}
     */"
dbut_102_2,"    public void testHandle_2_oe() throws SQLException {
        ResultSetHandler<List<Object[]>> h = new ArrayListHandler();
        List<Object[]> results = h.handle(this.rs);

        // removed other assertion
        assertEquals(ROWS, results.size());
    }
",ArrayListHandlerTest::testHandle_2_oe,org.apache.commons.dbutils.BaseResultSetHandler,handle(ResultSet rs),"/**
     * {@inheritDoc}
     */","@Override
    public final T handle(ResultSet rs) throws SQLException {
        if (this.rs != null) {
            throw new IllegalStateException(""Re-entry not allowed!"");
        }

        this.rs = rs;

        try {
            return handle();
        } finally {
            this.rs = null;
        }
    }","@Override
    public final T handle(ResultSet rs) throws SQLException {
        if (this.rs != null) {
            throw new IllegalStateException(""Re-entry not allowed!"");
        }

        this.rs = rs;

        try {
            return handle();
        } finally {
            this.rs = null;
        }
    }","/**
     * {@inheritDoc}
     */"
dbut_102_3,"    public void testHandle_3_oe() throws SQLException {
        ResultSetHandler<List<Object[]>> h = new ArrayListHandler();
        List<Object[]> results = h.handle(this.rs);

        // removed other assertion
        // removed other assertion

        Iterator<Object[]> iter = results.iterator();
        Object[] row = null;
        assertTrue(iter.hasNext());
    }
",ArrayListHandlerTest::testHandle_3_oe,org.apache.commons.dbutils.ResultSetIterator,hasNext(),"/**
     * Returns true if there are more rows in the ResultSet.
     * @return boolean <code>true</code> if there are more rows
     * @throws RuntimeException if an SQLException occurs.
     */","@Override
    public boolean hasNext() {
        try {
            return !rs.isLast();
        } catch (SQLException e) {
            rethrow(e);
            return false;
        }
    }","@Override
    public boolean hasNext() {
        try {
            return !rs.isLast();
        } catch (SQLException e) {
            rethrow(e);
            return false;
        }
    }","/**
     * Returns true if there are more rows in the ResultSet.
     * @return boolean <code>true</code> if there are more rows
     * @throws RuntimeException if an SQLException occurs.
     */"
dbut_102_4,"    public void testHandle_4_oe() throws SQLException {
        ResultSetHandler<List<Object[]>> h = new ArrayListHandler();
        List<Object[]> results = h.handle(this.rs);

        // removed other assertion
        // removed other assertion

        Iterator<Object[]> iter = results.iterator();
        Object[] row = null;
        // removed other assertion
        row = iter.next();
        assertEquals(COLS, row.length);
    }
",ArrayListHandlerTest::testHandle_4_oe,org.apache.commons.dbutils.ResultSetIterator,next(),"/**
     * Returns the next row as an <code>Object[]</code>.
     * @return An <code>Object[]</code> with the same number of elements as
     * columns in the <code>ResultSet</code>.
     * @see java.util.Iterator#next()
     * @throws RuntimeException if an SQLException occurs.
     */","@Override
    public Object[] next() {
        try {
            rs.next();
            return this.convert.toArray(rs);
        } catch (SQLException e) {
            rethrow(e);
            return null;
        }
    }","@Override
    public Object[] next() {
        try {
            rs.next();
            return this.convert.toArray(rs);
        } catch (SQLException e) {
            rethrow(e);
            return null;
        }
    }","/**
     * Returns the next row as an <code>Object[]</code>.
     * @return An <code>Object[]</code> with the same number of elements as
     * columns in the <code>ResultSet</code>.
     * @see java.util.Iterator#next()
     * @throws RuntimeException if an SQLException occurs.
     */"
dbut_102_5,"    public void testHandle_5_oe() throws SQLException {
        ResultSetHandler<List<Object[]>> h = new ArrayListHandler();
        List<Object[]> results = h.handle(this.rs);

        // removed other assertion
        // removed other assertion

        Iterator<Object[]> iter = results.iterator();
        Object[] row = null;
        // removed other assertion
        row = iter.next();
        // removed other assertion
        assertEquals(""1"", row[0]);
    }
",ArrayListHandlerTest::testHandle_5_oe,org.apache.commons.dbutils.ResultSetIterator,next(),"/**
     * Returns the next row as an <code>Object[]</code>.
     * @return An <code>Object[]</code> with the same number of elements as
     * columns in the <code>ResultSet</code>.
     * @see java.util.Iterator#next()
     * @throws RuntimeException if an SQLException occurs.
     */","@Override
    public Object[] next() {
        try {
            rs.next();
            return this.convert.toArray(rs);
        } catch (SQLException e) {
            rethrow(e);
            return null;
        }
    }","@Override
    public Object[] next() {
        try {
            rs.next();
            return this.convert.toArray(rs);
        } catch (SQLException e) {
            rethrow(e);
            return null;
        }
    }","/**
     * Returns the next row as an <code>Object[]</code>.
     * @return An <code>Object[]</code> with the same number of elements as
     * columns in the <code>ResultSet</code>.
     * @see java.util.Iterator#next()
     * @throws RuntimeException if an SQLException occurs.
     */"
dbut_102_6,"    public void testHandle_6_oe() throws SQLException {
        ResultSetHandler<List<Object[]>> h = new ArrayListHandler();
        List<Object[]> results = h.handle(this.rs);

        // removed other assertion
        // removed other assertion

        Iterator<Object[]> iter = results.iterator();
        Object[] row = null;
        // removed other assertion
        row = iter.next();
        // removed other assertion
        // removed other assertion
        assertEquals(""2"", row[1]);
    }
",ArrayListHandlerTest::testHandle_6_oe,org.apache.commons.dbutils.ResultSetIterator,next(),"/**
     * Returns the next row as an <code>Object[]</code>.
     * @return An <code>Object[]</code> with the same number of elements as
     * columns in the <code>ResultSet</code>.
     * @see java.util.Iterator#next()
     * @throws RuntimeException if an SQLException occurs.
     */","@Override
    public Object[] next() {
        try {
            rs.next();
            return this.convert.toArray(rs);
        } catch (SQLException e) {
            rethrow(e);
            return null;
        }
    }","@Override
    public Object[] next() {
        try {
            rs.next();
            return this.convert.toArray(rs);
        } catch (SQLException e) {
            rethrow(e);
            return null;
        }
    }","/**
     * Returns the next row as an <code>Object[]</code>.
     * @return An <code>Object[]</code> with the same number of elements as
     * columns in the <code>ResultSet</code>.
     * @see java.util.Iterator#next()
     * @throws RuntimeException if an SQLException occurs.
     */"
dbut_102_7,"    public void testHandle_7_oe() throws SQLException {
        ResultSetHandler<List<Object[]>> h = new ArrayListHandler();
        List<Object[]> results = h.handle(this.rs);

        // removed other assertion
        // removed other assertion

        Iterator<Object[]> iter = results.iterator();
        Object[] row = null;
        // removed other assertion
        row = iter.next();
        // removed other assertion
        // removed other assertion
        // removed other assertion
        assertEquals(""THREE"", row[2]);
    }
",ArrayListHandlerTest::testHandle_7_oe,org.apache.commons.dbutils.ResultSetIterator,next(),"/**
     * Returns the next row as an <code>Object[]</code>.
     * @return An <code>Object[]</code> with the same number of elements as
     * columns in the <code>ResultSet</code>.
     * @see java.util.Iterator#next()
     * @throws RuntimeException if an SQLException occurs.
     */","@Override
    public Object[] next() {
        try {
            rs.next();
            return this.convert.toArray(rs);
        } catch (SQLException e) {
            rethrow(e);
            return null;
        }
    }","@Override
    public Object[] next() {
        try {
            rs.next();
            return this.convert.toArray(rs);
        } catch (SQLException e) {
            rethrow(e);
            return null;
        }
    }","/**
     * Returns the next row as an <code>Object[]</code>.
     * @return An <code>Object[]</code> with the same number of elements as
     * columns in the <code>ResultSet</code>.
     * @see java.util.Iterator#next()
     * @throws RuntimeException if an SQLException occurs.
     */"
dbut_102_8,"    public void testHandle_8_oe() throws SQLException {
        ResultSetHandler<List<Object[]>> h = new ArrayListHandler();
        List<Object[]> results = h.handle(this.rs);

        // removed other assertion
        // removed other assertion

        Iterator<Object[]> iter = results.iterator();
        Object[] row = null;
        // removed other assertion
        row = iter.next();
        // removed other assertion
        // removed other assertion
        // removed other assertion
        // removed other assertion

        assertTrue(iter.hasNext());
    }
",ArrayListHandlerTest::testHandle_8_oe,org.apache.commons.dbutils.ResultSetIterator,hasNext(),"/**
     * Returns true if there are more rows in the ResultSet.
     * @return boolean <code>true</code> if there are more rows
     * @throws RuntimeException if an SQLException occurs.
     */","@Override
    public boolean hasNext() {
        try {
            return !rs.isLast();
        } catch (SQLException e) {
            rethrow(e);
            return false;
        }
    }","@Override
    public boolean hasNext() {
        try {
            return !rs.isLast();
        } catch (SQLException e) {
            rethrow(e);
            return false;
        }
    }","/**
     * Returns true if there are more rows in the ResultSet.
     * @return boolean <code>true</code> if there are more rows
     * @throws RuntimeException if an SQLException occurs.
     */"
dbut_102_9,"    public void testHandle_9_oe() throws SQLException {
        ResultSetHandler<List<Object[]>> h = new ArrayListHandler();
        List<Object[]> results = h.handle(this.rs);

        // removed other assertion
        // removed other assertion

        Iterator<Object[]> iter = results.iterator();
        Object[] row = null;
        // removed other assertion
        row = iter.next();
        // removed other assertion
        // removed other assertion
        // removed other assertion
        // removed other assertion

        // removed other assertion
        row = iter.next();
        assertEquals(COLS, row.length);
    }
",ArrayListHandlerTest::testHandle_9_oe,org.apache.commons.dbutils.ResultSetIterator,next(),"/**
     * Returns the next row as an <code>Object[]</code>.
     * @return An <code>Object[]</code> with the same number of elements as
     * columns in the <code>ResultSet</code>.
     * @see java.util.Iterator#next()
     * @throws RuntimeException if an SQLException occurs.
     */","@Override
    public Object[] next() {
        try {
            rs.next();
            return this.convert.toArray(rs);
        } catch (SQLException e) {
            rethrow(e);
            return null;
        }
    }","@Override
    public Object[] next() {
        try {
            rs.next();
            return this.convert.toArray(rs);
        } catch (SQLException e) {
            rethrow(e);
            return null;
        }
    }","/**
     * Returns the next row as an <code>Object[]</code>.
     * @return An <code>Object[]</code> with the same number of elements as
     * columns in the <code>ResultSet</code>.
     * @see java.util.Iterator#next()
     * @throws RuntimeException if an SQLException occurs.
     */"
dbut_102_10,"    public void testHandle_10_oe() throws SQLException {
        ResultSetHandler<List<Object[]>> h = new ArrayListHandler();
        List<Object[]> results = h.handle(this.rs);

        // removed other assertion
        // removed other assertion

        Iterator<Object[]> iter = results.iterator();
        Object[] row = null;
        // removed other assertion
        row = iter.next();
        // removed other assertion
        // removed other assertion
        // removed other assertion
        // removed other assertion

        // removed other assertion
        row = iter.next();
        // removed other assertion

        assertEquals(""4"", row[0]);
    }
",ArrayListHandlerTest::testHandle_10_oe,org.apache.commons.dbutils.ResultSetIterator,next(),"/**
     * Returns the next row as an <code>Object[]</code>.
     * @return An <code>Object[]</code> with the same number of elements as
     * columns in the <code>ResultSet</code>.
     * @see java.util.Iterator#next()
     * @throws RuntimeException if an SQLException occurs.
     */","@Override
    public Object[] next() {
        try {
            rs.next();
            return this.convert.toArray(rs);
        } catch (SQLException e) {
            rethrow(e);
            return null;
        }
    }","@Override
    public Object[] next() {
        try {
            rs.next();
            return this.convert.toArray(rs);
        } catch (SQLException e) {
            rethrow(e);
            return null;
        }
    }","/**
     * Returns the next row as an <code>Object[]</code>.
     * @return An <code>Object[]</code> with the same number of elements as
     * columns in the <code>ResultSet</code>.
     * @see java.util.Iterator#next()
     * @throws RuntimeException if an SQLException occurs.
     */"
dbut_102_11,"    public void testHandle_11_oe() throws SQLException {
        ResultSetHandler<List<Object[]>> h = new ArrayListHandler();
        List<Object[]> results = h.handle(this.rs);

        // removed other assertion
        // removed other assertion

        Iterator<Object[]> iter = results.iterator();
        Object[] row = null;
        // removed other assertion
        row = iter.next();
        // removed other assertion
        // removed other assertion
        // removed other assertion
        // removed other assertion

        // removed other assertion
        row = iter.next();
        // removed other assertion

        // removed other assertion
        assertEquals(""5"", row[1]);
    }
",ArrayListHandlerTest::testHandle_11_oe,org.apache.commons.dbutils.ResultSetIterator,next(),"/**
     * Returns the next row as an <code>Object[]</code>.
     * @return An <code>Object[]</code> with the same number of elements as
     * columns in the <code>ResultSet</code>.
     * @see java.util.Iterator#next()
     * @throws RuntimeException if an SQLException occurs.
     */","@Override
    public Object[] next() {
        try {
            rs.next();
            return this.convert.toArray(rs);
        } catch (SQLException e) {
            rethrow(e);
            return null;
        }
    }","@Override
    public Object[] next() {
        try {
            rs.next();
            return this.convert.toArray(rs);
        } catch (SQLException e) {
            rethrow(e);
            return null;
        }
    }","/**
     * Returns the next row as an <code>Object[]</code>.
     * @return An <code>Object[]</code> with the same number of elements as
     * columns in the <code>ResultSet</code>.
     * @see java.util.Iterator#next()
     * @throws RuntimeException if an SQLException occurs.
     */"
dbut_102_12,"    public void testHandle_12_oe() throws SQLException {
        ResultSetHandler<List<Object[]>> h = new ArrayListHandler();
        List<Object[]> results = h.handle(this.rs);

        // removed other assertion
        // removed other assertion

        Iterator<Object[]> iter = results.iterator();
        Object[] row = null;
        // removed other assertion
        row = iter.next();
        // removed other assertion
        // removed other assertion
        // removed other assertion
        // removed other assertion

        // removed other assertion
        row = iter.next();
        // removed other assertion

        // removed other assertion
        // removed other assertion
        assertEquals(""SIX"", row[2]);
    }
",ArrayListHandlerTest::testHandle_12_oe,org.apache.commons.dbutils.ResultSetIterator,next(),"/**
     * Returns the next row as an <code>Object[]</code>.
     * @return An <code>Object[]</code> with the same number of elements as
     * columns in the <code>ResultSet</code>.
     * @see java.util.Iterator#next()
     * @throws RuntimeException if an SQLException occurs.
     */","@Override
    public Object[] next() {
        try {
            rs.next();
            return this.convert.toArray(rs);
        } catch (SQLException e) {
            rethrow(e);
            return null;
        }
    }","@Override
    public Object[] next() {
        try {
            rs.next();
            return this.convert.toArray(rs);
        } catch (SQLException e) {
            rethrow(e);
            return null;
        }
    }","/**
     * Returns the next row as an <code>Object[]</code>.
     * @return An <code>Object[]</code> with the same number of elements as
     * columns in the <code>ResultSet</code>.
     * @see java.util.Iterator#next()
     * @throws RuntimeException if an SQLException occurs.
     */"
dbut_102_13,"    public void testHandle_13_oe() throws SQLException {
        ResultSetHandler<List<Object[]>> h = new ArrayListHandler();
        List<Object[]> results = h.handle(this.rs);

        // removed other assertion
        // removed other assertion

        Iterator<Object[]> iter = results.iterator();
        Object[] row = null;
        // removed other assertion
        row = iter.next();
        // removed other assertion
        // removed other assertion
        // removed other assertion
        // removed other assertion

        // removed other assertion
        row = iter.next();
        // removed other assertion

        // removed other assertion
        // removed other assertion
        // removed other assertion

        assertFalse(iter.hasNext());
    }
",ArrayListHandlerTest::testHandle_13_oe,org.apache.commons.dbutils.ResultSetIterator,hasNext(),"/**
     * Returns true if there are more rows in the ResultSet.
     * @return boolean <code>true</code> if there are more rows
     * @throws RuntimeException if an SQLException occurs.
     */","@Override
    public boolean hasNext() {
        try {
            return !rs.isLast();
        } catch (SQLException e) {
            rethrow(e);
            return false;
        }
    }","@Override
    public boolean hasNext() {
        try {
            return !rs.isLast();
        } catch (SQLException e) {
            rethrow(e);
            return false;
        }
    }","/**
     * Returns true if there are more rows in the ResultSet.
     * @return boolean <code>true</code> if there are more rows
     * @throws RuntimeException if an SQLException occurs.
     */"
dbut_103_1,"    public void testEmptyResultSetHandle_1_oe() throws SQLException {
        ResultSetHandler<List<Object[]>> h = new ArrayListHandler();
        List<Object[]> results = h.handle(this.emptyResultSet);

        assertNotNull(results);
    }
",ArrayListHandlerTest::testEmptyResultSetHandle_1_oe,org.apache.commons.dbutils.BaseResultSetHandler,handle(ResultSet rs),"/**
     * {@inheritDoc}
     */","@Override
    public final T handle(ResultSet rs) throws SQLException {
        if (this.rs != null) {
            throw new IllegalStateException(""Re-entry not allowed!"");
        }

        this.rs = rs;

        try {
            return handle();
        } finally {
            this.rs = null;
        }
    }","@Override
    public final T handle(ResultSet rs) throws SQLException {
        if (this.rs != null) {
            throw new IllegalStateException(""Re-entry not allowed!"");
        }

        this.rs = rs;

        try {
            return handle();
        } finally {
            this.rs = null;
        }
    }","/**
     * {@inheritDoc}
     */"
dbut_103_2,"    public void testEmptyResultSetHandle_2_oe() throws SQLException {
        ResultSetHandler<List<Object[]>> h = new ArrayListHandler();
        List<Object[]> results = h.handle(this.emptyResultSet);

        // removed other assertion
        assertTrue(results.isEmpty());
    }
",ArrayListHandlerTest::testEmptyResultSetHandle_2_oe,org.apache.commons.dbutils.BaseResultSetHandler,handle(ResultSet rs),"/**
     * {@inheritDoc}
     */","@Override
    public final T handle(ResultSet rs) throws SQLException {
        if (this.rs != null) {
            throw new IllegalStateException(""Re-entry not allowed!"");
        }

        this.rs = rs;

        try {
            return handle();
        } finally {
            this.rs = null;
        }
    }","@Override
    public final T handle(ResultSet rs) throws SQLException {
        if (this.rs != null) {
            throw new IllegalStateException(""Re-entry not allowed!"");
        }

        this.rs = rs;

        try {
            return handle();
        } finally {
            this.rs = null;
        }
    }","/**
     * {@inheritDoc}
     */"
dbut_104_1,"    public void testHandle_1_oe() throws SQLException {
        ResultSetHandler<TestBean> h = new BeanHandler<TestBean>(TestBean.class);
        TestBean results = h.handle(this.rs);

        assertNotNull(results);
    }
",BeanHandlerTest::testHandle_1_oe,org.apache.commons.dbutils.ResultSetHandler,handle(ResultSet rs),"/**
     * Turn the <code>ResultSet</code> into an Object.
     *
     * @param rs The <code>ResultSet</code> to handle.  It has not been touched
     * before being passed to this method.
     *
     * @return An Object initialized with <code>ResultSet</code> data. It is
     * legal for implementations to return <code>null</code> if the
     * <code>ResultSet</code> contained 0 rows.
     *
     * @throws SQLException if a database access error occurs
     */",T handle(ResultSet rs) throws SQLException;,"@Override
    public T handle(ResultSet rs) throws SQLException {
        return rs.next() ? this.convert.toBean(rs, this.type) : null;
    }","/**
     * Convert the first row of the <code>ResultSet</code> into a bean with the
     * <code>Class</code> given in the constructor.
     * @param rs <code>ResultSet</code> to process.
     * @return An initialized JavaBean or <code>null</code> if there were no
     * rows in the <code>ResultSet</code>.
     *
     * @throws SQLException if a database access error occurs
     * @see org.apache.commons.dbutils.ResultSetHandler#handle(java.sql.ResultSet)
     */"
dbut_104_2,"    public void testHandle_2_oe() throws SQLException {
        ResultSetHandler<TestBean> h = new BeanHandler<TestBean>(TestBean.class);
        TestBean results = h.handle(this.rs);

        // removed other assertion
        assertEquals(""1"", results.getOne());
    }
",BeanHandlerTest::testHandle_2_oe,org.apache.commons.dbutils.ResultSetHandler,handle(ResultSet rs),"/**
     * Turn the <code>ResultSet</code> into an Object.
     *
     * @param rs The <code>ResultSet</code> to handle.  It has not been touched
     * before being passed to this method.
     *
     * @return An Object initialized with <code>ResultSet</code> data. It is
     * legal for implementations to return <code>null</code> if the
     * <code>ResultSet</code> contained 0 rows.
     *
     * @throws SQLException if a database access error occurs
     */",T handle(ResultSet rs) throws SQLException;,"@Override
    public T handle(ResultSet rs) throws SQLException {
        return rs.next() ? this.convert.toBean(rs, this.type) : null;
    }","/**
     * Convert the first row of the <code>ResultSet</code> into a bean with the
     * <code>Class</code> given in the constructor.
     * @param rs <code>ResultSet</code> to process.
     * @return An initialized JavaBean or <code>null</code> if there were no
     * rows in the <code>ResultSet</code>.
     *
     * @throws SQLException if a database access error occurs
     * @see org.apache.commons.dbutils.ResultSetHandler#handle(java.sql.ResultSet)
     */"
dbut_104_3,"    public void testHandle_3_oe() throws SQLException {
        ResultSetHandler<TestBean> h = new BeanHandler<TestBean>(TestBean.class);
        TestBean results = h.handle(this.rs);

        // removed other assertion
        // removed other assertion
        assertEquals(""2"", results.getTwo());
    }
",BeanHandlerTest::testHandle_3_oe,org.apache.commons.dbutils.ResultSetHandler,handle(ResultSet rs),"/**
     * Turn the <code>ResultSet</code> into an Object.
     *
     * @param rs The <code>ResultSet</code> to handle.  It has not been touched
     * before being passed to this method.
     *
     * @return An Object initialized with <code>ResultSet</code> data. It is
     * legal for implementations to return <code>null</code> if the
     * <code>ResultSet</code> contained 0 rows.
     *
     * @throws SQLException if a database access error occurs
     */",T handle(ResultSet rs) throws SQLException;,"@Override
    public T handle(ResultSet rs) throws SQLException {
        return rs.next() ? this.convert.toBean(rs, this.type) : null;
    }","/**
     * Convert the first row of the <code>ResultSet</code> into a bean with the
     * <code>Class</code> given in the constructor.
     * @param rs <code>ResultSet</code> to process.
     * @return An initialized JavaBean or <code>null</code> if there were no
     * rows in the <code>ResultSet</code>.
     *
     * @throws SQLException if a database access error occurs
     * @see org.apache.commons.dbutils.ResultSetHandler#handle(java.sql.ResultSet)
     */"
dbut_104_4,"    public void testHandle_4_oe() throws SQLException {
        ResultSetHandler<TestBean> h = new BeanHandler<TestBean>(TestBean.class);
        TestBean results = h.handle(this.rs);

        // removed other assertion
        // removed other assertion
        // removed other assertion
        assertEquals(TestBean.Ordinal.THREE, results.getThree());
    }
",BeanHandlerTest::testHandle_4_oe,org.apache.commons.dbutils.ResultSetHandler,handle(ResultSet rs),"/**
     * Turn the <code>ResultSet</code> into an Object.
     *
     * @param rs The <code>ResultSet</code> to handle.  It has not been touched
     * before being passed to this method.
     *
     * @return An Object initialized with <code>ResultSet</code> data. It is
     * legal for implementations to return <code>null</code> if the
     * <code>ResultSet</code> contained 0 rows.
     *
     * @throws SQLException if a database access error occurs
     */",T handle(ResultSet rs) throws SQLException;,"@Override
    public T handle(ResultSet rs) throws SQLException {
        return rs.next() ? this.convert.toBean(rs, this.type) : null;
    }","/**
     * Convert the first row of the <code>ResultSet</code> into a bean with the
     * <code>Class</code> given in the constructor.
     * @param rs <code>ResultSet</code> to process.
     * @return An initialized JavaBean or <code>null</code> if there were no
     * rows in the <code>ResultSet</code>.
     *
     * @throws SQLException if a database access error occurs
     * @see org.apache.commons.dbutils.ResultSetHandler#handle(java.sql.ResultSet)
     */"
dbut_104_5,"    public void testHandle_5_oe() throws SQLException {
        ResultSetHandler<TestBean> h = new BeanHandler<TestBean>(TestBean.class);
        TestBean results = h.handle(this.rs);

        // removed other assertion
        // removed other assertion
        // removed other assertion
        // removed other assertion
        assertEquals(""not set"", results.getDoNotSet());
    }
",BeanHandlerTest::testHandle_5_oe,org.apache.commons.dbutils.ResultSetHandler,handle(ResultSet rs),"/**
     * Turn the <code>ResultSet</code> into an Object.
     *
     * @param rs The <code>ResultSet</code> to handle.  It has not been touched
     * before being passed to this method.
     *
     * @return An Object initialized with <code>ResultSet</code> data. It is
     * legal for implementations to return <code>null</code> if the
     * <code>ResultSet</code> contained 0 rows.
     *
     * @throws SQLException if a database access error occurs
     */",T handle(ResultSet rs) throws SQLException;,"@Override
    public T handle(ResultSet rs) throws SQLException {
        return rs.next() ? this.convert.toBean(rs, this.type) : null;
    }","/**
     * Convert the first row of the <code>ResultSet</code> into a bean with the
     * <code>Class</code> given in the constructor.
     * @param rs <code>ResultSet</code> to process.
     * @return An initialized JavaBean or <code>null</code> if there were no
     * rows in the <code>ResultSet</code>.
     *
     * @throws SQLException if a database access error occurs
     * @see org.apache.commons.dbutils.ResultSetHandler#handle(java.sql.ResultSet)
     */"
dbut_105_1,"    public void testEmptyResultSetHandle_1_oe() throws SQLException {
        ResultSetHandler<TestBean> h = new BeanHandler<TestBean>(TestBean.class);
        TestBean results = h.handle(this.emptyResultSet);

        assertNull(results);
    }
",BeanHandlerTest::testEmptyResultSetHandle_1_oe,org.apache.commons.dbutils.ResultSetHandler,handle(ResultSet rs),"/**
     * Turn the <code>ResultSet</code> into an Object.
     *
     * @param rs The <code>ResultSet</code> to handle.  It has not been touched
     * before being passed to this method.
     *
     * @return An Object initialized with <code>ResultSet</code> data. It is
     * legal for implementations to return <code>null</code> if the
     * <code>ResultSet</code> contained 0 rows.
     *
     * @throws SQLException if a database access error occurs
     */",T handle(ResultSet rs) throws SQLException;,"@Override
    public T handle(ResultSet rs) throws SQLException {
        return rs.next() ? this.convert.toBean(rs, this.type) : null;
    }","/**
     * Convert the first row of the <code>ResultSet</code> into a bean with the
     * <code>Class</code> given in the constructor.
     * @param rs <code>ResultSet</code> to process.
     * @return An initialized JavaBean or <code>null</code> if there were no
     * rows in the <code>ResultSet</code>.
     *
     * @throws SQLException if a database access error occurs
     * @see org.apache.commons.dbutils.ResultSetHandler#handle(java.sql.ResultSet)
     */"
dbut_106_1,"    public void testHandleToSuperClass_1_oe() throws SQLException {
        ResultSetHandler<TestBean> h = new BeanHandler<TestBean>(SubTestBean.class);
        TestBean results = h.handle(this.rs);

        assertNotNull(results);
    }
",BeanHandlerTest::testHandleToSuperClass_1_oe,org.apache.commons.dbutils.ResultSetHandler,handle(ResultSet rs),"/**
     * Turn the <code>ResultSet</code> into an Object.
     *
     * @param rs The <code>ResultSet</code> to handle.  It has not been touched
     * before being passed to this method.
     *
     * @return An Object initialized with <code>ResultSet</code> data. It is
     * legal for implementations to return <code>null</code> if the
     * <code>ResultSet</code> contained 0 rows.
     *
     * @throws SQLException if a database access error occurs
     */",T handle(ResultSet rs) throws SQLException;,"@Override
    public T handle(ResultSet rs) throws SQLException {
        return rs.next() ? this.convert.toBean(rs, this.type) : null;
    }","/**
     * Convert the first row of the <code>ResultSet</code> into a bean with the
     * <code>Class</code> given in the constructor.
     * @param rs <code>ResultSet</code> to process.
     * @return An initialized JavaBean or <code>null</code> if there were no
     * rows in the <code>ResultSet</code>.
     *
     * @throws SQLException if a database access error occurs
     * @see org.apache.commons.dbutils.ResultSetHandler#handle(java.sql.ResultSet)
     */"
dbut_106_2,"    public void testHandleToSuperClass_2_oe() throws SQLException {
        ResultSetHandler<TestBean> h = new BeanHandler<TestBean>(SubTestBean.class);
        TestBean results = h.handle(this.rs);

        // removed other assertion
        assertEquals(""1"", results.getOne());
    }
",BeanHandlerTest::testHandleToSuperClass_2_oe,org.apache.commons.dbutils.ResultSetHandler,handle(ResultSet rs),"/**
     * Turn the <code>ResultSet</code> into an Object.
     *
     * @param rs The <code>ResultSet</code> to handle.  It has not been touched
     * before being passed to this method.
     *
     * @return An Object initialized with <code>ResultSet</code> data. It is
     * legal for implementations to return <code>null</code> if the
     * <code>ResultSet</code> contained 0 rows.
     *
     * @throws SQLException if a database access error occurs
     */",T handle(ResultSet rs) throws SQLException;,"@Override
    public T handle(ResultSet rs) throws SQLException {
        return rs.next() ? this.convert.toBean(rs, this.type) : null;
    }","/**
     * Convert the first row of the <code>ResultSet</code> into a bean with the
     * <code>Class</code> given in the constructor.
     * @param rs <code>ResultSet</code> to process.
     * @return An initialized JavaBean or <code>null</code> if there were no
     * rows in the <code>ResultSet</code>.
     *
     * @throws SQLException if a database access error occurs
     * @see org.apache.commons.dbutils.ResultSetHandler#handle(java.sql.ResultSet)
     */"
dbut_106_3,"    public void testHandleToSuperClass_3_oe() throws SQLException {
        ResultSetHandler<TestBean> h = new BeanHandler<TestBean>(SubTestBean.class);
        TestBean results = h.handle(this.rs);

        // removed other assertion
        // removed other assertion
        assertEquals(""2"", results.getTwo());
    }
",BeanHandlerTest::testHandleToSuperClass_3_oe,org.apache.commons.dbutils.ResultSetHandler,handle(ResultSet rs),"/**
     * Turn the <code>ResultSet</code> into an Object.
     *
     * @param rs The <code>ResultSet</code> to handle.  It has not been touched
     * before being passed to this method.
     *
     * @return An Object initialized with <code>ResultSet</code> data. It is
     * legal for implementations to return <code>null</code> if the
     * <code>ResultSet</code> contained 0 rows.
     *
     * @throws SQLException if a database access error occurs
     */",T handle(ResultSet rs) throws SQLException;,"@Override
    public T handle(ResultSet rs) throws SQLException {
        return rs.next() ? this.convert.toBean(rs, this.type) : null;
    }","/**
     * Convert the first row of the <code>ResultSet</code> into a bean with the
     * <code>Class</code> given in the constructor.
     * @param rs <code>ResultSet</code> to process.
     * @return An initialized JavaBean or <code>null</code> if there were no
     * rows in the <code>ResultSet</code>.
     *
     * @throws SQLException if a database access error occurs
     * @see org.apache.commons.dbutils.ResultSetHandler#handle(java.sql.ResultSet)
     */"
dbut_106_4,"    public void testHandleToSuperClass_4_oe() throws SQLException {
        ResultSetHandler<TestBean> h = new BeanHandler<TestBean>(SubTestBean.class);
        TestBean results = h.handle(this.rs);

        // removed other assertion
        // removed other assertion
        // removed other assertion
        assertEquals(TestBean.Ordinal.THREE, results.getThree());
    }
",BeanHandlerTest::testHandleToSuperClass_4_oe,org.apache.commons.dbutils.ResultSetHandler,handle(ResultSet rs),"/**
     * Turn the <code>ResultSet</code> into an Object.
     *
     * @param rs The <code>ResultSet</code> to handle.  It has not been touched
     * before being passed to this method.
     *
     * @return An Object initialized with <code>ResultSet</code> data. It is
     * legal for implementations to return <code>null</code> if the
     * <code>ResultSet</code> contained 0 rows.
     *
     * @throws SQLException if a database access error occurs
     */",T handle(ResultSet rs) throws SQLException;,"@Override
    public T handle(ResultSet rs) throws SQLException {
        return rs.next() ? this.convert.toBean(rs, this.type) : null;
    }","/**
     * Convert the first row of the <code>ResultSet</code> into a bean with the
     * <code>Class</code> given in the constructor.
     * @param rs <code>ResultSet</code> to process.
     * @return An initialized JavaBean or <code>null</code> if there were no
     * rows in the <code>ResultSet</code>.
     *
     * @throws SQLException if a database access error occurs
     * @see org.apache.commons.dbutils.ResultSetHandler#handle(java.sql.ResultSet)
     */"
dbut_106_5,"    public void testHandleToSuperClass_5_oe() throws SQLException {
        ResultSetHandler<TestBean> h = new BeanHandler<TestBean>(SubTestBean.class);
        TestBean results = h.handle(this.rs);

        // removed other assertion
        // removed other assertion
        // removed other assertion
        // removed other assertion
        assertEquals(""not set"", results.getDoNotSet());
    }
",BeanHandlerTest::testHandleToSuperClass_5_oe,org.apache.commons.dbutils.ResultSetHandler,handle(ResultSet rs),"/**
     * Turn the <code>ResultSet</code> into an Object.
     *
     * @param rs The <code>ResultSet</code> to handle.  It has not been touched
     * before being passed to this method.
     *
     * @return An Object initialized with <code>ResultSet</code> data. It is
     * legal for implementations to return <code>null</code> if the
     * <code>ResultSet</code> contained 0 rows.
     *
     * @throws SQLException if a database access error occurs
     */",T handle(ResultSet rs) throws SQLException;,"@Override
    public T handle(ResultSet rs) throws SQLException {
        return rs.next() ? this.convert.toBean(rs, this.type) : null;
    }","/**
     * Convert the first row of the <code>ResultSet</code> into a bean with the
     * <code>Class</code> given in the constructor.
     * @param rs <code>ResultSet</code> to process.
     * @return An initialized JavaBean or <code>null</code> if there were no
     * rows in the <code>ResultSet</code>.
     *
     * @throws SQLException if a database access error occurs
     * @see org.apache.commons.dbutils.ResultSetHandler#handle(java.sql.ResultSet)
     */"
dbut_107_1,"    public void testHandleToInterface_1_oe() throws SQLException {
        ResultSetHandler<SubTestBeanInterface> h = new BeanHandler<SubTestBeanInterface>(SubTestBean.class);
        SubTestBeanInterface results = h.handle(this.rs);

        assertNotNull(results);
    }
",BeanHandlerTest::testHandleToInterface_1_oe,org.apache.commons.dbutils.ResultSetHandler,handle(ResultSet rs),"/**
     * Turn the <code>ResultSet</code> into an Object.
     *
     * @param rs The <code>ResultSet</code> to handle.  It has not been touched
     * before being passed to this method.
     *
     * @return An Object initialized with <code>ResultSet</code> data. It is
     * legal for implementations to return <code>null</code> if the
     * <code>ResultSet</code> contained 0 rows.
     *
     * @throws SQLException if a database access error occurs
     */",T handle(ResultSet rs) throws SQLException;,"@Override
    public T handle(ResultSet rs) throws SQLException {
        return rs.next() ? this.convert.toBean(rs, this.type) : null;
    }","/**
     * Convert the first row of the <code>ResultSet</code> into a bean with the
     * <code>Class</code> given in the constructor.
     * @param rs <code>ResultSet</code> to process.
     * @return An initialized JavaBean or <code>null</code> if there were no
     * rows in the <code>ResultSet</code>.
     *
     * @throws SQLException if a database access error occurs
     * @see org.apache.commons.dbutils.ResultSetHandler#handle(java.sql.ResultSet)
     */"
dbut_107_2,"    public void testHandleToInterface_2_oe() throws SQLException {
        ResultSetHandler<SubTestBeanInterface> h = new BeanHandler<SubTestBeanInterface>(SubTestBean.class);
        SubTestBeanInterface results = h.handle(this.rs);

        // removed other assertion
        assertEquals(""1"", results.getOne());
    }
",BeanHandlerTest::testHandleToInterface_2_oe,org.apache.commons.dbutils.ResultSetHandler,handle(ResultSet rs),"/**
     * Turn the <code>ResultSet</code> into an Object.
     *
     * @param rs The <code>ResultSet</code> to handle.  It has not been touched
     * before being passed to this method.
     *
     * @return An Object initialized with <code>ResultSet</code> data. It is
     * legal for implementations to return <code>null</code> if the
     * <code>ResultSet</code> contained 0 rows.
     *
     * @throws SQLException if a database access error occurs
     */",T handle(ResultSet rs) throws SQLException;,"@Override
    public T handle(ResultSet rs) throws SQLException {
        return rs.next() ? this.convert.toBean(rs, this.type) : null;
    }","/**
     * Convert the first row of the <code>ResultSet</code> into a bean with the
     * <code>Class</code> given in the constructor.
     * @param rs <code>ResultSet</code> to process.
     * @return An initialized JavaBean or <code>null</code> if there were no
     * rows in the <code>ResultSet</code>.
     *
     * @throws SQLException if a database access error occurs
     * @see org.apache.commons.dbutils.ResultSetHandler#handle(java.sql.ResultSet)
     */"
dbut_107_3,"    public void testHandleToInterface_3_oe() throws SQLException {
        ResultSetHandler<SubTestBeanInterface> h = new BeanHandler<SubTestBeanInterface>(SubTestBean.class);
        SubTestBeanInterface results = h.handle(this.rs);

        // removed other assertion
        // removed other assertion
        assertEquals(""2"", results.getTwo());
    }
",BeanHandlerTest::testHandleToInterface_3_oe,org.apache.commons.dbutils.ResultSetHandler,handle(ResultSet rs),"/**
     * Turn the <code>ResultSet</code> into an Object.
     *
     * @param rs The <code>ResultSet</code> to handle.  It has not been touched
     * before being passed to this method.
     *
     * @return An Object initialized with <code>ResultSet</code> data. It is
     * legal for implementations to return <code>null</code> if the
     * <code>ResultSet</code> contained 0 rows.
     *
     * @throws SQLException if a database access error occurs
     */",T handle(ResultSet rs) throws SQLException;,"@Override
    public T handle(ResultSet rs) throws SQLException {
        return rs.next() ? this.convert.toBean(rs, this.type) : null;
    }","/**
     * Convert the first row of the <code>ResultSet</code> into a bean with the
     * <code>Class</code> given in the constructor.
     * @param rs <code>ResultSet</code> to process.
     * @return An initialized JavaBean or <code>null</code> if there were no
     * rows in the <code>ResultSet</code>.
     *
     * @throws SQLException if a database access error occurs
     * @see org.apache.commons.dbutils.ResultSetHandler#handle(java.sql.ResultSet)
     */"
dbut_107_4,"    public void testHandleToInterface_4_oe() throws SQLException {
        ResultSetHandler<SubTestBeanInterface> h = new BeanHandler<SubTestBeanInterface>(SubTestBean.class);
        SubTestBeanInterface results = h.handle(this.rs);

        // removed other assertion
        // removed other assertion
        // removed other assertion
        assertEquals(TestBean.Ordinal.THREE, results.getThree());
    }
",BeanHandlerTest::testHandleToInterface_4_oe,org.apache.commons.dbutils.ResultSetHandler,handle(ResultSet rs),"/**
     * Turn the <code>ResultSet</code> into an Object.
     *
     * @param rs The <code>ResultSet</code> to handle.  It has not been touched
     * before being passed to this method.
     *
     * @return An Object initialized with <code>ResultSet</code> data. It is
     * legal for implementations to return <code>null</code> if the
     * <code>ResultSet</code> contained 0 rows.
     *
     * @throws SQLException if a database access error occurs
     */",T handle(ResultSet rs) throws SQLException;,"@Override
    public T handle(ResultSet rs) throws SQLException {
        return rs.next() ? this.convert.toBean(rs, this.type) : null;
    }","/**
     * Convert the first row of the <code>ResultSet</code> into a bean with the
     * <code>Class</code> given in the constructor.
     * @param rs <code>ResultSet</code> to process.
     * @return An initialized JavaBean or <code>null</code> if there were no
     * rows in the <code>ResultSet</code>.
     *
     * @throws SQLException if a database access error occurs
     * @see org.apache.commons.dbutils.ResultSetHandler#handle(java.sql.ResultSet)
     */"
dbut_107_5,"    public void testHandleToInterface_5_oe() throws SQLException {
        ResultSetHandler<SubTestBeanInterface> h = new BeanHandler<SubTestBeanInterface>(SubTestBean.class);
        SubTestBeanInterface results = h.handle(this.rs);

        // removed other assertion
        // removed other assertion
        // removed other assertion
        // removed other assertion
        assertEquals(""not set"", results.getDoNotSet());
    }
",BeanHandlerTest::testHandleToInterface_5_oe,org.apache.commons.dbutils.ResultSetHandler,handle(ResultSet rs),"/**
     * Turn the <code>ResultSet</code> into an Object.
     *
     * @param rs The <code>ResultSet</code> to handle.  It has not been touched
     * before being passed to this method.
     *
     * @return An Object initialized with <code>ResultSet</code> data. It is
     * legal for implementations to return <code>null</code> if the
     * <code>ResultSet</code> contained 0 rows.
     *
     * @throws SQLException if a database access error occurs
     */",T handle(ResultSet rs) throws SQLException;,"@Override
    public T handle(ResultSet rs) throws SQLException {
        return rs.next() ? this.convert.toBean(rs, this.type) : null;
    }","/**
     * Convert the first row of the <code>ResultSet</code> into a bean with the
     * <code>Class</code> given in the constructor.
     * @param rs <code>ResultSet</code> to process.
     * @return An initialized JavaBean or <code>null</code> if there were no
     * rows in the <code>ResultSet</code>.
     *
     * @throws SQLException if a database access error occurs
     * @see org.apache.commons.dbutils.ResultSetHandler#handle(java.sql.ResultSet)
     */"
dbut_108_1,"    public void testHandle_1_oe() throws SQLException {
        ResultSetHandler<List<TestBean>> h = new BeanListHandler<TestBean>(TestBean.class);
        List<TestBean> results = h.handle(this.rs);

        assertNotNull(results);
    }
",BeanListHandlerTest::testHandle_1_oe,org.apache.commons.dbutils.BaseResultSetHandler,handle(ResultSet rs),"/**
     * {@inheritDoc}
     */","@Override
    public final T handle(ResultSet rs) throws SQLException {
        if (this.rs != null) {
            throw new IllegalStateException(""Re-entry not allowed!"");
        }

        this.rs = rs;

        try {
            return handle();
        } finally {
            this.rs = null;
        }
    }","@Override
    public List<T> handle(ResultSet rs) throws SQLException {
        return this.convert.toBeanList(rs, type);
    }","/**
     * Convert the whole <code>ResultSet</code> into a List of beans with
     * the <code>Class</code> given in the constructor.
     *
     * @param rs The <code>ResultSet</code> to handle.
     *
     * @return A List of beans, never <code>null</code>.
     *
     * @throws SQLException if a database access error occurs
     * @see org.apache.commons.dbutils.RowProcessor#toBeanList(ResultSet, Class)
     */"
dbut_108_2,"    public void testHandle_2_oe() throws SQLException {
        ResultSetHandler<List<TestBean>> h = new BeanListHandler<TestBean>(TestBean.class);
        List<TestBean> results = h.handle(this.rs);

        // removed other assertion
        assertEquals(ROWS, results.size());
    }
",BeanListHandlerTest::testHandle_2_oe,org.apache.commons.dbutils.BaseResultSetHandler,handle(ResultSet rs),"/**
     * {@inheritDoc}
     */","@Override
    public final T handle(ResultSet rs) throws SQLException {
        if (this.rs != null) {
            throw new IllegalStateException(""Re-entry not allowed!"");
        }

        this.rs = rs;

        try {
            return handle();
        } finally {
            this.rs = null;
        }
    }","@Override
    public List<T> handle(ResultSet rs) throws SQLException {
        return this.convert.toBeanList(rs, type);
    }","/**
     * Convert the whole <code>ResultSet</code> into a List of beans with
     * the <code>Class</code> given in the constructor.
     *
     * @param rs The <code>ResultSet</code> to handle.
     *
     * @return A List of beans, never <code>null</code>.
     *
     * @throws SQLException if a database access error occurs
     * @see org.apache.commons.dbutils.RowProcessor#toBeanList(ResultSet, Class)
     */"
dbut_108_3,"    public void testHandle_3_oe() throws SQLException {
        ResultSetHandler<List<TestBean>> h = new BeanListHandler<TestBean>(TestBean.class);
        List<TestBean> results = h.handle(this.rs);

        // removed other assertion
        // removed other assertion

        Iterator<TestBean> iter = results.iterator();
        TestBean row = null;
        assertTrue(iter.hasNext());
    }
",BeanListHandlerTest::testHandle_3_oe,org.apache.commons.dbutils.ResultSetIterator,hasNext(),"/**
     * Returns true if there are more rows in the ResultSet.
     * @return boolean <code>true</code> if there are more rows
     * @throws RuntimeException if an SQLException occurs.
     */","@Override
    public boolean hasNext() {
        try {
            return !rs.isLast();
        } catch (SQLException e) {
            rethrow(e);
            return false;
        }
    }","@Override
    public boolean hasNext() {
        try {
            return !rs.isLast();
        } catch (SQLException e) {
            rethrow(e);
            return false;
        }
    }","/**
     * Returns true if there are more rows in the ResultSet.
     * @return boolean <code>true</code> if there are more rows
     * @throws RuntimeException if an SQLException occurs.
     */"
dbut_108_4,"    public void testHandle_4_oe() throws SQLException {
        ResultSetHandler<List<TestBean>> h = new BeanListHandler<TestBean>(TestBean.class);
        List<TestBean> results = h.handle(this.rs);

        // removed other assertion
        // removed other assertion

        Iterator<TestBean> iter = results.iterator();
        TestBean row = null;
        // removed other assertion
        row = iter.next();
        assertEquals(""1"", row.getOne());
    }
",BeanListHandlerTest::testHandle_4_oe,org.apache.commons.dbutils.ResultSetIterator,next(),"/**
     * Returns the next row as an <code>Object[]</code>.
     * @return An <code>Object[]</code> with the same number of elements as
     * columns in the <code>ResultSet</code>.
     * @see java.util.Iterator#next()
     * @throws RuntimeException if an SQLException occurs.
     */","@Override
    public Object[] next() {
        try {
            rs.next();
            return this.convert.toArray(rs);
        } catch (SQLException e) {
            rethrow(e);
            return null;
        }
    }","@Override
    public Object[] next() {
        try {
            rs.next();
            return this.convert.toArray(rs);
        } catch (SQLException e) {
            rethrow(e);
            return null;
        }
    }","/**
     * Returns the next row as an <code>Object[]</code>.
     * @return An <code>Object[]</code> with the same number of elements as
     * columns in the <code>ResultSet</code>.
     * @see java.util.Iterator#next()
     * @throws RuntimeException if an SQLException occurs.
     */"
dbut_108_5,"    public void testHandle_5_oe() throws SQLException {
        ResultSetHandler<List<TestBean>> h = new BeanListHandler<TestBean>(TestBean.class);
        List<TestBean> results = h.handle(this.rs);

        // removed other assertion
        // removed other assertion

        Iterator<TestBean> iter = results.iterator();
        TestBean row = null;
        // removed other assertion
        row = iter.next();
        // removed other assertion
        assertEquals(""2"", row.getTwo());
    }
",BeanListHandlerTest::testHandle_5_oe,org.apache.commons.dbutils.ResultSetIterator,next(),"/**
     * Returns the next row as an <code>Object[]</code>.
     * @return An <code>Object[]</code> with the same number of elements as
     * columns in the <code>ResultSet</code>.
     * @see java.util.Iterator#next()
     * @throws RuntimeException if an SQLException occurs.
     */","@Override
    public Object[] next() {
        try {
            rs.next();
            return this.convert.toArray(rs);
        } catch (SQLException e) {
            rethrow(e);
            return null;
        }
    }","@Override
    public Object[] next() {
        try {
            rs.next();
            return this.convert.toArray(rs);
        } catch (SQLException e) {
            rethrow(e);
            return null;
        }
    }","/**
     * Returns the next row as an <code>Object[]</code>.
     * @return An <code>Object[]</code> with the same number of elements as
     * columns in the <code>ResultSet</code>.
     * @see java.util.Iterator#next()
     * @throws RuntimeException if an SQLException occurs.
     */"
dbut_108_6,"    public void testHandle_6_oe() throws SQLException {
        ResultSetHandler<List<TestBean>> h = new BeanListHandler<TestBean>(TestBean.class);
        List<TestBean> results = h.handle(this.rs);

        // removed other assertion
        // removed other assertion

        Iterator<TestBean> iter = results.iterator();
        TestBean row = null;
        // removed other assertion
        row = iter.next();
        // removed other assertion
        // removed other assertion
        assertEquals(TestBean.Ordinal.THREE, row.getThree());
    }
",BeanListHandlerTest::testHandle_6_oe,org.apache.commons.dbutils.ResultSetIterator,next(),"/**
     * Returns the next row as an <code>Object[]</code>.
     * @return An <code>Object[]</code> with the same number of elements as
     * columns in the <code>ResultSet</code>.
     * @see java.util.Iterator#next()
     * @throws RuntimeException if an SQLException occurs.
     */","@Override
    public Object[] next() {
        try {
            rs.next();
            return this.convert.toArray(rs);
        } catch (SQLException e) {
            rethrow(e);
            return null;
        }
    }","@Override
    public Object[] next() {
        try {
            rs.next();
            return this.convert.toArray(rs);
        } catch (SQLException e) {
            rethrow(e);
            return null;
        }
    }","/**
     * Returns the next row as an <code>Object[]</code>.
     * @return An <code>Object[]</code> with the same number of elements as
     * columns in the <code>ResultSet</code>.
     * @see java.util.Iterator#next()
     * @throws RuntimeException if an SQLException occurs.
     */"
dbut_108_7,"    public void testHandle_7_oe() throws SQLException {
        ResultSetHandler<List<TestBean>> h = new BeanListHandler<TestBean>(TestBean.class);
        List<TestBean> results = h.handle(this.rs);

        // removed other assertion
        // removed other assertion

        Iterator<TestBean> iter = results.iterator();
        TestBean row = null;
        // removed other assertion
        row = iter.next();
        // removed other assertion
        // removed other assertion
        // removed other assertion
        assertEquals(""not set"", row.getDoNotSet());
    }
",BeanListHandlerTest::testHandle_7_oe,org.apache.commons.dbutils.ResultSetIterator,next(),"/**
     * Returns the next row as an <code>Object[]</code>.
     * @return An <code>Object[]</code> with the same number of elements as
     * columns in the <code>ResultSet</code>.
     * @see java.util.Iterator#next()
     * @throws RuntimeException if an SQLException occurs.
     */","@Override
    public Object[] next() {
        try {
            rs.next();
            return this.convert.toArray(rs);
        } catch (SQLException e) {
            rethrow(e);
            return null;
        }
    }","@Override
    public Object[] next() {
        try {
            rs.next();
            return this.convert.toArray(rs);
        } catch (SQLException e) {
            rethrow(e);
            return null;
        }
    }","/**
     * Returns the next row as an <code>Object[]</code>.
     * @return An <code>Object[]</code> with the same number of elements as
     * columns in the <code>ResultSet</code>.
     * @see java.util.Iterator#next()
     * @throws RuntimeException if an SQLException occurs.
     */"
dbut_108_8,"    public void testHandle_8_oe() throws SQLException {
        ResultSetHandler<List<TestBean>> h = new BeanListHandler<TestBean>(TestBean.class);
        List<TestBean> results = h.handle(this.rs);

        // removed other assertion
        // removed other assertion

        Iterator<TestBean> iter = results.iterator();
        TestBean row = null;
        // removed other assertion
        row = iter.next();
        // removed other assertion
        // removed other assertion
        // removed other assertion
        // removed other assertion

        assertTrue(iter.hasNext());
    }
",BeanListHandlerTest::testHandle_8_oe,org.apache.commons.dbutils.ResultSetIterator,hasNext(),"/**
     * Returns true if there are more rows in the ResultSet.
     * @return boolean <code>true</code> if there are more rows
     * @throws RuntimeException if an SQLException occurs.
     */","@Override
    public boolean hasNext() {
        try {
            return !rs.isLast();
        } catch (SQLException e) {
            rethrow(e);
            return false;
        }
    }","@Override
    public boolean hasNext() {
        try {
            return !rs.isLast();
        } catch (SQLException e) {
            rethrow(e);
            return false;
        }
    }","/**
     * Returns true if there are more rows in the ResultSet.
     * @return boolean <code>true</code> if there are more rows
     * @throws RuntimeException if an SQLException occurs.
     */"
dbut_108_9,"    public void testHandle_9_oe() throws SQLException {
        ResultSetHandler<List<TestBean>> h = new BeanListHandler<TestBean>(TestBean.class);
        List<TestBean> results = h.handle(this.rs);

        // removed other assertion
        // removed other assertion

        Iterator<TestBean> iter = results.iterator();
        TestBean row = null;
        // removed other assertion
        row = iter.next();
        // removed other assertion
        // removed other assertion
        // removed other assertion
        // removed other assertion

        // removed other assertion
        row = iter.next();

        assertEquals(""4"", row.getOne());
    }
",BeanListHandlerTest::testHandle_9_oe,org.apache.commons.dbutils.ResultSetIterator,next(),"/**
     * Returns the next row as an <code>Object[]</code>.
     * @return An <code>Object[]</code> with the same number of elements as
     * columns in the <code>ResultSet</code>.
     * @see java.util.Iterator#next()
     * @throws RuntimeException if an SQLException occurs.
     */","@Override
    public Object[] next() {
        try {
            rs.next();
            return this.convert.toArray(rs);
        } catch (SQLException e) {
            rethrow(e);
            return null;
        }
    }","@Override
    public Object[] next() {
        try {
            rs.next();
            return this.convert.toArray(rs);
        } catch (SQLException e) {
            rethrow(e);
            return null;
        }
    }","/**
     * Returns the next row as an <code>Object[]</code>.
     * @return An <code>Object[]</code> with the same number of elements as
     * columns in the <code>ResultSet</code>.
     * @see java.util.Iterator#next()
     * @throws RuntimeException if an SQLException occurs.
     */"
dbut_108_10,"    public void testHandle_10_oe() throws SQLException {
        ResultSetHandler<List<TestBean>> h = new BeanListHandler<TestBean>(TestBean.class);
        List<TestBean> results = h.handle(this.rs);

        // removed other assertion
        // removed other assertion

        Iterator<TestBean> iter = results.iterator();
        TestBean row = null;
        // removed other assertion
        row = iter.next();
        // removed other assertion
        // removed other assertion
        // removed other assertion
        // removed other assertion

        // removed other assertion
        row = iter.next();

        // removed other assertion
        assertEquals(""5"", row.getTwo());
    }
",BeanListHandlerTest::testHandle_10_oe,org.apache.commons.dbutils.ResultSetIterator,next(),"/**
     * Returns the next row as an <code>Object[]</code>.
     * @return An <code>Object[]</code> with the same number of elements as
     * columns in the <code>ResultSet</code>.
     * @see java.util.Iterator#next()
     * @throws RuntimeException if an SQLException occurs.
     */","@Override
    public Object[] next() {
        try {
            rs.next();
            return this.convert.toArray(rs);
        } catch (SQLException e) {
            rethrow(e);
            return null;
        }
    }","@Override
    public Object[] next() {
        try {
            rs.next();
            return this.convert.toArray(rs);
        } catch (SQLException e) {
            rethrow(e);
            return null;
        }
    }","/**
     * Returns the next row as an <code>Object[]</code>.
     * @return An <code>Object[]</code> with the same number of elements as
     * columns in the <code>ResultSet</code>.
     * @see java.util.Iterator#next()
     * @throws RuntimeException if an SQLException occurs.
     */"
dbut_108_11,"    public void testHandle_11_oe() throws SQLException {
        ResultSetHandler<List<TestBean>> h = new BeanListHandler<TestBean>(TestBean.class);
        List<TestBean> results = h.handle(this.rs);

        // removed other assertion
        // removed other assertion

        Iterator<TestBean> iter = results.iterator();
        TestBean row = null;
        // removed other assertion
        row = iter.next();
        // removed other assertion
        // removed other assertion
        // removed other assertion
        // removed other assertion

        // removed other assertion
        row = iter.next();

        // removed other assertion
        // removed other assertion
        assertEquals(TestBean.Ordinal.SIX, row.getThree());
    }
",BeanListHandlerTest::testHandle_11_oe,org.apache.commons.dbutils.ResultSetIterator,next(),"/**
     * Returns the next row as an <code>Object[]</code>.
     * @return An <code>Object[]</code> with the same number of elements as
     * columns in the <code>ResultSet</code>.
     * @see java.util.Iterator#next()
     * @throws RuntimeException if an SQLException occurs.
     */","@Override
    public Object[] next() {
        try {
            rs.next();
            return this.convert.toArray(rs);
        } catch (SQLException e) {
            rethrow(e);
            return null;
        }
    }","@Override
    public Object[] next() {
        try {
            rs.next();
            return this.convert.toArray(rs);
        } catch (SQLException e) {
            rethrow(e);
            return null;
        }
    }","/**
     * Returns the next row as an <code>Object[]</code>.
     * @return An <code>Object[]</code> with the same number of elements as
     * columns in the <code>ResultSet</code>.
     * @see java.util.Iterator#next()
     * @throws RuntimeException if an SQLException occurs.
     */"
dbut_108_12,"    public void testHandle_12_oe() throws SQLException {
        ResultSetHandler<List<TestBean>> h = new BeanListHandler<TestBean>(TestBean.class);
        List<TestBean> results = h.handle(this.rs);

        // removed other assertion
        // removed other assertion

        Iterator<TestBean> iter = results.iterator();
        TestBean row = null;
        // removed other assertion
        row = iter.next();
        // removed other assertion
        // removed other assertion
        // removed other assertion
        // removed other assertion

        // removed other assertion
        row = iter.next();

        // removed other assertion
        // removed other assertion
        // removed other assertion
        assertEquals(""not set"", row.getDoNotSet());
    }
",BeanListHandlerTest::testHandle_12_oe,org.apache.commons.dbutils.ResultSetIterator,next(),"/**
     * Returns the next row as an <code>Object[]</code>.
     * @return An <code>Object[]</code> with the same number of elements as
     * columns in the <code>ResultSet</code>.
     * @see java.util.Iterator#next()
     * @throws RuntimeException if an SQLException occurs.
     */","@Override
    public Object[] next() {
        try {
            rs.next();
            return this.convert.toArray(rs);
        } catch (SQLException e) {
            rethrow(e);
            return null;
        }
    }","@Override
    public Object[] next() {
        try {
            rs.next();
            return this.convert.toArray(rs);
        } catch (SQLException e) {
            rethrow(e);
            return null;
        }
    }","/**
     * Returns the next row as an <code>Object[]</code>.
     * @return An <code>Object[]</code> with the same number of elements as
     * columns in the <code>ResultSet</code>.
     * @see java.util.Iterator#next()
     * @throws RuntimeException if an SQLException occurs.
     */"
dbut_108_13,"    public void testHandle_13_oe() throws SQLException {
        ResultSetHandler<List<TestBean>> h = new BeanListHandler<TestBean>(TestBean.class);
        List<TestBean> results = h.handle(this.rs);

        // removed other assertion
        // removed other assertion

        Iterator<TestBean> iter = results.iterator();
        TestBean row = null;
        // removed other assertion
        row = iter.next();
        // removed other assertion
        // removed other assertion
        // removed other assertion
        // removed other assertion

        // removed other assertion
        row = iter.next();

        // removed other assertion
        // removed other assertion
        // removed other assertion
        // removed other assertion

        assertFalse(iter.hasNext());
    }
",BeanListHandlerTest::testHandle_13_oe,org.apache.commons.dbutils.ResultSetIterator,hasNext(),"/**
     * Returns true if there are more rows in the ResultSet.
     * @return boolean <code>true</code> if there are more rows
     * @throws RuntimeException if an SQLException occurs.
     */","@Override
    public boolean hasNext() {
        try {
            return !rs.isLast();
        } catch (SQLException e) {
            rethrow(e);
            return false;
        }
    }","@Override
    public boolean hasNext() {
        try {
            return !rs.isLast();
        } catch (SQLException e) {
            rethrow(e);
            return false;
        }
    }","/**
     * Returns true if there are more rows in the ResultSet.
     * @return boolean <code>true</code> if there are more rows
     * @throws RuntimeException if an SQLException occurs.
     */"
dbut_109_1,"    public void testEmptyResultSetHandle_1_oe() throws SQLException {
        ResultSetHandler<List<TestBean>> h = new BeanListHandler<TestBean>(TestBean.class);
        List<TestBean> results = h.handle(this.emptyResultSet);

        assertNotNull(results);
    }
",BeanListHandlerTest::testEmptyResultSetHandle_1_oe,org.apache.commons.dbutils.BaseResultSetHandler,handle(ResultSet rs),"/**
     * {@inheritDoc}
     */","@Override
    public final T handle(ResultSet rs) throws SQLException {
        if (this.rs != null) {
            throw new IllegalStateException(""Re-entry not allowed!"");
        }

        this.rs = rs;

        try {
            return handle();
        } finally {
            this.rs = null;
        }
    }","@Override
    public List<T> handle(ResultSet rs) throws SQLException {
        return this.convert.toBeanList(rs, type);
    }","/**
     * Convert the whole <code>ResultSet</code> into a List of beans with
     * the <code>Class</code> given in the constructor.
     *
     * @param rs The <code>ResultSet</code> to handle.
     *
     * @return A List of beans, never <code>null</code>.
     *
     * @throws SQLException if a database access error occurs
     * @see org.apache.commons.dbutils.RowProcessor#toBeanList(ResultSet, Class)
     */"
dbut_109_2,"    public void testEmptyResultSetHandle_2_oe() throws SQLException {
        ResultSetHandler<List<TestBean>> h = new BeanListHandler<TestBean>(TestBean.class);
        List<TestBean> results = h.handle(this.emptyResultSet);

        // removed other assertion
        assertTrue(results.isEmpty());
    }
",BeanListHandlerTest::testEmptyResultSetHandle_2_oe,org.apache.commons.dbutils.BaseResultSetHandler,handle(ResultSet rs),"/**
     * {@inheritDoc}
     */","@Override
    public final T handle(ResultSet rs) throws SQLException {
        if (this.rs != null) {
            throw new IllegalStateException(""Re-entry not allowed!"");
        }

        this.rs = rs;

        try {
            return handle();
        } finally {
            this.rs = null;
        }
    }","@Override
    public List<T> handle(ResultSet rs) throws SQLException {
        return this.convert.toBeanList(rs, type);
    }","/**
     * Convert the whole <code>ResultSet</code> into a List of beans with
     * the <code>Class</code> given in the constructor.
     *
     * @param rs The <code>ResultSet</code> to handle.
     *
     * @return A List of beans, never <code>null</code>.
     *
     * @throws SQLException if a database access error occurs
     * @see org.apache.commons.dbutils.RowProcessor#toBeanList(ResultSet, Class)
     */"
dbut_110_1,"    public void testHandleToSuperClass_1_oe() throws SQLException {
        ResultSetHandler<List<TestBean>> h = new BeanListHandler<TestBean>(SubTestBean.class);
        List<TestBean> results = h.handle(this.rs);

        assertNotNull(results);
    }
",BeanListHandlerTest::testHandleToSuperClass_1_oe,org.apache.commons.dbutils.BaseResultSetHandler,handle(ResultSet rs),"/**
     * {@inheritDoc}
     */","@Override
    public final T handle(ResultSet rs) throws SQLException {
        if (this.rs != null) {
            throw new IllegalStateException(""Re-entry not allowed!"");
        }

        this.rs = rs;

        try {
            return handle();
        } finally {
            this.rs = null;
        }
    }","@Override
    public List<T> handle(ResultSet rs) throws SQLException {
        return this.convert.toBeanList(rs, type);
    }","/**
     * Convert the whole <code>ResultSet</code> into a List of beans with
     * the <code>Class</code> given in the constructor.
     *
     * @param rs The <code>ResultSet</code> to handle.
     *
     * @return A List of beans, never <code>null</code>.
     *
     * @throws SQLException if a database access error occurs
     * @see org.apache.commons.dbutils.RowProcessor#toBeanList(ResultSet, Class)
     */"
dbut_110_2,"    public void testHandleToSuperClass_2_oe() throws SQLException {
        ResultSetHandler<List<TestBean>> h = new BeanListHandler<TestBean>(SubTestBean.class);
        List<TestBean> results = h.handle(this.rs);

        // removed other assertion
        assertEquals(ROWS, results.size());
    }
",BeanListHandlerTest::testHandleToSuperClass_2_oe,org.apache.commons.dbutils.BaseResultSetHandler,handle(ResultSet rs),"/**
     * {@inheritDoc}
     */","@Override
    public final T handle(ResultSet rs) throws SQLException {
        if (this.rs != null) {
            throw new IllegalStateException(""Re-entry not allowed!"");
        }

        this.rs = rs;

        try {
            return handle();
        } finally {
            this.rs = null;
        }
    }","@Override
    public List<T> handle(ResultSet rs) throws SQLException {
        return this.convert.toBeanList(rs, type);
    }","/**
     * Convert the whole <code>ResultSet</code> into a List of beans with
     * the <code>Class</code> given in the constructor.
     *
     * @param rs The <code>ResultSet</code> to handle.
     *
     * @return A List of beans, never <code>null</code>.
     *
     * @throws SQLException if a database access error occurs
     * @see org.apache.commons.dbutils.RowProcessor#toBeanList(ResultSet, Class)
     */"
dbut_110_3,"    public void testHandleToSuperClass_3_oe() throws SQLException {
        ResultSetHandler<List<TestBean>> h = new BeanListHandler<TestBean>(SubTestBean.class);
        List<TestBean> results = h.handle(this.rs);

        // removed other assertion
        // removed other assertion

        Iterator<TestBean> iter = results.iterator();
        TestBean row = null;
        assertTrue(iter.hasNext());
    }
",BeanListHandlerTest::testHandleToSuperClass_3_oe,org.apache.commons.dbutils.ResultSetIterator,hasNext(),"/**
     * Returns true if there are more rows in the ResultSet.
     * @return boolean <code>true</code> if there are more rows
     * @throws RuntimeException if an SQLException occurs.
     */","@Override
    public boolean hasNext() {
        try {
            return !rs.isLast();
        } catch (SQLException e) {
            rethrow(e);
            return false;
        }
    }","@Override
    public boolean hasNext() {
        try {
            return !rs.isLast();
        } catch (SQLException e) {
            rethrow(e);
            return false;
        }
    }","/**
     * Returns true if there are more rows in the ResultSet.
     * @return boolean <code>true</code> if there are more rows
     * @throws RuntimeException if an SQLException occurs.
     */"
dbut_110_4,"    public void testHandleToSuperClass_4_oe() throws SQLException {
        ResultSetHandler<List<TestBean>> h = new BeanListHandler<TestBean>(SubTestBean.class);
        List<TestBean> results = h.handle(this.rs);

        // removed other assertion
        // removed other assertion

        Iterator<TestBean> iter = results.iterator();
        TestBean row = null;
        // removed other assertion
        row = iter.next();
        assertSame(SubTestBean.class, row.getClass());
    }
",BeanListHandlerTest::testHandleToSuperClass_4_oe,org.apache.commons.dbutils.ResultSetIterator,next(),"/**
     * Returns the next row as an <code>Object[]</code>.
     * @return An <code>Object[]</code> with the same number of elements as
     * columns in the <code>ResultSet</code>.
     * @see java.util.Iterator#next()
     * @throws RuntimeException if an SQLException occurs.
     */","@Override
    public Object[] next() {
        try {
            rs.next();
            return this.convert.toArray(rs);
        } catch (SQLException e) {
            rethrow(e);
            return null;
        }
    }","@Override
    public Object[] next() {
        try {
            rs.next();
            return this.convert.toArray(rs);
        } catch (SQLException e) {
            rethrow(e);
            return null;
        }
    }","/**
     * Returns the next row as an <code>Object[]</code>.
     * @return An <code>Object[]</code> with the same number of elements as
     * columns in the <code>ResultSet</code>.
     * @see java.util.Iterator#next()
     * @throws RuntimeException if an SQLException occurs.
     */"
dbut_110_5,"    public void testHandleToSuperClass_5_oe() throws SQLException {
        ResultSetHandler<List<TestBean>> h = new BeanListHandler<TestBean>(SubTestBean.class);
        List<TestBean> results = h.handle(this.rs);

        // removed other assertion
        // removed other assertion

        Iterator<TestBean> iter = results.iterator();
        TestBean row = null;
        // removed other assertion
        row = iter.next();
        // removed other assertion

        assertEquals(""1"", row.getOne());
    }
",BeanListHandlerTest::testHandleToSuperClass_5_oe,org.apache.commons.dbutils.ResultSetIterator,next(),"/**
     * Returns the next row as an <code>Object[]</code>.
     * @return An <code>Object[]</code> with the same number of elements as
     * columns in the <code>ResultSet</code>.
     * @see java.util.Iterator#next()
     * @throws RuntimeException if an SQLException occurs.
     */","@Override
    public Object[] next() {
        try {
            rs.next();
            return this.convert.toArray(rs);
        } catch (SQLException e) {
            rethrow(e);
            return null;
        }
    }","@Override
    public Object[] next() {
        try {
            rs.next();
            return this.convert.toArray(rs);
        } catch (SQLException e) {
            rethrow(e);
            return null;
        }
    }","/**
     * Returns the next row as an <code>Object[]</code>.
     * @return An <code>Object[]</code> with the same number of elements as
     * columns in the <code>ResultSet</code>.
     * @see java.util.Iterator#next()
     * @throws RuntimeException if an SQLException occurs.
     */"
dbut_110_6,"    public void testHandleToSuperClass_6_oe() throws SQLException {
        ResultSetHandler<List<TestBean>> h = new BeanListHandler<TestBean>(SubTestBean.class);
        List<TestBean> results = h.handle(this.rs);

        // removed other assertion
        // removed other assertion

        Iterator<TestBean> iter = results.iterator();
        TestBean row = null;
        // removed other assertion
        row = iter.next();
        // removed other assertion

        // removed other assertion
        assertEquals(""2"", row.getTwo());
    }
",BeanListHandlerTest::testHandleToSuperClass_6_oe,org.apache.commons.dbutils.ResultSetIterator,next(),"/**
     * Returns the next row as an <code>Object[]</code>.
     * @return An <code>Object[]</code> with the same number of elements as
     * columns in the <code>ResultSet</code>.
     * @see java.util.Iterator#next()
     * @throws RuntimeException if an SQLException occurs.
     */","@Override
    public Object[] next() {
        try {
            rs.next();
            return this.convert.toArray(rs);
        } catch (SQLException e) {
            rethrow(e);
            return null;
        }
    }","@Override
    public Object[] next() {
        try {
            rs.next();
            return this.convert.toArray(rs);
        } catch (SQLException e) {
            rethrow(e);
            return null;
        }
    }","/**
     * Returns the next row as an <code>Object[]</code>.
     * @return An <code>Object[]</code> with the same number of elements as
     * columns in the <code>ResultSet</code>.
     * @see java.util.Iterator#next()
     * @throws RuntimeException if an SQLException occurs.
     */"
dbut_110_7,"    public void testHandleToSuperClass_7_oe() throws SQLException {
        ResultSetHandler<List<TestBean>> h = new BeanListHandler<TestBean>(SubTestBean.class);
        List<TestBean> results = h.handle(this.rs);

        // removed other assertion
        // removed other assertion

        Iterator<TestBean> iter = results.iterator();
        TestBean row = null;
        // removed other assertion
        row = iter.next();
        // removed other assertion

        // removed other assertion
        // removed other assertion
        assertEquals(TestBean.Ordinal.THREE, row.getThree());
    }
",BeanListHandlerTest::testHandleToSuperClass_7_oe,org.apache.commons.dbutils.ResultSetIterator,next(),"/**
     * Returns the next row as an <code>Object[]</code>.
     * @return An <code>Object[]</code> with the same number of elements as
     * columns in the <code>ResultSet</code>.
     * @see java.util.Iterator#next()
     * @throws RuntimeException if an SQLException occurs.
     */","@Override
    public Object[] next() {
        try {
            rs.next();
            return this.convert.toArray(rs);
        } catch (SQLException e) {
            rethrow(e);
            return null;
        }
    }","@Override
    public Object[] next() {
        try {
            rs.next();
            return this.convert.toArray(rs);
        } catch (SQLException e) {
            rethrow(e);
            return null;
        }
    }","/**
     * Returns the next row as an <code>Object[]</code>.
     * @return An <code>Object[]</code> with the same number of elements as
     * columns in the <code>ResultSet</code>.
     * @see java.util.Iterator#next()
     * @throws RuntimeException if an SQLException occurs.
     */"
dbut_110_8,"    public void testHandleToSuperClass_8_oe() throws SQLException {
        ResultSetHandler<List<TestBean>> h = new BeanListHandler<TestBean>(SubTestBean.class);
        List<TestBean> results = h.handle(this.rs);

        // removed other assertion
        // removed other assertion

        Iterator<TestBean> iter = results.iterator();
        TestBean row = null;
        // removed other assertion
        row = iter.next();
        // removed other assertion

        // removed other assertion
        // removed other assertion
        // removed other assertion
        assertEquals(""not set"", row.getDoNotSet());
    }
",BeanListHandlerTest::testHandleToSuperClass_8_oe,org.apache.commons.dbutils.ResultSetIterator,next(),"/**
     * Returns the next row as an <code>Object[]</code>.
     * @return An <code>Object[]</code> with the same number of elements as
     * columns in the <code>ResultSet</code>.
     * @see java.util.Iterator#next()
     * @throws RuntimeException if an SQLException occurs.
     */","@Override
    public Object[] next() {
        try {
            rs.next();
            return this.convert.toArray(rs);
        } catch (SQLException e) {
            rethrow(e);
            return null;
        }
    }","@Override
    public Object[] next() {
        try {
            rs.next();
            return this.convert.toArray(rs);
        } catch (SQLException e) {
            rethrow(e);
            return null;
        }
    }","/**
     * Returns the next row as an <code>Object[]</code>.
     * @return An <code>Object[]</code> with the same number of elements as
     * columns in the <code>ResultSet</code>.
     * @see java.util.Iterator#next()
     * @throws RuntimeException if an SQLException occurs.
     */"
dbut_110_9,"    public void testHandleToSuperClass_9_oe() throws SQLException {
        ResultSetHandler<List<TestBean>> h = new BeanListHandler<TestBean>(SubTestBean.class);
        List<TestBean> results = h.handle(this.rs);

        // removed other assertion
        // removed other assertion

        Iterator<TestBean> iter = results.iterator();
        TestBean row = null;
        // removed other assertion
        row = iter.next();
        // removed other assertion

        // removed other assertion
        // removed other assertion
        // removed other assertion
        // removed other assertion

        assertTrue(iter.hasNext());
    }
",BeanListHandlerTest::testHandleToSuperClass_9_oe,org.apache.commons.dbutils.ResultSetIterator,hasNext(),"/**
     * Returns true if there are more rows in the ResultSet.
     * @return boolean <code>true</code> if there are more rows
     * @throws RuntimeException if an SQLException occurs.
     */","@Override
    public boolean hasNext() {
        try {
            return !rs.isLast();
        } catch (SQLException e) {
            rethrow(e);
            return false;
        }
    }","@Override
    public boolean hasNext() {
        try {
            return !rs.isLast();
        } catch (SQLException e) {
            rethrow(e);
            return false;
        }
    }","/**
     * Returns true if there are more rows in the ResultSet.
     * @return boolean <code>true</code> if there are more rows
     * @throws RuntimeException if an SQLException occurs.
     */"
dbut_110_10,"    public void testHandleToSuperClass_10_oe() throws SQLException {
        ResultSetHandler<List<TestBean>> h = new BeanListHandler<TestBean>(SubTestBean.class);
        List<TestBean> results = h.handle(this.rs);

        // removed other assertion
        // removed other assertion

        Iterator<TestBean> iter = results.iterator();
        TestBean row = null;
        // removed other assertion
        row = iter.next();
        // removed other assertion

        // removed other assertion
        // removed other assertion
        // removed other assertion
        // removed other assertion

        // removed other assertion
        row = iter.next();
        assertSame(SubTestBean.class, row.getClass());
    }
",BeanListHandlerTest::testHandleToSuperClass_10_oe,org.apache.commons.dbutils.ResultSetIterator,next(),"/**
     * Returns the next row as an <code>Object[]</code>.
     * @return An <code>Object[]</code> with the same number of elements as
     * columns in the <code>ResultSet</code>.
     * @see java.util.Iterator#next()
     * @throws RuntimeException if an SQLException occurs.
     */","@Override
    public Object[] next() {
        try {
            rs.next();
            return this.convert.toArray(rs);
        } catch (SQLException e) {
            rethrow(e);
            return null;
        }
    }","@Override
    public Object[] next() {
        try {
            rs.next();
            return this.convert.toArray(rs);
        } catch (SQLException e) {
            rethrow(e);
            return null;
        }
    }","/**
     * Returns the next row as an <code>Object[]</code>.
     * @return An <code>Object[]</code> with the same number of elements as
     * columns in the <code>ResultSet</code>.
     * @see java.util.Iterator#next()
     * @throws RuntimeException if an SQLException occurs.
     */"
dbut_110_11,"    public void testHandleToSuperClass_11_oe() throws SQLException {
        ResultSetHandler<List<TestBean>> h = new BeanListHandler<TestBean>(SubTestBean.class);
        List<TestBean> results = h.handle(this.rs);

        // removed other assertion
        // removed other assertion

        Iterator<TestBean> iter = results.iterator();
        TestBean row = null;
        // removed other assertion
        row = iter.next();
        // removed other assertion

        // removed other assertion
        // removed other assertion
        // removed other assertion
        // removed other assertion

        // removed other assertion
        row = iter.next();
        // removed other assertion

        assertEquals(""4"", row.getOne());
    }
",BeanListHandlerTest::testHandleToSuperClass_11_oe,org.apache.commons.dbutils.ResultSetIterator,next(),"/**
     * Returns the next row as an <code>Object[]</code>.
     * @return An <code>Object[]</code> with the same number of elements as
     * columns in the <code>ResultSet</code>.
     * @see java.util.Iterator#next()
     * @throws RuntimeException if an SQLException occurs.
     */","@Override
    public Object[] next() {
        try {
            rs.next();
            return this.convert.toArray(rs);
        } catch (SQLException e) {
            rethrow(e);
            return null;
        }
    }","@Override
    public Object[] next() {
        try {
            rs.next();
            return this.convert.toArray(rs);
        } catch (SQLException e) {
            rethrow(e);
            return null;
        }
    }","/**
     * Returns the next row as an <code>Object[]</code>.
     * @return An <code>Object[]</code> with the same number of elements as
     * columns in the <code>ResultSet</code>.
     * @see java.util.Iterator#next()
     * @throws RuntimeException if an SQLException occurs.
     */"
dbut_110_12,"    public void testHandleToSuperClass_12_oe() throws SQLException {
        ResultSetHandler<List<TestBean>> h = new BeanListHandler<TestBean>(SubTestBean.class);
        List<TestBean> results = h.handle(this.rs);

        // removed other assertion
        // removed other assertion

        Iterator<TestBean> iter = results.iterator();
        TestBean row = null;
        // removed other assertion
        row = iter.next();
        // removed other assertion

        // removed other assertion
        // removed other assertion
        // removed other assertion
        // removed other assertion

        // removed other assertion
        row = iter.next();
        // removed other assertion

        // removed other assertion
        assertEquals(""5"", row.getTwo());
    }
",BeanListHandlerTest::testHandleToSuperClass_12_oe,org.apache.commons.dbutils.ResultSetIterator,next(),"/**
     * Returns the next row as an <code>Object[]</code>.
     * @return An <code>Object[]</code> with the same number of elements as
     * columns in the <code>ResultSet</code>.
     * @see java.util.Iterator#next()
     * @throws RuntimeException if an SQLException occurs.
     */","@Override
    public Object[] next() {
        try {
            rs.next();
            return this.convert.toArray(rs);
        } catch (SQLException e) {
            rethrow(e);
            return null;
        }
    }","@Override
    public Object[] next() {
        try {
            rs.next();
            return this.convert.toArray(rs);
        } catch (SQLException e) {
            rethrow(e);
            return null;
        }
    }","/**
     * Returns the next row as an <code>Object[]</code>.
     * @return An <code>Object[]</code> with the same number of elements as
     * columns in the <code>ResultSet</code>.
     * @see java.util.Iterator#next()
     * @throws RuntimeException if an SQLException occurs.
     */"
dbut_110_13,"    public void testHandleToSuperClass_13_oe() throws SQLException {
        ResultSetHandler<List<TestBean>> h = new BeanListHandler<TestBean>(SubTestBean.class);
        List<TestBean> results = h.handle(this.rs);

        // removed other assertion
        // removed other assertion

        Iterator<TestBean> iter = results.iterator();
        TestBean row = null;
        // removed other assertion
        row = iter.next();
        // removed other assertion

        // removed other assertion
        // removed other assertion
        // removed other assertion
        // removed other assertion

        // removed other assertion
        row = iter.next();
        // removed other assertion

        // removed other assertion
        // removed other assertion
        assertEquals(TestBean.Ordinal.SIX, row.getThree());
    }
",BeanListHandlerTest::testHandleToSuperClass_13_oe,org.apache.commons.dbutils.ResultSetIterator,next(),"/**
     * Returns the next row as an <code>Object[]</code>.
     * @return An <code>Object[]</code> with the same number of elements as
     * columns in the <code>ResultSet</code>.
     * @see java.util.Iterator#next()
     * @throws RuntimeException if an SQLException occurs.
     */","@Override
    public Object[] next() {
        try {
            rs.next();
            return this.convert.toArray(rs);
        } catch (SQLException e) {
            rethrow(e);
            return null;
        }
    }","@Override
    public Object[] next() {
        try {
            rs.next();
            return this.convert.toArray(rs);
        } catch (SQLException e) {
            rethrow(e);
            return null;
        }
    }","/**
     * Returns the next row as an <code>Object[]</code>.
     * @return An <code>Object[]</code> with the same number of elements as
     * columns in the <code>ResultSet</code>.
     * @see java.util.Iterator#next()
     * @throws RuntimeException if an SQLException occurs.
     */"
dbut_110_14,"    public void testHandleToSuperClass_14_oe() throws SQLException {
        ResultSetHandler<List<TestBean>> h = new BeanListHandler<TestBean>(SubTestBean.class);
        List<TestBean> results = h.handle(this.rs);

        // removed other assertion
        // removed other assertion

        Iterator<TestBean> iter = results.iterator();
        TestBean row = null;
        // removed other assertion
        row = iter.next();
        // removed other assertion

        // removed other assertion
        // removed other assertion
        // removed other assertion
        // removed other assertion

        // removed other assertion
        row = iter.next();
        // removed other assertion

        // removed other assertion
        // removed other assertion
        // removed other assertion
        assertEquals(""not set"", row.getDoNotSet());
    }
",BeanListHandlerTest::testHandleToSuperClass_14_oe,org.apache.commons.dbutils.ResultSetIterator,next(),"/**
     * Returns the next row as an <code>Object[]</code>.
     * @return An <code>Object[]</code> with the same number of elements as
     * columns in the <code>ResultSet</code>.
     * @see java.util.Iterator#next()
     * @throws RuntimeException if an SQLException occurs.
     */","@Override
    public Object[] next() {
        try {
            rs.next();
            return this.convert.toArray(rs);
        } catch (SQLException e) {
            rethrow(e);
            return null;
        }
    }","@Override
    public Object[] next() {
        try {
            rs.next();
            return this.convert.toArray(rs);
        } catch (SQLException e) {
            rethrow(e);
            return null;
        }
    }","/**
     * Returns the next row as an <code>Object[]</code>.
     * @return An <code>Object[]</code> with the same number of elements as
     * columns in the <code>ResultSet</code>.
     * @see java.util.Iterator#next()
     * @throws RuntimeException if an SQLException occurs.
     */"
dbut_110_15,"    public void testHandleToSuperClass_15_oe() throws SQLException {
        ResultSetHandler<List<TestBean>> h = new BeanListHandler<TestBean>(SubTestBean.class);
        List<TestBean> results = h.handle(this.rs);

        // removed other assertion
        // removed other assertion

        Iterator<TestBean> iter = results.iterator();
        TestBean row = null;
        // removed other assertion
        row = iter.next();
        // removed other assertion

        // removed other assertion
        // removed other assertion
        // removed other assertion
        // removed other assertion

        // removed other assertion
        row = iter.next();
        // removed other assertion

        // removed other assertion
        // removed other assertion
        // removed other assertion
        // removed other assertion

        assertFalse(iter.hasNext());
    }
",BeanListHandlerTest::testHandleToSuperClass_15_oe,org.apache.commons.dbutils.ResultSetIterator,hasNext(),"/**
     * Returns true if there are more rows in the ResultSet.
     * @return boolean <code>true</code> if there are more rows
     * @throws RuntimeException if an SQLException occurs.
     */","@Override
    public boolean hasNext() {
        try {
            return !rs.isLast();
        } catch (SQLException e) {
            rethrow(e);
            return false;
        }
    }","@Override
    public boolean hasNext() {
        try {
            return !rs.isLast();
        } catch (SQLException e) {
            rethrow(e);
            return false;
        }
    }","/**
     * Returns true if there are more rows in the ResultSet.
     * @return boolean <code>true</code> if there are more rows
     * @throws RuntimeException if an SQLException occurs.
     */"
dbut_111_1,"    public void testHandleToInterface_1_oe() throws SQLException {
        ResultSetHandler<List<SubTestBeanInterface>> h = new BeanListHandler<SubTestBeanInterface>(SubTestBean.class);
        List<SubTestBeanInterface> results = h.handle(this.rs);

        assertNotNull(results);
    }
",BeanListHandlerTest::testHandleToInterface_1_oe,org.apache.commons.dbutils.BaseResultSetHandler,handle(ResultSet rs),"/**
     * {@inheritDoc}
     */","@Override
    public final T handle(ResultSet rs) throws SQLException {
        if (this.rs != null) {
            throw new IllegalStateException(""Re-entry not allowed!"");
        }

        this.rs = rs;

        try {
            return handle();
        } finally {
            this.rs = null;
        }
    }","@Override
    public List<T> handle(ResultSet rs) throws SQLException {
        return this.convert.toBeanList(rs, type);
    }","/**
     * Convert the whole <code>ResultSet</code> into a List of beans with
     * the <code>Class</code> given in the constructor.
     *
     * @param rs The <code>ResultSet</code> to handle.
     *
     * @return A List of beans, never <code>null</code>.
     *
     * @throws SQLException if a database access error occurs
     * @see org.apache.commons.dbutils.RowProcessor#toBeanList(ResultSet, Class)
     */"
dbut_111_2,"    public void testHandleToInterface_2_oe() throws SQLException {
        ResultSetHandler<List<SubTestBeanInterface>> h = new BeanListHandler<SubTestBeanInterface>(SubTestBean.class);
        List<SubTestBeanInterface> results = h.handle(this.rs);

        // removed other assertion
        assertEquals(ROWS, results.size());
    }
",BeanListHandlerTest::testHandleToInterface_2_oe,org.apache.commons.dbutils.BaseResultSetHandler,handle(ResultSet rs),"/**
     * {@inheritDoc}
     */","@Override
    public final T handle(ResultSet rs) throws SQLException {
        if (this.rs != null) {
            throw new IllegalStateException(""Re-entry not allowed!"");
        }

        this.rs = rs;

        try {
            return handle();
        } finally {
            this.rs = null;
        }
    }","@Override
    public List<T> handle(ResultSet rs) throws SQLException {
        return this.convert.toBeanList(rs, type);
    }","/**
     * Convert the whole <code>ResultSet</code> into a List of beans with
     * the <code>Class</code> given in the constructor.
     *
     * @param rs The <code>ResultSet</code> to handle.
     *
     * @return A List of beans, never <code>null</code>.
     *
     * @throws SQLException if a database access error occurs
     * @see org.apache.commons.dbutils.RowProcessor#toBeanList(ResultSet, Class)
     */"
dbut_111_3,"    public void testHandleToInterface_3_oe() throws SQLException {
        ResultSetHandler<List<SubTestBeanInterface>> h = new BeanListHandler<SubTestBeanInterface>(SubTestBean.class);
        List<SubTestBeanInterface> results = h.handle(this.rs);

        // removed other assertion
        // removed other assertion

        Iterator<SubTestBeanInterface> iter = results.iterator();
        SubTestBeanInterface row = null;
        assertTrue(iter.hasNext());
    }
",BeanListHandlerTest::testHandleToInterface_3_oe,org.apache.commons.dbutils.ResultSetIterator,hasNext(),"/**
     * Returns true if there are more rows in the ResultSet.
     * @return boolean <code>true</code> if there are more rows
     * @throws RuntimeException if an SQLException occurs.
     */","@Override
    public boolean hasNext() {
        try {
            return !rs.isLast();
        } catch (SQLException e) {
            rethrow(e);
            return false;
        }
    }","@Override
    public boolean hasNext() {
        try {
            return !rs.isLast();
        } catch (SQLException e) {
            rethrow(e);
            return false;
        }
    }","/**
     * Returns true if there are more rows in the ResultSet.
     * @return boolean <code>true</code> if there are more rows
     * @throws RuntimeException if an SQLException occurs.
     */"
dbut_111_4,"    public void testHandleToInterface_4_oe() throws SQLException {
        ResultSetHandler<List<SubTestBeanInterface>> h = new BeanListHandler<SubTestBeanInterface>(SubTestBean.class);
        List<SubTestBeanInterface> results = h.handle(this.rs);

        // removed other assertion
        // removed other assertion

        Iterator<SubTestBeanInterface> iter = results.iterator();
        SubTestBeanInterface row = null;
        // removed other assertion
        row = iter.next();
        assertSame(SubTestBean.class, row.getClass());
    }
",BeanListHandlerTest::testHandleToInterface_4_oe,org.apache.commons.dbutils.ResultSetIterator,next(),"/**
     * Returns the next row as an <code>Object[]</code>.
     * @return An <code>Object[]</code> with the same number of elements as
     * columns in the <code>ResultSet</code>.
     * @see java.util.Iterator#next()
     * @throws RuntimeException if an SQLException occurs.
     */","@Override
    public Object[] next() {
        try {
            rs.next();
            return this.convert.toArray(rs);
        } catch (SQLException e) {
            rethrow(e);
            return null;
        }
    }","@Override
    public Object[] next() {
        try {
            rs.next();
            return this.convert.toArray(rs);
        } catch (SQLException e) {
            rethrow(e);
            return null;
        }
    }","/**
     * Returns the next row as an <code>Object[]</code>.
     * @return An <code>Object[]</code> with the same number of elements as
     * columns in the <code>ResultSet</code>.
     * @see java.util.Iterator#next()
     * @throws RuntimeException if an SQLException occurs.
     */"
dbut_111_5,"    public void testHandleToInterface_5_oe() throws SQLException {
        ResultSetHandler<List<SubTestBeanInterface>> h = new BeanListHandler<SubTestBeanInterface>(SubTestBean.class);
        List<SubTestBeanInterface> results = h.handle(this.rs);

        // removed other assertion
        // removed other assertion

        Iterator<SubTestBeanInterface> iter = results.iterator();
        SubTestBeanInterface row = null;
        // removed other assertion
        row = iter.next();
        // removed other assertion

        assertEquals(""1"", row.getOne());
    }
",BeanListHandlerTest::testHandleToInterface_5_oe,org.apache.commons.dbutils.ResultSetIterator,next(),"/**
     * Returns the next row as an <code>Object[]</code>.
     * @return An <code>Object[]</code> with the same number of elements as
     * columns in the <code>ResultSet</code>.
     * @see java.util.Iterator#next()
     * @throws RuntimeException if an SQLException occurs.
     */","@Override
    public Object[] next() {
        try {
            rs.next();
            return this.convert.toArray(rs);
        } catch (SQLException e) {
            rethrow(e);
            return null;
        }
    }","@Override
    public Object[] next() {
        try {
            rs.next();
            return this.convert.toArray(rs);
        } catch (SQLException e) {
            rethrow(e);
            return null;
        }
    }","/**
     * Returns the next row as an <code>Object[]</code>.
     * @return An <code>Object[]</code> with the same number of elements as
     * columns in the <code>ResultSet</code>.
     * @see java.util.Iterator#next()
     * @throws RuntimeException if an SQLException occurs.
     */"
dbut_111_6,"    public void testHandleToInterface_6_oe() throws SQLException {
        ResultSetHandler<List<SubTestBeanInterface>> h = new BeanListHandler<SubTestBeanInterface>(SubTestBean.class);
        List<SubTestBeanInterface> results = h.handle(this.rs);

        // removed other assertion
        // removed other assertion

        Iterator<SubTestBeanInterface> iter = results.iterator();
        SubTestBeanInterface row = null;
        // removed other assertion
        row = iter.next();
        // removed other assertion

        // removed other assertion
        assertEquals(""2"", row.getTwo());
    }
",BeanListHandlerTest::testHandleToInterface_6_oe,org.apache.commons.dbutils.ResultSetIterator,next(),"/**
     * Returns the next row as an <code>Object[]</code>.
     * @return An <code>Object[]</code> with the same number of elements as
     * columns in the <code>ResultSet</code>.
     * @see java.util.Iterator#next()
     * @throws RuntimeException if an SQLException occurs.
     */","@Override
    public Object[] next() {
        try {
            rs.next();
            return this.convert.toArray(rs);
        } catch (SQLException e) {
            rethrow(e);
            return null;
        }
    }","@Override
    public Object[] next() {
        try {
            rs.next();
            return this.convert.toArray(rs);
        } catch (SQLException e) {
            rethrow(e);
            return null;
        }
    }","/**
     * Returns the next row as an <code>Object[]</code>.
     * @return An <code>Object[]</code> with the same number of elements as
     * columns in the <code>ResultSet</code>.
     * @see java.util.Iterator#next()
     * @throws RuntimeException if an SQLException occurs.
     */"
dbut_111_7,"    public void testHandleToInterface_7_oe() throws SQLException {
        ResultSetHandler<List<SubTestBeanInterface>> h = new BeanListHandler<SubTestBeanInterface>(SubTestBean.class);
        List<SubTestBeanInterface> results = h.handle(this.rs);

        // removed other assertion
        // removed other assertion

        Iterator<SubTestBeanInterface> iter = results.iterator();
        SubTestBeanInterface row = null;
        // removed other assertion
        row = iter.next();
        // removed other assertion

        // removed other assertion
        // removed other assertion
        assertEquals(TestBean.Ordinal.THREE, row.getThree());
    }
",BeanListHandlerTest::testHandleToInterface_7_oe,org.apache.commons.dbutils.ResultSetIterator,next(),"/**
     * Returns the next row as an <code>Object[]</code>.
     * @return An <code>Object[]</code> with the same number of elements as
     * columns in the <code>ResultSet</code>.
     * @see java.util.Iterator#next()
     * @throws RuntimeException if an SQLException occurs.
     */","@Override
    public Object[] next() {
        try {
            rs.next();
            return this.convert.toArray(rs);
        } catch (SQLException e) {
            rethrow(e);
            return null;
        }
    }","@Override
    public Object[] next() {
        try {
            rs.next();
            return this.convert.toArray(rs);
        } catch (SQLException e) {
            rethrow(e);
            return null;
        }
    }","/**
     * Returns the next row as an <code>Object[]</code>.
     * @return An <code>Object[]</code> with the same number of elements as
     * columns in the <code>ResultSet</code>.
     * @see java.util.Iterator#next()
     * @throws RuntimeException if an SQLException occurs.
     */"
dbut_111_8,"    public void testHandleToInterface_8_oe() throws SQLException {
        ResultSetHandler<List<SubTestBeanInterface>> h = new BeanListHandler<SubTestBeanInterface>(SubTestBean.class);
        List<SubTestBeanInterface> results = h.handle(this.rs);

        // removed other assertion
        // removed other assertion

        Iterator<SubTestBeanInterface> iter = results.iterator();
        SubTestBeanInterface row = null;
        // removed other assertion
        row = iter.next();
        // removed other assertion

        // removed other assertion
        // removed other assertion
        // removed other assertion
        assertEquals(""not set"", row.getDoNotSet());
    }
",BeanListHandlerTest::testHandleToInterface_8_oe,org.apache.commons.dbutils.ResultSetIterator,next(),"/**
     * Returns the next row as an <code>Object[]</code>.
     * @return An <code>Object[]</code> with the same number of elements as
     * columns in the <code>ResultSet</code>.
     * @see java.util.Iterator#next()
     * @throws RuntimeException if an SQLException occurs.
     */","@Override
    public Object[] next() {
        try {
            rs.next();
            return this.convert.toArray(rs);
        } catch (SQLException e) {
            rethrow(e);
            return null;
        }
    }","@Override
    public Object[] next() {
        try {
            rs.next();
            return this.convert.toArray(rs);
        } catch (SQLException e) {
            rethrow(e);
            return null;
        }
    }","/**
     * Returns the next row as an <code>Object[]</code>.
     * @return An <code>Object[]</code> with the same number of elements as
     * columns in the <code>ResultSet</code>.
     * @see java.util.Iterator#next()
     * @throws RuntimeException if an SQLException occurs.
     */"
dbut_111_9,"    public void testHandleToInterface_9_oe() throws SQLException {
        ResultSetHandler<List<SubTestBeanInterface>> h = new BeanListHandler<SubTestBeanInterface>(SubTestBean.class);
        List<SubTestBeanInterface> results = h.handle(this.rs);

        // removed other assertion
        // removed other assertion

        Iterator<SubTestBeanInterface> iter = results.iterator();
        SubTestBeanInterface row = null;
        // removed other assertion
        row = iter.next();
        // removed other assertion

        // removed other assertion
        // removed other assertion
        // removed other assertion
        // removed other assertion

        assertTrue(iter.hasNext());
    }
",BeanListHandlerTest::testHandleToInterface_9_oe,org.apache.commons.dbutils.ResultSetIterator,hasNext(),"/**
     * Returns true if there are more rows in the ResultSet.
     * @return boolean <code>true</code> if there are more rows
     * @throws RuntimeException if an SQLException occurs.
     */","@Override
    public boolean hasNext() {
        try {
            return !rs.isLast();
        } catch (SQLException e) {
            rethrow(e);
            return false;
        }
    }","@Override
    public boolean hasNext() {
        try {
            return !rs.isLast();
        } catch (SQLException e) {
            rethrow(e);
            return false;
        }
    }","/**
     * Returns true if there are more rows in the ResultSet.
     * @return boolean <code>true</code> if there are more rows
     * @throws RuntimeException if an SQLException occurs.
     */"
dbut_111_10,"    public void testHandleToInterface_10_oe() throws SQLException {
        ResultSetHandler<List<SubTestBeanInterface>> h = new BeanListHandler<SubTestBeanInterface>(SubTestBean.class);
        List<SubTestBeanInterface> results = h.handle(this.rs);

        // removed other assertion
        // removed other assertion

        Iterator<SubTestBeanInterface> iter = results.iterator();
        SubTestBeanInterface row = null;
        // removed other assertion
        row = iter.next();
        // removed other assertion

        // removed other assertion
        // removed other assertion
        // removed other assertion
        // removed other assertion

        // removed other assertion
        row = iter.next();
        assertSame(SubTestBean.class, row.getClass());
    }
",BeanListHandlerTest::testHandleToInterface_10_oe,org.apache.commons.dbutils.ResultSetIterator,next(),"/**
     * Returns the next row as an <code>Object[]</code>.
     * @return An <code>Object[]</code> with the same number of elements as
     * columns in the <code>ResultSet</code>.
     * @see java.util.Iterator#next()
     * @throws RuntimeException if an SQLException occurs.
     */","@Override
    public Object[] next() {
        try {
            rs.next();
            return this.convert.toArray(rs);
        } catch (SQLException e) {
            rethrow(e);
            return null;
        }
    }","@Override
    public Object[] next() {
        try {
            rs.next();
            return this.convert.toArray(rs);
        } catch (SQLException e) {
            rethrow(e);
            return null;
        }
    }","/**
     * Returns the next row as an <code>Object[]</code>.
     * @return An <code>Object[]</code> with the same number of elements as
     * columns in the <code>ResultSet</code>.
     * @see java.util.Iterator#next()
     * @throws RuntimeException if an SQLException occurs.
     */"
dbut_111_11,"    public void testHandleToInterface_11_oe() throws SQLException {
        ResultSetHandler<List<SubTestBeanInterface>> h = new BeanListHandler<SubTestBeanInterface>(SubTestBean.class);
        List<SubTestBeanInterface> results = h.handle(this.rs);

        // removed other assertion
        // removed other assertion

        Iterator<SubTestBeanInterface> iter = results.iterator();
        SubTestBeanInterface row = null;
        // removed other assertion
        row = iter.next();
        // removed other assertion

        // removed other assertion
        // removed other assertion
        // removed other assertion
        // removed other assertion

        // removed other assertion
        row = iter.next();
        // removed other assertion

        assertEquals(""4"", row.getOne());
    }
",BeanListHandlerTest::testHandleToInterface_11_oe,org.apache.commons.dbutils.ResultSetIterator,next(),"/**
     * Returns the next row as an <code>Object[]</code>.
     * @return An <code>Object[]</code> with the same number of elements as
     * columns in the <code>ResultSet</code>.
     * @see java.util.Iterator#next()
     * @throws RuntimeException if an SQLException occurs.
     */","@Override
    public Object[] next() {
        try {
            rs.next();
            return this.convert.toArray(rs);
        } catch (SQLException e) {
            rethrow(e);
            return null;
        }
    }","@Override
    public Object[] next() {
        try {
            rs.next();
            return this.convert.toArray(rs);
        } catch (SQLException e) {
            rethrow(e);
            return null;
        }
    }","/**
     * Returns the next row as an <code>Object[]</code>.
     * @return An <code>Object[]</code> with the same number of elements as
     * columns in the <code>ResultSet</code>.
     * @see java.util.Iterator#next()
     * @throws RuntimeException if an SQLException occurs.
     */"
dbut_111_12,"    public void testHandleToInterface_12_oe() throws SQLException {
        ResultSetHandler<List<SubTestBeanInterface>> h = new BeanListHandler<SubTestBeanInterface>(SubTestBean.class);
        List<SubTestBeanInterface> results = h.handle(this.rs);

        // removed other assertion
        // removed other assertion

        Iterator<SubTestBeanInterface> iter = results.iterator();
        SubTestBeanInterface row = null;
        // removed other assertion
        row = iter.next();
        // removed other assertion

        // removed other assertion
        // removed other assertion
        // removed other assertion
        // removed other assertion

        // removed other assertion
        row = iter.next();
        // removed other assertion

        // removed other assertion
        assertEquals(""5"", row.getTwo());
    }
",BeanListHandlerTest::testHandleToInterface_12_oe,org.apache.commons.dbutils.ResultSetIterator,next(),"/**
     * Returns the next row as an <code>Object[]</code>.
     * @return An <code>Object[]</code> with the same number of elements as
     * columns in the <code>ResultSet</code>.
     * @see java.util.Iterator#next()
     * @throws RuntimeException if an SQLException occurs.
     */","@Override
    public Object[] next() {
        try {
            rs.next();
            return this.convert.toArray(rs);
        } catch (SQLException e) {
            rethrow(e);
            return null;
        }
    }","@Override
    public Object[] next() {
        try {
            rs.next();
            return this.convert.toArray(rs);
        } catch (SQLException e) {
            rethrow(e);
            return null;
        }
    }","/**
     * Returns the next row as an <code>Object[]</code>.
     * @return An <code>Object[]</code> with the same number of elements as
     * columns in the <code>ResultSet</code>.
     * @see java.util.Iterator#next()
     * @throws RuntimeException if an SQLException occurs.
     */"
dbut_111_13,"    public void testHandleToInterface_13_oe() throws SQLException {
        ResultSetHandler<List<SubTestBeanInterface>> h = new BeanListHandler<SubTestBeanInterface>(SubTestBean.class);
        List<SubTestBeanInterface> results = h.handle(this.rs);

        // removed other assertion
        // removed other assertion

        Iterator<SubTestBeanInterface> iter = results.iterator();
        SubTestBeanInterface row = null;
        // removed other assertion
        row = iter.next();
        // removed other assertion

        // removed other assertion
        // removed other assertion
        // removed other assertion
        // removed other assertion

        // removed other assertion
        row = iter.next();
        // removed other assertion

        // removed other assertion
        // removed other assertion
        assertEquals(TestBean.Ordinal.SIX, row.getThree());
    }
",BeanListHandlerTest::testHandleToInterface_13_oe,org.apache.commons.dbutils.ResultSetIterator,next(),"/**
     * Returns the next row as an <code>Object[]</code>.
     * @return An <code>Object[]</code> with the same number of elements as
     * columns in the <code>ResultSet</code>.
     * @see java.util.Iterator#next()
     * @throws RuntimeException if an SQLException occurs.
     */","@Override
    public Object[] next() {
        try {
            rs.next();
            return this.convert.toArray(rs);
        } catch (SQLException e) {
            rethrow(e);
            return null;
        }
    }","@Override
    public Object[] next() {
        try {
            rs.next();
            return this.convert.toArray(rs);
        } catch (SQLException e) {
            rethrow(e);
            return null;
        }
    }","/**
     * Returns the next row as an <code>Object[]</code>.
     * @return An <code>Object[]</code> with the same number of elements as
     * columns in the <code>ResultSet</code>.
     * @see java.util.Iterator#next()
     * @throws RuntimeException if an SQLException occurs.
     */"
dbut_111_14,"    public void testHandleToInterface_14_oe() throws SQLException {
        ResultSetHandler<List<SubTestBeanInterface>> h = new BeanListHandler<SubTestBeanInterface>(SubTestBean.class);
        List<SubTestBeanInterface> results = h.handle(this.rs);

        // removed other assertion
        // removed other assertion

        Iterator<SubTestBeanInterface> iter = results.iterator();
        SubTestBeanInterface row = null;
        // removed other assertion
        row = iter.next();
        // removed other assertion

        // removed other assertion
        // removed other assertion
        // removed other assertion
        // removed other assertion

        // removed other assertion
        row = iter.next();
        // removed other assertion

        // removed other assertion
        // removed other assertion
        // removed other assertion
        assertEquals(""not set"", row.getDoNotSet());
    }
",BeanListHandlerTest::testHandleToInterface_14_oe,org.apache.commons.dbutils.ResultSetIterator,next(),"/**
     * Returns the next row as an <code>Object[]</code>.
     * @return An <code>Object[]</code> with the same number of elements as
     * columns in the <code>ResultSet</code>.
     * @see java.util.Iterator#next()
     * @throws RuntimeException if an SQLException occurs.
     */","@Override
    public Object[] next() {
        try {
            rs.next();
            return this.convert.toArray(rs);
        } catch (SQLException e) {
            rethrow(e);
            return null;
        }
    }","@Override
    public Object[] next() {
        try {
            rs.next();
            return this.convert.toArray(rs);
        } catch (SQLException e) {
            rethrow(e);
            return null;
        }
    }","/**
     * Returns the next row as an <code>Object[]</code>.
     * @return An <code>Object[]</code> with the same number of elements as
     * columns in the <code>ResultSet</code>.
     * @see java.util.Iterator#next()
     * @throws RuntimeException if an SQLException occurs.
     */"
dbut_111_15,"    public void testHandleToInterface_15_oe() throws SQLException {
        ResultSetHandler<List<SubTestBeanInterface>> h = new BeanListHandler<SubTestBeanInterface>(SubTestBean.class);
        List<SubTestBeanInterface> results = h.handle(this.rs);

        // removed other assertion
        // removed other assertion

        Iterator<SubTestBeanInterface> iter = results.iterator();
        SubTestBeanInterface row = null;
        // removed other assertion
        row = iter.next();
        // removed other assertion

        // removed other assertion
        // removed other assertion
        // removed other assertion
        // removed other assertion

        // removed other assertion
        row = iter.next();
        // removed other assertion

        // removed other assertion
        // removed other assertion
        // removed other assertion
        // removed other assertion

        assertFalse(iter.hasNext());
    }
",BeanListHandlerTest::testHandleToInterface_15_oe,org.apache.commons.dbutils.ResultSetIterator,hasNext(),"/**
     * Returns true if there are more rows in the ResultSet.
     * @return boolean <code>true</code> if there are more rows
     * @throws RuntimeException if an SQLException occurs.
     */","@Override
    public boolean hasNext() {
        try {
            return !rs.isLast();
        } catch (SQLException e) {
            rethrow(e);
            return false;
        }
    }","@Override
    public boolean hasNext() {
        try {
            return !rs.isLast();
        } catch (SQLException e) {
            rethrow(e);
            return false;
        }
    }","/**
     * Returns true if there are more rows in the ResultSet.
     * @return boolean <code>true</code> if there are more rows
     * @throws RuntimeException if an SQLException occurs.
     */"
dbut_112_1,"    public void testHandle_1_oe() throws SQLException {
        ResultSetHandler<Object[]> h = new ArrayHandler();
        Object[] results = h.handle(this.rs);

        assertNotNull(results);
    }
",ArrayHandlerTest::testHandle_1_oe,org.apache.commons.dbutils.BaseResultSetHandler,handle(ResultSet rs),"/**
     * {@inheritDoc}
     */","@Override
    public final T handle(ResultSet rs) throws SQLException {
        if (this.rs != null) {
            throw new IllegalStateException(""Re-entry not allowed!"");
        }

        this.rs = rs;

        try {
            return handle();
        } finally {
            this.rs = null;
        }
    }","@Override
    public Object[] handle(ResultSet rs) throws SQLException {
        return rs.next() ? this.convert.toArray(rs) : EMPTY_ARRAY;
    }","/**
     * Places the column values from the first row in an <code>Object[]</code>.
     * @param rs <code>ResultSet</code> to process.
     * @return An Object[]. If there are no rows in the <code>ResultSet</code>
     * an empty array will be returned.
     *
     * @throws SQLException if a database access error occurs
     * @see org.apache.commons.dbutils.ResultSetHandler#handle(java.sql.ResultSet)
     */"
dbut_112_2,"    public void testHandle_2_oe() throws SQLException {
        ResultSetHandler<Object[]> h = new ArrayHandler();
        Object[] results = h.handle(this.rs);

        // removed other assertion
        assertEquals(COLS, results.length);
    }
",ArrayHandlerTest::testHandle_2_oe,org.apache.commons.dbutils.BaseResultSetHandler,handle(ResultSet rs),"/**
     * {@inheritDoc}
     */","@Override
    public final T handle(ResultSet rs) throws SQLException {
        if (this.rs != null) {
            throw new IllegalStateException(""Re-entry not allowed!"");
        }

        this.rs = rs;

        try {
            return handle();
        } finally {
            this.rs = null;
        }
    }","@Override
    public Object[] handle(ResultSet rs) throws SQLException {
        return rs.next() ? this.convert.toArray(rs) : EMPTY_ARRAY;
    }","/**
     * Places the column values from the first row in an <code>Object[]</code>.
     * @param rs <code>ResultSet</code> to process.
     * @return An Object[]. If there are no rows in the <code>ResultSet</code>
     * an empty array will be returned.
     *
     * @throws SQLException if a database access error occurs
     * @see org.apache.commons.dbutils.ResultSetHandler#handle(java.sql.ResultSet)
     */"
dbut_112_3,"    public void testHandle_3_oe() throws SQLException {
        ResultSetHandler<Object[]> h = new ArrayHandler();
        Object[] results = h.handle(this.rs);

        // removed other assertion
        // removed other assertion
        assertEquals(""1"", results[0]);
    }
",ArrayHandlerTest::testHandle_3_oe,org.apache.commons.dbutils.BaseResultSetHandler,handle(ResultSet rs),"/**
     * {@inheritDoc}
     */","@Override
    public final T handle(ResultSet rs) throws SQLException {
        if (this.rs != null) {
            throw new IllegalStateException(""Re-entry not allowed!"");
        }

        this.rs = rs;

        try {
            return handle();
        } finally {
            this.rs = null;
        }
    }","@Override
    public Object[] handle(ResultSet rs) throws SQLException {
        return rs.next() ? this.convert.toArray(rs) : EMPTY_ARRAY;
    }","/**
     * Places the column values from the first row in an <code>Object[]</code>.
     * @param rs <code>ResultSet</code> to process.
     * @return An Object[]. If there are no rows in the <code>ResultSet</code>
     * an empty array will be returned.
     *
     * @throws SQLException if a database access error occurs
     * @see org.apache.commons.dbutils.ResultSetHandler#handle(java.sql.ResultSet)
     */"
dbut_112_4,"    public void testHandle_4_oe() throws SQLException {
        ResultSetHandler<Object[]> h = new ArrayHandler();
        Object[] results = h.handle(this.rs);

        // removed other assertion
        // removed other assertion
        // removed other assertion
        assertEquals(""2"", results[1]);
    }
",ArrayHandlerTest::testHandle_4_oe,org.apache.commons.dbutils.BaseResultSetHandler,handle(ResultSet rs),"/**
     * {@inheritDoc}
     */","@Override
    public final T handle(ResultSet rs) throws SQLException {
        if (this.rs != null) {
            throw new IllegalStateException(""Re-entry not allowed!"");
        }

        this.rs = rs;

        try {
            return handle();
        } finally {
            this.rs = null;
        }
    }","@Override
    public Object[] handle(ResultSet rs) throws SQLException {
        return rs.next() ? this.convert.toArray(rs) : EMPTY_ARRAY;
    }","/**
     * Places the column values from the first row in an <code>Object[]</code>.
     * @param rs <code>ResultSet</code> to process.
     * @return An Object[]. If there are no rows in the <code>ResultSet</code>
     * an empty array will be returned.
     *
     * @throws SQLException if a database access error occurs
     * @see org.apache.commons.dbutils.ResultSetHandler#handle(java.sql.ResultSet)
     */"
dbut_112_5,"    public void testHandle_5_oe() throws SQLException {
        ResultSetHandler<Object[]> h = new ArrayHandler();
        Object[] results = h.handle(this.rs);

        // removed other assertion
        // removed other assertion
        // removed other assertion
        // removed other assertion
        assertEquals(""THREE"", results[2]);
    }
",ArrayHandlerTest::testHandle_5_oe,org.apache.commons.dbutils.BaseResultSetHandler,handle(ResultSet rs),"/**
     * {@inheritDoc}
     */","@Override
    public final T handle(ResultSet rs) throws SQLException {
        if (this.rs != null) {
            throw new IllegalStateException(""Re-entry not allowed!"");
        }

        this.rs = rs;

        try {
            return handle();
        } finally {
            this.rs = null;
        }
    }","@Override
    public Object[] handle(ResultSet rs) throws SQLException {
        return rs.next() ? this.convert.toArray(rs) : EMPTY_ARRAY;
    }","/**
     * Places the column values from the first row in an <code>Object[]</code>.
     * @param rs <code>ResultSet</code> to process.
     * @return An Object[]. If there are no rows in the <code>ResultSet</code>
     * an empty array will be returned.
     *
     * @throws SQLException if a database access error occurs
     * @see org.apache.commons.dbutils.ResultSetHandler#handle(java.sql.ResultSet)
     */"
dbut_113_1,"    public void testEmptyResultSetHandle_1_oe() throws SQLException {
        ResultSetHandler<Object[]> h = new ArrayHandler();
        Object[] results = h.handle(this.emptyResultSet);

        assertThat(results, is(emptyArray()));
    }
",ArrayHandlerTest::testEmptyResultSetHandle_1_oe,org.apache.commons.dbutils.BaseResultSetHandler,handle(ResultSet rs),"/**
     * {@inheritDoc}
     */","@Override
    public final T handle(ResultSet rs) throws SQLException {
        if (this.rs != null) {
            throw new IllegalStateException(""Re-entry not allowed!"");
        }

        this.rs = rs;

        try {
            return handle();
        } finally {
            this.rs = null;
        }
    }","@Override
    public Object[] handle(ResultSet rs) throws SQLException {
        return rs.next() ? this.convert.toArray(rs) : EMPTY_ARRAY;
    }","/**
     * Places the column values from the first row in an <code>Object[]</code>.
     * @param rs <code>ResultSet</code> to process.
     * @return An Object[]. If there are no rows in the <code>ResultSet</code>
     * an empty array will be returned.
     *
     * @throws SQLException if a database access error occurs
     * @see org.apache.commons.dbutils.ResultSetHandler#handle(java.sql.ResultSet)
     */"
dbut_114_1,"    @Test
    public void testEmptyResultSet_1_oe() throws Exception {
        when(Boolean.valueOf(rs.next())).thenReturn(Boolean.FALSE);
        bmh = new BeanMapHandler<Long, TestBean>(TestBean.class);
        res = bmh.handle(rs);
        assertNull(res.get(Long.valueOf(23L)));
    }
",BeanMapHandlerTest::testEmptyResultSet_1_oe,org.apache.commons.dbutils.BasicRowProcessor.CaseInsensitiveHashMap,get(Object key),/** {@inheritDoc} */,"@Override
        public Object get(Object key) {
            Object realKey = lowerCaseMap.get(key.toString().toLowerCase(Locale.ENGLISH));
            return super.get(realKey);
        }","@Override
        public Object get(Object key) {
            Object realKey = lowerCaseMap.get(key.toString().toLowerCase(Locale.ENGLISH));
            return super.get(realKey);
        }",/** {@inheritDoc} */
dbut_115_1,"    @Test
    public void testServiceLoaderFindsMultipleRegistries_1_oe() {
        boolean found = false;
        for (PropertyHandler handler : loader) {
            // this class is defined outside of the main classes of dbutils
            if (handler instanceof TestPropertyHandler) {
                found = true;
            }
        }

        assertTrue(found);
    }
",PropertyHandlerTest::testServiceLoaderFindsMultipleRegistries_1_oe,,,,,,
dbut_116_1,"    @Test
    public void testFoundMoreThanLocal_1_oe() {
        int count = 0;
        for (PropertyHandler handler : loader) {
            count++;
        }

        assertTrue(count > 1);
    }
",PropertyHandlerTest::testFoundMoreThanLocal_1_oe,,,,,,
dbut_117_1,"    @Test
    public void testMatch_1_oe() {
        assertTrue(handler.match(java.sql.Date.class, new java.util.Date()));
    }
",DatePropertyHandlerTest::testMatch_1_oe,org.apache.commons.dbutils.ColumnHandler,match(Class<?> propType),"/**
     * Test whether this <code>ColumnHandler</code> wants to handle a column targetted for a value type matching
     * <code>propType</code>.
     *
     * @param propType The type of the target parameter.
     * @return true is this property handler can/wants to handle this value; false otherwise.
     */",boolean match(Class<?> propType);,"@Override
    public boolean match(Class<?> parameter, Object value) {
        if (value instanceof java.util.Date) {
            final String targetType = parameter.getName();
            if (""java.sql.Date"".equals(targetType)) {
                return true;
            } else
            if (""java.sql.Time"".equals(targetType)) {
                return true;
            } else
            if (""java.sql.Timestamp"".equals(targetType)) {
                return true;
            }
        }

        return false;
    }",
dbut_117_2,"    @Test
    public void testMatch_2_oe() {
        // removed other assertion
        assertTrue(handler.match(java.sql.Time.class, new java.util.Date()));
    }
",DatePropertyHandlerTest::testMatch_2_oe,org.apache.commons.dbutils.ColumnHandler,match(Class<?> propType),"/**
     * Test whether this <code>ColumnHandler</code> wants to handle a column targetted for a value type matching
     * <code>propType</code>.
     *
     * @param propType The type of the target parameter.
     * @return true is this property handler can/wants to handle this value; false otherwise.
     */",boolean match(Class<?> propType);,"@Override
    public boolean match(Class<?> parameter, Object value) {
        if (value instanceof java.util.Date) {
            final String targetType = parameter.getName();
            if (""java.sql.Date"".equals(targetType)) {
                return true;
            } else
            if (""java.sql.Time"".equals(targetType)) {
                return true;
            } else
            if (""java.sql.Timestamp"".equals(targetType)) {
                return true;
            }
        }

        return false;
    }",
dbut_117_3,"    @Test
    public void testMatch_3_oe() {
        // removed other assertion
        // removed other assertion
        assertTrue(handler.match(java.sql.Timestamp.class, new java.util.Date()));
    }
",DatePropertyHandlerTest::testMatch_3_oe,org.apache.commons.dbutils.ColumnHandler,match(Class<?> propType),"/**
     * Test whether this <code>ColumnHandler</code> wants to handle a column targetted for a value type matching
     * <code>propType</code>.
     *
     * @param propType The type of the target parameter.
     * @return true is this property handler can/wants to handle this value; false otherwise.
     */",boolean match(Class<?> propType);,"@Override
    public boolean match(Class<?> parameter, Object value) {
        if (value instanceof java.util.Date) {
            final String targetType = parameter.getName();
            if (""java.sql.Date"".equals(targetType)) {
                return true;
            } else
            if (""java.sql.Time"".equals(targetType)) {
                return true;
            } else
            if (""java.sql.Timestamp"".equals(targetType)) {
                return true;
            }
        }

        return false;
    }",
dbut_118_1,"    @Test
    public void testMatchNegative_1_oe() {
        assertFalse(handler.match(Float.class, null));
    }
",DatePropertyHandlerTest::testMatchNegative_1_oe,org.apache.commons.dbutils.ColumnHandler,match(Class<?> propType),"/**
     * Test whether this <code>ColumnHandler</code> wants to handle a column targetted for a value type matching
     * <code>propType</code>.
     *
     * @param propType The type of the target parameter.
     * @return true is this property handler can/wants to handle this value; false otherwise.
     */",boolean match(Class<?> propType);,"@Override
    public boolean match(Class<?> parameter, Object value) {
        if (value instanceof java.util.Date) {
            final String targetType = parameter.getName();
            if (""java.sql.Date"".equals(targetType)) {
                return true;
            } else
            if (""java.sql.Time"".equals(targetType)) {
                return true;
            } else
            if (""java.sql.Timestamp"".equals(targetType)) {
                return true;
            }
        }

        return false;
    }",
dbut_118_2,"    @Test
    public void testMatchNegative_2_oe() {
        // removed other assertion
        assertFalse(handler.match(Float.class, new java.util.Date()));
    }
",DatePropertyHandlerTest::testMatchNegative_2_oe,org.apache.commons.dbutils.ColumnHandler,match(Class<?> propType),"/**
     * Test whether this <code>ColumnHandler</code> wants to handle a column targetted for a value type matching
     * <code>propType</code>.
     *
     * @param propType The type of the target parameter.
     * @return true is this property handler can/wants to handle this value; false otherwise.
     */",boolean match(Class<?> propType);,"@Override
    public boolean match(Class<?> parameter, Object value) {
        if (value instanceof java.util.Date) {
            final String targetType = parameter.getName();
            if (""java.sql.Date"".equals(targetType)) {
                return true;
            } else
            if (""java.sql.Time"".equals(targetType)) {
                return true;
            } else
            if (""java.sql.Timestamp"".equals(targetType)) {
                return true;
            }
        }

        return false;
    }",
dbut_122_1,"    @Test
    public void testMatch_1_oe() {
        assertTrue(handler.match(TestEnum.class, ""test""));
    }
",StringEnumPropertyHandlerTest::testMatch_1_oe,org.apache.commons.dbutils.ColumnHandler,match(Class<?> propType),"/**
     * Test whether this <code>ColumnHandler</code> wants to handle a column targetted for a value type matching
     * <code>propType</code>.
     *
     * @param propType The type of the target parameter.
     * @return true is this property handler can/wants to handle this value; false otherwise.
     */",boolean match(Class<?> propType);,"@Override
    public boolean match(Class<?> parameter, Object value) {
        return value instanceof String && parameter.isEnum();
    }",
dbut_123_1,"    @Test
    public void testMatchNegative_1_oe() {
        assertFalse(handler.match(TestEnum.class, Double.valueOf(1)));
    }
",StringEnumPropertyHandlerTest::testMatchNegative_1_oe,org.apache.commons.dbutils.ColumnHandler,match(Class<?> propType),"/**
     * Test whether this <code>ColumnHandler</code> wants to handle a column targetted for a value type matching
     * <code>propType</code>.
     *
     * @param propType The type of the target parameter.
     * @return true is this property handler can/wants to handle this value; false otherwise.
     */",boolean match(Class<?> propType);,,
dbut_123_2,"    @Test
    public void testMatchNegative_2_oe() {
        // removed other assertion

        assertFalse(handler.match(Integer.class, """"));
    }
",StringEnumPropertyHandlerTest::testMatchNegative_2_oe,org.apache.commons.dbutils.ColumnHandler,match(Class<?> propType),"/**
     * Test whether this <code>ColumnHandler</code> wants to handle a column targetted for a value type matching
     * <code>propType</code>.
     *
     * @param propType The type of the target parameter.
     * @return true is this property handler can/wants to handle this value; false otherwise.
     */",boolean match(Class<?> propType);,"@Override
    public boolean match(Class<?> parameter, Object value) {
        return value instanceof String && parameter.isEnum();
    }",
dbut_128_1,"    @Test
    public void testMatchNegative_1_oe() {
        assertFalse(handler.match(Float.class));
    }
",IntegerColumnHandlerTest::testMatchNegative_1_oe,org.apache.commons.dbutils.ColumnHandler,match(Class<?> propType),"/**
     * Test whether this <code>ColumnHandler</code> wants to handle a column targetted for a value type matching
     * <code>propType</code>.
     *
     * @param propType The type of the target parameter.
     * @return true is this property handler can/wants to handle this value; false otherwise.
     */",boolean match(Class<?> propType);,"@Override
    public boolean match(Class<?> propType) {
        return propType.equals(Integer.TYPE) || propType.equals(Integer.class);
    }",
dbut_133_1,"    @Test
    public void testMatch_1_oe() {
        assertTrue(handler.match(matchingType));
    }
",ColumnHandlerTestBase::testMatch_1_oe,org.apache.commons.dbutils.ColumnHandler,match(Class<?> propType),"/**
     * Test whether this <code>ColumnHandler</code> wants to handle a column targetted for a value type matching
     * <code>propType</code>.
     *
     * @param propType The type of the target parameter.
     * @return true is this property handler can/wants to handle this value; false otherwise.
     */",boolean match(Class<?> propType);,"@Override
    public boolean match(Class<?> parameter, Object value) {
        if (value instanceof java.util.Date) {
            final String targetType = parameter.getName();
            if (""java.sql.Date"".equals(targetType)) {
                return true;
            } else
            if (""java.sql.Time"".equals(targetType)) {
                return true;
            } else
            if (""java.sql.Timestamp"".equals(targetType)) {
                return true;
            }
        }

        return false;
    }",
dbut_134_1,"    @Test
    public void testMatchNegative_1_oe() {
        assertFalse(handler.match(Integer.class));
    }
",ColumnHandlerTestBase::testMatchNegative_1_oe,org.apache.commons.dbutils.ColumnHandler,match(Class<?> propType),"/**
     * Test whether this <code>ColumnHandler</code> wants to handle a column targetted for a value type matching
     * <code>propType</code>.
     *
     * @param propType The type of the target parameter.
     * @return true is this property handler can/wants to handle this value; false otherwise.
     */",boolean match(Class<?> propType);,"@Override
    public boolean match(Class<?> parameter, Object value) {
        if (value instanceof java.util.Date) {
            final String targetType = parameter.getName();
            if (""java.sql.Date"".equals(targetType)) {
                return true;
            } else
            if (""java.sql.Time"".equals(targetType)) {
                return true;
            } else
            if (""java.sql.Timestamp"".equals(targetType)) {
                return true;
            }
        }

        return false;
    }",
dbut_119_1,"    @Test
    public void testApplyTypeOfDate_1_oe() throws Exception {
        assertEquals(java.sql.Date.class, handler.apply(java.sql.Date.class, new java.util.Date()).getClass());
    }
",DatePropertyHandlerTest::testApplyTypeOfDate_1_oe,org.apache.commons.dbutils.ColumnHandler,"apply(ResultSet rs, int columnIndex)","/**
     * Do the work required to retrieve and store a column from <code>ResultSet</code> into something of type
     * <code>propType</code>. This method is called only if this handler responded <code>true</code> after a
     * call to {@link #match(Class)}.
     *
     * @param rs The result set to get data from.  This should be moved to the correct row already.
     * @param columnIndex The position of the column to retrieve.
     * @return The converted value or the original value if something doesn't work out.
     */","Object apply(ResultSet rs, int columnIndex) throws SQLException;","@Override
    public Object apply(Class<?> parameter, Object value) {
        final String targetType = parameter.getName();
        if (""java.sql.Date"".equals(targetType)) {
            value = new java.sql.Date(((java.util.Date) value).getTime());
        } else
        if (""java.sql.Time"".equals(targetType)) {
            value = new java.sql.Time(((java.util.Date) value).getTime());
        } else
        if (""java.sql.Timestamp"".equals(targetType)) {
            Timestamp tsValue = (Timestamp) value;
            int nanos = tsValue.getNanos();
            value = new java.sql.Timestamp(tsValue.getTime());
            ((Timestamp) value).setNanos(nanos);
        }

        return value;
    }",
dbut_120_1,"    @Test
    public void testApplyTypeOfTime_1_oe() throws Exception {
        assertEquals(Time.class, handler.apply(java.sql.Time.class, new java.util.Date()).getClass());
    }
",DatePropertyHandlerTest::testApplyTypeOfTime_1_oe,org.apache.commons.dbutils.ColumnHandler,"apply(ResultSet rs, int columnIndex)","/**
     * Do the work required to retrieve and store a column from <code>ResultSet</code> into something of type
     * <code>propType</code>. This method is called only if this handler responded <code>true</code> after a
     * call to {@link #match(Class)}.
     *
     * @param rs The result set to get data from.  This should be moved to the correct row already.
     * @param columnIndex The position of the column to retrieve.
     * @return The converted value or the original value if something doesn't work out.
     */","Object apply(ResultSet rs, int columnIndex) throws SQLException;","@Override
    public Object apply(Class<?> parameter, Object value) {
        final String targetType = parameter.getName();
        if (""java.sql.Date"".equals(targetType)) {
            value = new java.sql.Date(((java.util.Date) value).getTime());
        } else
        if (""java.sql.Time"".equals(targetType)) {
            value = new java.sql.Time(((java.util.Date) value).getTime());
        } else
        if (""java.sql.Timestamp"".equals(targetType)) {
            Timestamp tsValue = (Timestamp) value;
            int nanos = tsValue.getNanos();
            value = new java.sql.Timestamp(tsValue.getTime());
            ((Timestamp) value).setNanos(nanos);
        }

        return value;
    }",
dbut_121_1,"    @Test
    public void testApplyTypeOfTimestamp_1_oe() throws Exception {
        Timestamp ts = new Timestamp(new java.util.Date().getTime());
        assertEquals(Timestamp.class, handler.apply(java.sql.Timestamp.class, ts).getClass());
    }
",DatePropertyHandlerTest::testApplyTypeOfTimestamp_1_oe,org.apache.commons.dbutils.ColumnHandler,"apply(ResultSet rs, int columnIndex)","/**
     * Do the work required to retrieve and store a column from <code>ResultSet</code> into something of type
     * <code>propType</code>. This method is called only if this handler responded <code>true</code> after a
     * call to {@link #match(Class)}.
     *
     * @param rs The result set to get data from.  This should be moved to the correct row already.
     * @param columnIndex The position of the column to retrieve.
     * @return The converted value or the original value if something doesn't work out.
     */","Object apply(ResultSet rs, int columnIndex) throws SQLException;","@Override
    public Object apply(Class<?> parameter, Object value) {
        final String targetType = parameter.getName();
        if (""java.sql.Date"".equals(targetType)) {
            value = new java.sql.Date(((java.util.Date) value).getTime());
        } else
        if (""java.sql.Time"".equals(targetType)) {
            value = new java.sql.Time(((java.util.Date) value).getTime());
        } else
        if (""java.sql.Timestamp"".equals(targetType)) {
            Timestamp tsValue = (Timestamp) value;
            int nanos = tsValue.getNanos();
            value = new java.sql.Timestamp(tsValue.getTime());
            ((Timestamp) value).setNanos(nanos);
        }

        return value;
    }",
